66,1905,0,15
79,2056,0,298
88,1986,0,97
100,2081,1,75
132,1907,0,132
281,1957,0,5
282,2006,0,292
333,2066,1,274
334,1917,1,348
335,2035,1,88
358,1931,0,60
377,1998,0,41
386,1946,1,324
418,2079,0,15
435,1906,0,103
442,2009,1,315
463,2083,1,43
465,1994,1,305
483,1965,0,279
487,2069,0,40
542,1911,0,248
550,2088,0,38
589,2021,0,129
592,1922,1,321
593,1979,1,324
592,1949,1,323
652,2002,0,192
672,1964,1,64
688,2029,0,235
699,2080,0,20
699,1982,1,313
733,1991,0,222
747,2033,0,223
804,1951,1,31
808,1997,0,127
842,1967,0,5
840,2063,0,191
866,2025,0,310
930,2010,0,234
939,1909,1,57
956,1971,0,1
1010,2022,0,235
1017,1953,1,46
1056,1954,0,298
1070,1925,1,62
1108,1905,0,181
1968,1908,0,359
98,2202,0,208
213,2196,0,116
404,2176,0,328
526,2118,0,21
536,2137,1,6
571,2167,0,53
611,2145,0,314
668,2189,0,130
804,2192,0,54
75,2398,1,41
667,2328,0,277
2448,2517,0,52
97,211,0,298
458,196,0,93
745,241,0,183
869,247,0,43
1338,142,0,50
2517,217,0,265
235,384,0,279
261,358,1,74
300,356,0,94
338,398,1,315
356,439,0,342
355,403,0,163
375,368,0,359
399,417,0,56
445,337,0,194
458,417,0,125
487,386,0,307
501,335,1,84
505,261,0,58
527,382,1,48
546,420,0,311
580,363,0,290
602,343,1,310
614,323,0,323
632,384,1,50
691,308,0,147
690,388,0,220
691,441,0,244
714,366,1,301
752,421,0,266
770,295,0,106
785,355,0,176
792,423,0,260
791,383,1,30
817,275,0,71
819,400,1,276
844,429,0,265
860,317,0,13
865,385,0,338
874,433,1,47
933,426,0,330
998,415,1,82
1007,445,0,52
1161,452,1,357
1634,446,0,19
1827,452,0,316
2198,419,0,354
103,486,0,10
146,521,0,231
161,604,0,143
195,587,0,326
200,493,0,261
207,653,1,40
223,548,0,356
234,610,1,273
242,513,0,216
255,621,0,253
273,532,0,277
299,665,0,6
303,463,0,319
307,624,0,149
314,565,0,343
317,592,0,181
313,506,1,307
342,491,1,82
342,551,1,72
363,601,0,269
365,476,1,51
394,527,0,342
395,491,1,307
394,554,1,271
412,643,0,124
456,608,0,1
469,468,0,202
474,650,0,2
475,521,0,24
536,637,0,305
532,527,0,79
578,629,0,129
594,522,0,329
631,599,0,41
654,650,0,350
658,552,1,322
657,524,1,295
686,506,1,290
701,639,0,143
720,521,0,236
723,599,0,110
754,536,0,46
764,612,0,272
792,477,1,22
811,618,0,21
816,552,1,342
818,463,1,21
831,500,0,194
837,662,0,291
843,585,0,330
909,483,0,243
929,619,0,99
931,545,0,109
951,509,1,288
974,617,1,323
979,575,0,293
1004,570,1,294
1031,530,0,35
1086,535,0,86
1107,572,1,43
1148,479,0,358
1150,521,0,352
1196,645,0,55
1248,565,0,4
1259,474,0,330
1264,509,0,11
1310,665,0,344
1493,643,1,18
1626,630,1,5
1650,564,0,95
1682,656,0,316
1687,619,0,139
1766,611,0,328
1810,565,0,357
1829,629,0,103
1876,497,0,36
1912,618,0,118
1927,545,0,353
1986,605,0,142
2127,618,0,226
98,1432,0,352
100,1367,0,199
103,1478,0,359
127,1307,0,286
154,1410,0,347
183,1311,0,9
186,1468,0,317
211,1422,0,201
218,1360,0,353
246,1457,0,354
264,1358,0,15
272,1418,0,5
274,1295,0,207
329,1318,0,2
338,1409,0,74
387,1409,1,332
390,1436,1,333
395,1332,0,59
406,1393,0,146
413,1490,0,344
423,1463,0,293
438,1364,0,323
452,1469,0,142
477,1315,0,35
493,1431,0,359
510,1336,0,67
542,1350,0,264
578,1349,0,92
600,1299,0,71
604,1403,0,240
623,1455,1,284
633,1343,0,333
642,1289,0,32
646,1449,0,105
654,1400,0,235
685,1305,0,32
688,1389,0,339
715,1471,0,94
732,1332,1,349
732,1451,1,304
758,1378,1,324
765,1312,0,303
782,1454,1,16
809,1378,1,297
849,1339,0,320
857,1453,0,145
879,1292,0,62
909,1424,0,2
912,1471,1,26
913,1319,1,289
982,1295,0,227
1006,1443,0,320
1021,1347,0,142
1045,1367,1,15
1094,1491,0,33
1110,1294,0,100
1109,1405,0,259
1176,1462,0,352
1197,1375,0,15
1198,1323,0,56
1251,1321,0,2
1255,1358,0,319
1276,1376,0,196
1266,1433,0,294
1294,1416,0,274
1293,1491,0,96
1300,1301,0,335
1302,1357,0,285
1329,1432,0,99
1353,1365,0,315
1355,1477,0,215
1354,1324,1,301
1354,1415,1,284
1385,1440,0,356
1391,1296,0,22
1389,1332,0,199
1424,1311,0,222
1434,1471,0,224
1443,1407,0,351
1442,1343,0,246
1479,1370,1,22
1505,1313,0,259
1509,1440,0,8
1551,1481,0,350
1585,1460,1,330
1615,1326,1,76
1630,1360,0,267
1687,1430,0,187
1684,1350,0,114
1729,1323,0,197
1749,1462,0,342
1776,1425,0,359
1777,1470,0,176
1786,1294,0,125
1806,1377,0,345
1825,1329,1,317
1856,1330,0,5
1870,1287,0,191
1871,1380,0,81
1887,1483,0,131
1916,1408,0,283
1941,1293,0,189
1935,1350,0,249
1964,1410,0,247
1978,1459,0,4
2003,1319,0,58
2011,1416,0,17
2017,1379,0,347
2036,1474,0,21
2058,1416,0,26
2067,1354,0,145
2082,1479,0,92
2118,1298,0,13
2123,1436,0,348
2123,1389,0,158
2138,1472,0,14
2136,1350,0,296
2187,1334,0,2
2181,1395,0,285
2189,1469,0,84
2223,1377,0,307
2243,1489,0,349
2245,1426,0,344
2254,1462,0,0
2272,1301,0,338
2318,1435,0,359
2329,1393,0,3
2372,1295,0,205
2398,1325,0,77
2460,1306,0,12
2469,1475,0,257
76,1527,1,280
103,1544,0,237
140,1679,0,121
145,1564,0,273
182,1613,1,29
190,1535,0,341
191,1574,0,143
213,1664,0,331
237,1505,0,357
234,1639,0,306
260,1605,0,146
259,1630,1,306
271,1565,0,293
287,1644,0,353
281,1697,0,263
307,1539,0,284
313,1690,1,305
342,1600,0,251
353,1656,0,12
348,1499,0,40
364,1533,0,8
382,1592,0,281
416,1556,0,50
423,1606,0,245
438,1669,0,203
459,1518,0,23
468,1559,0,79
479,1630,0,342
489,1689,0,253
494,1588,1,81
534,1578,0,3
544,1528,1,329
555,1635,0,31
553,1697,0,135
570,1544,1,290
596,1498,1,351
606,1652,0,53
632,1545,0,59
647,1690,0,78
648,1620,1,280
719,1511,0,163
742,1597,0,26
763,1667,0,180
756,1500,1,21
781,1517,1,17
785,1627,0,269
807,1501,0,31
808,1677,0,63
859,1621,1,283
872,1691,0,344
874,1691,0,346
884,1637,1,308
920,1612,0,243
936,1548,1,338
988,1668,1,290
1018,1692,0,217
1013,1595,1,80
1016,1504,1,31
1031,1571,0,133
1040,1640,1,358
1072,1551,0,144
1072,1615,0,191
1094,1668,1,68
1128,1508,0,203
1124,1656,1,35
1143,1557,0,214
1167,1629,0,354
1188,1585,0,11
1210,1510,0,344
1234,1675,0,104
1257,1497,0,173
1289,1534,0,257
1292,1610,0,95
1308,1658,0,317
1326,1601,0,269
1352,1624,1,272
1352,1682,1,318
1356,1505,1,31
1367,1587,0,131
1387,1542,0,337
1395,1684,1,288
1433,1616,0,353
1459,1545,0,257
1490,1494,0,322
1509,1564,0,195
1505,1685,1,314
1619,1507,0,207
1685,1667,0,214
1698,1516,1,5
1721,1493,0,117
1714,1571,0,260
1751,1605,0,94
1758,1545,0,154
1762,1679,0,93
1780,1644,0,297
1804,1556,0,359
1802,1508,0,255
1808,1646,0,328
1838,1684,0,1
1834,1559,0,268
1854,1522,0,139
1866,1584,0,257
1901,1546,0,163
1930,1552,0,347
1984,1546,0,321
1997,1504,0,338
2041,1557,0,256
2080,1562,0,260
2132,1532,0,230
2142,1570,0,23
2173,1595,0,207
2224,1519,0,144
2230,1548,0,338
2235,1691,0,13
2231,1603,0,65
2300,1582,0,13
2313,1540,0,24
2357,1496,0,145
2370,1554,0,30
89,1845,0,175
98,1787,0,95
126,1765,1,15
149,1845,0,81
178,1887,0,284
182,1827,1,305
200,1792,0,25
216,1755,0,355
214,1861,0,259
235,1727,0,229
247,1795,0,231
260,1874,0,320
281,1700,0,265
302,1784,0,266
305,1862,0,234
312,1722,1,67
336,1740,1,351
336,1859,1,48
361,1713,0,28
363,1824,0,334
375,1866,0,199
382,1794,0,149
434,1770,0,9
456,1850,0,34
466,1875,1,48
519,1809,0,300
514,1843,1,26
552,1742,0,340
554,1699,0,137
596,1891,0,307
609,1717,0,108
619,1877,1,347
642,1827,0,117
648,1780,0,130
672,1757,0,327
689,1728,0,97
695,1802,1,321
699,1892,1,8
700,1771,1,297
717,1819,0,273
752,1708,0,334
753,1743,1,78
778,1846,1,285
779,1817,1,302
822,1820,0,16
832,1728,1,1
851,1902,0,77
872,1746,0,309
885,1875,1,308
894,1847,0,163
906,1899,0,30
919,1817,0,344
934,1744,0,148
959,1894,1,37
963,1804,1,313
989,1844,0,25
1026,1779,0,49
1095,1822,0,19
1111,1852,0,11
1145,1765,0,248
1149,1700,1,315
1175,1780,1,286
1218,1738,0,359
1216,1854,0,276
1275,1805,0,333
1291,1764,0,90
1395,1862,1,73
1411,1759,0,41
1418,1715,0,7
1421,1848,1,270
1501,1722,0,119
1548,1749,0,218
1565,1704,0,45
1569,1879,0,6
1708,1714,0,6
1805,1741,0,297
1907,1781,0,319
2043,1720,0,325
2068,1810,0,356
2127,1746,0,341
104,809,0,74
154,751,0,71
176,790,1,56
179,763,1,337
184,818,0,44
201,776,0,343
202,748,1,334
208,870,0,13
205,718,1,354
205,842,1,40
206,690,1,275
233,702,1,89
257,767,0,275
259,812,1,7
260,719,1,314
289,795,1,66
309,717,0,145
311,811,1,20
336,844,0,150
350,674,0,338
358,729,0,131
366,811,1,0
401,717,0,335
405,818,0,26
408,680,0,331
410,777,0,232
464,828,0,32
469,763,0,255
482,684,0,359
493,851,0,217
495,720,0,358
524,810,0,62
548,855,0,306
563,757,0,285
604,796,1,36
634,722,0,331
638,815,0,35
662,694,0,335
685,788,0,318
719,866,0,87
735,752,1,325
763,705,1,1
767,738,0,148
760,829,1,19
760,859,1,32
800,839,0,94
840,780,0,329
839,693,1,296
840,846,1,303
865,859,1,35
887,871,0,240
891,813,1,288
897,687,0,52
923,677,1,342
939,764,0,82
965,713,0,311
971,800,0,232
1009,781,0,253
1020,739,0,62
1051,815,1,305
1051,756,1,357
1052,789,1,315
1104,724,1,299
1105,817,1,68
1149,805,0,237
1160,755,1,56
1210,729,0,341
1220,789,0,198
1257,817,0,2
1264,719,0,20
1263,672,0,92
1310,765,0,2
1326,716,0,24
1328,815,0,280
1360,749,1,326
1387,751,0,63
1402,835,0,332
1434,756,0,62
1434,705,1,280
1433,856,1,5
1476,689,0,46
1489,856,1,334
1490,736,1,306
1510,716,0,342
1515,810,1,8
1521,845,0,148
1545,704,1,338
1555,780,0,2
1565,842,1,313
1568,749,1,333
1593,723,0,101
1599,855,0,29
1611,801,0,194
1635,702,0,82
1651,770,0,159
1650,738,1,60
1657,837,0,105
1677,752,1,347
1677,693,1,276
1689,825,0,301
1691,760,0,326
1730,753,1,356
1737,782,0,345
1751,873,0,68
1755,680,1,288
1771,745,0,128
1800,704,0,140
1819,674,0,318
1830,757,1,48
1833,864,0,109
1857,782,0,351
1881,670,0,3
1889,739,0,173
1906,774,1,83
1910,687,1,44
1925,823,0,7
1930,790,1,86
1967,674,0,342
1965,776,0,125
2001,747,0,352
1996,843,0,280
2001,778,1,19
2032,803,0,315
2042,670,0,302
2067,855,0,348
2096,795,0,52
2142,835,0,4
2148,784,0,102
2249,842,0,39
2339,754,0,100
92,1008,0,39
129,1063,0,43
143,882,0,71
153,998,0,305
178,1037,1,88
186,919,0,57
204,977,0,165
217,935,0,331
223,1068,0,76
232,1005,1,49
233,915,1,31
261,990,1,304
272,1073,0,35
285,957,0,9
288,1019,0,350
287,985,0,47
308,906,0,206
336,887,0,159
347,1058,0,342
393,1038,1,281
420,941,0,78
451,1027,0,93
491,942,0,30
511,892,0,184
523,993,1,12
543,1028,0,273
592,979,0,114
599,1072,1,74
631,958,0,260
655,1029,0,194
681,934,1,46
718,1050,0,83
735,967,1,315
743,932,0,77
760,1044,1,27
762,1012,1,34
780,960,0,115
785,876,1,283
787,1029,1,30
811,1043,1,43
814,921,1,35
840,937,1,90
879,975,0,250
891,1029,1,355
917,1013,1,325
942,1039,0,5
943,938,1,42
943,969,1,49
961,894,0,216
977,988,0,3
995,946,0,135
1039,876,0,346
1047,1060,1,17
1047,969,1,315
1056,914,0,184
1095,981,0,121
1117,920,0,319
1138,1070,0,107
1155,971,1,309
1155,1031,1,24
1167,889,0,37
1205,986,0,195
1241,913,0,307
1243,1003,0,236
1250,957,0,214
1260,1049,0,350
1325,999,0,282
1378,954,0,198
1384,992,0,31
1381,1067,1,0
1399,1037,0,7
1432,1004,0,15
1437,920,0,309
1457,962,1,39
1483,975,1,352
1488,947,0,347
1487,1063,0,304
1508,989,1,323
1525,882,0,334
1525,1043,0,320
1538,922,0,0
1537,946,1,354
1538,977,1,78
1605,1010,0,139
1617,902,1,346
1618,874,1,50
1645,941,0,42
1649,1065,0,119
1691,896,0,272
1698,1003,0,102
1707,1073,0,145
1712,951,0,78
1730,1052,0,51
1752,875,0,83
1758,1016,0,341
1756,960,0,275
1756,1075,0,69
1807,956,0,26
1809,891,1,350
1807,1037,0,99
1813,1067,0,14
1821,917,0,349
1844,988,0,23
1854,895,1,64
1871,1030,0,83
1897,940,0,153
1902,874,0,0
1914,911,0,50
1928,1027,1,45
1953,1002,0,41
1958,959,0,341
1969,879,0,133
1973,927,0,200
2088,907,0,354
2079,975,1,90
2111,977,0,1
2112,1033,0,74
2151,1060,0,10
2181,933,0,2
2180,1026,0,347
2201,969,0,18
2245,1020,0,57
2274,897,0,354
2285,931,0,351
2286,1032,0,67
2334,965,0,24
2400,1029,0,75
2464,993,0,189
2472,879,0,0
89,1253,0,266
124,1157,0,237
132,1236,0,259
139,1088,0,198
145,1125,0,197
151,1147,1,19
179,1199,0,153
182,1094,0,0
179,1257,0,126
193,1170,0,140
207,1235,0,345
205,1113,1,10
229,1130,0,26
226,1279,0,316
233,1253,1,270
243,1204,0,216
251,1160,0,58
273,1259,0,21
276,1102,0,352
288,1223,0,9
296,1154,0,28
315,1190,0,335
339,1126,0,350
335,1260,0,60
342,1091,0,161
379,1176,0,103
386,1284,0,11
397,1109,0,87
411,1195,0,265
430,1132,0,59
442,1257,0,104
447,1196,0,300
466,1170,0,358
471,1208,1,75
473,1239,1,345
478,1092,0,358
496,1132,1,320
545,1167,0,222
548,1129,1,324
576,1232,0,89
652,1225,1,23
692,1136,0,202
695,1185,0,18
705,1255,1,84
735,1149,1,16
761,1097,0,181
760,1134,1,87
777,1230,0,357
788,1173,0,173
788,1148,1,353
813,1198,1,67
832,1135,0,163
866,1094,0,0
864,1177,0,62
862,1259,1,349
876,1237,0,320
892,1120,1,27
897,1211,0,286
942,1122,1,359
948,1163,0,67
972,1212,0,246
995,1123,1,338
1015,1231,1,342
1044,1225,0,132
1047,1275,0,150
1078,1191,0,334
1098,1153,1,312
1150,1156,1,304
1152,1249,0,94
1179,1140,0,36
1203,1178,0,355
1215,1213,0,354
1226,1098,0,114
1242,1254,0,17
1246,1145,0,357
1307,1168,0,13
1300,1122,0,91
1299,1273,1,352
1300,1089,0,285
1314,1246,0,172
1343,1104,0,246
1358,1264,1,53
1371,1189,0,325
1387,1094,0,38
1393,1151,0,119
1417,1257,0,359
1426,1213,0,2
1446,1101,0,16
1473,1147,0,49
1481,1249,1,14
1487,1225,0,10
1493,1194,0,0
1509,1171,1,341
1570,1187,0,350
1577,1152,0,148
1573,1273,0,251
1579,1224,0,17
1615,1235,0,319
1630,1140,0,75
1667,1214,0,7
1686,1181,0,158
1691,1116,0,347
1704,1267,0,156
1725,1209,1,299
1755,1231,0,89
1774,1147,0,326
1794,1118,0,112
1804,1196,1,13
1812,1263,0,107
1821,1172,0,196
1833,1118,0,298
1850,1218,0,253
1893,1170,0,130
1910,1228,0,344
1950,1094,0,284
1988,1257,0,142
2006,1210,0,52
2050,1156,0,311
2053,1247,0,201
2069,1100,0,24
2088,1143,0,343
2127,1248,0,132
2162,1220,0,165
2179,1112,0,156
2174,1284,0,278
2195,1171,0,217
2203,1283,0,283
2221,1093,0,319
2240,1233,0,356
2244,1156,0,97
2283,1163,0,81
2298,1247,0,200
2337,1140,0,12
2340,1174,0,358
2343,1103,0,338
2376,1228,0,163
2386,1163,0,350
2389,1258,0,204
2415,1208,0,5
2430,1151,0,97
