80,2056,0,302
96,2021,0,135
101,2081,1,355
127,2035,1,0
163,1998,0,79
290,1956,0,6
281,2003,0,275
333,2066,1,272
335,2035,1,305
335,1978,1,0
335,2008,1,1
353,1996,0,213
363,1928,0,60
386,1946,1,315
388,2006,1,323
417,2080,0,23
417,1909,0,123
421,1938,0,230
442,2008,0,348
464,2082,1,24
485,1991,0,339
498,1941,0,34
548,2090,0,34
549,1961,0,112
594,1922,1,275
618,1993,0,210
622,1957,0,18
660,2004,0,202
672,1964,1,305
705,2079,0,17
700,1982,1,323
725,2003,0,47
764,1932,0,51
764,2035,0,106
773,1981,0,358
780,2091,0,26
799,1953,1,315
813,2012,0,14
813,1933,0,294
838,2064,0,340
867,2024,0,317
931,2008,0,235
937,1908,1,40
1018,1953,1,342
1033,1928,0,284
1130,1976,0,101
1385,1913,0,348
1838,1924,0,67
101,2199,0,210
215,2192,0,103
403,2169,0,328
451,2112,0,350
528,2119,0,11
535,2138,1,355
565,2294,1,81
576,2186,0,311
587,2297,0,355
617,2135,0,343
654,2174,0,239
803,2192,0,59
76,2398,1,17
2449,2517,0,54
104,204,0,316
463,188,0,13
869,247,0,43
968,171,0,172
2517,217,0,265
190,315,0,255
213,380,0,213
223,451,0,261
262,356,1,46
283,400,0,58
310,459,0,345
325,352,0,167
338,398,1,323
346,442,0,337
369,384,1,47
395,452,0,107
401,416,0,15
448,427,1,335
468,294,0,11
483,452,0,210
502,260,0,50
500,335,1,70
525,383,1,66
547,398,0,253
553,369,1,307
556,458,1,359
566,425,0,209
600,449,0,353
600,406,0,339
611,323,0,353
633,385,1,57
687,300,0,339
686,444,1,50
700,386,0,214
741,352,1,29
755,397,0,219
772,293,0,118
785,353,0,354
788,416,0,234
816,287,0,75
823,448,0,10
861,313,0,19
864,385,0,338
870,279,1,53
872,429,1,45
879,454,0,33
918,361,0,327
992,363,0,23
992,442,0,38
1162,452,1,282
1634,447,0,20
1828,453,0,314
2191,401,0,66
2440,311,0,138
105,489,0,176
157,602,0,313
205,655,0,36
209,589,0,45
222,548,0,357
239,621,0,20
240,514,0,19
268,481,0,306
275,542,0,254
307,623,0,35
314,565,0,356
313,505,1,271
343,582,1,270
354,665,0,326
356,546,0,313
368,512,0,311
383,620,0,324
435,565,0,2
434,520,0,319
453,592,0,3
447,491,1,302
456,623,0,334
473,658,1,342
476,536,1,81
484,500,0,304
487,633,0,353
539,555,0,357
541,584,0,2
562,484,0,177
579,657,1,42
618,593,0,306
657,552,1,73
658,523,1,79
677,577,0,253
687,627,0,213
685,506,1,30
692,662,0,37
735,537,0,309
738,587,0,148
757,504,0,328
792,477,1,27
811,621,0,7
816,554,1,332
820,467,1,21
822,667,0,265
844,571,1,33
853,527,0,136
868,615,1,84
906,505,0,125
910,639,0,148
924,528,1,8
944,569,0,10
951,510,1,315
949,539,1,300
975,616,1,316
976,554,1,73
1002,571,1,17
1018,521,0,356
1043,469,0,247
1078,544,0,75
1106,510,1,308
1107,571,1,290
1148,478,0,358
1149,522,0,354
1211,645,0,84
1214,573,1,334
1245,566,0,12
1260,473,0,348
1265,510,0,18
1493,644,1,357
1575,571,0,357
1625,630,1,8
1651,567,0,75
1680,601,1,288
1711,624,0,65
1757,621,1,288
1785,584,0,208
1794,650,0,52
1803,538,0,355
1845,597,0,2
1869,644,0,20
1875,497,0,35
1927,545,0,354
1960,620,0,43
88,1396,0,24
101,1434,0,0
128,1343,0,290
180,1382,0,110
183,1310,1,67
199,1472,0,348
216,1363,0,330
223,1318,0,36
232,1451,0,331
236,1412,0,170
268,1359,0,52
276,1302,0,55
285,1464,1,90
287,1416,0,272
312,1322,0,258
343,1438,0,53
356,1351,0,279
388,1406,1,64
388,1437,1,353
398,1464,0,353
391,1345,1,45
409,1312,0,352
413,1372,0,15
426,1411,0,24
426,1444,0,183
467,1451,1,342
475,1321,0,40
491,1353,0,24
491,1430,0,4
506,1459,0,46
522,1331,1,332
532,1304,0,135
549,1481,0,100
579,1425,0,170
591,1302,0,87
599,1368,0,9
598,1344,1,346
624,1455,1,286
635,1303,0,49
663,1382,0,158
660,1438,0,181
667,1417,0,179
673,1420,0,170
692,1309,0,11
695,1360,0,184
693,1336,0,182
717,1467,0,123
731,1383,0,196
731,1450,1,302
734,1333,1,20
783,1407,0,357
782,1454,1,337
809,1379,1,278
824,1332,0,209
835,1363,1,335
861,1299,0,328
867,1476,0,255
887,1426,1,325
912,1318,1,305
912,1470,1,8
920,1381,0,326
929,1437,0,123
968,1291,0,61
1004,1438,0,329
1078,1466,0,345
1070,1321,1,57
1088,1396,0,134
1116,1335,0,315
1122,1376,0,341
1167,1299,0,12
1183,1375,0,63
1211,1394,0,252
1243,1411,0,268
1263,1291,0,226
1274,1448,0,31
1309,1353,0,8
1323,1310,0,36
1329,1380,0,16
1354,1325,1,50
1353,1414,1,78
1368,1480,0,349
1393,1298,0,22
1425,1311,0,226
1423,1400,1,303
1431,1452,0,112
1455,1420,0,161
1466,1395,0,351
1477,1369,0,15
1483,1337,0,351
1496,1290,0,24
1503,1442,0,132
1546,1325,0,151
1585,1460,1,60
1612,1387,1,278
1624,1325,0,21
1637,1404,0,325
1665,1445,1,27
1694,1354,0,333
1691,1421,0,57
1698,1480,0,265
1753,1319,0,122
1754,1470,0,318
1781,1446,0,342
1800,1321,0,94
1816,1413,0,131
1818,1478,0,215
1844,1287,0,51
1869,1362,0,239
1874,1446,0,173
1881,1488,0,114
1902,1296,0,147
1919,1461,1,299
1928,1375,0,53
1935,1435,0,327
1937,1472,0,323
1951,1301,0,137
1965,1419,0,328
1985,1459,0,323
1993,1347,0,12
2004,1400,0,352
2062,1457,0,66
2069,1318,0,323
2081,1388,0,327
2148,1403,0,298
2161,1311,0,4
2189,1468,0,270
2216,1369,0,335
2233,1293,0,314
2252,1465,0,9
2255,1422,0,331
2276,1357,0,319
2298,1331,0,303
2356,1329,0,181
2385,1419,0,200
2407,1287,0,216
2420,1378,0,335
2423,1448,0,243
2448,1301,0,53
2467,1446,0,220
75,1526,1,49
103,1540,0,244
139,1681,0,124
164,1657,0,102
185,1509,0,344
181,1615,1,324
213,1665,0,323
222,1600,0,143
233,1524,1,17
232,1579,1,315
244,1650,0,323
261,1630,1,68
265,1511,0,110
284,1643,0,333
285,1599,0,349
304,1678,0,5
312,1498,0,196
312,1569,1,334
320,1626,0,20
360,1575,0,187
363,1526,0,37
363,1661,1,296
397,1669,0,130
424,1601,0,257
442,1661,0,264
460,1503,0,230
465,1562,0,76
483,1620,0,312
500,1689,0,10
523,1579,0,12
559,1536,0,328
557,1646,0,229
596,1498,1,13
620,1637,1,43
641,1526,0,348
641,1598,0,55
718,1511,0,163
715,1691,0,328
756,1499,1,19
779,1542,0,46
784,1618,0,259
817,1648,0,250
859,1620,1,75
883,1637,1,333
905,1604,0,290
936,1549,1,20
989,1635,0,201
989,1668,1,82
1013,1595,1,60
1016,1503,1,33
1038,1609,1,84
1044,1640,1,318
1042,1550,1,52
1043,1519,1,47
1065,1625,0,316
1094,1668,1,355
1107,1677,0,321
1117,1631,0,317
1132,1497,0,18
1140,1599,0,124
1183,1656,0,95
1202,1610,0,338
1211,1497,0,218
1238,1638,0,195
1245,1687,0,26
1289,1646,0,259
1300,1508,0,288
1311,1573,0,4
1319,1623,0,2
1352,1683,1,298
1356,1504,1,336
1384,1551,0,342
1395,1684,1,281
1421,1636,0,350
1450,1606,0,348
1482,1693,0,275
1510,1563,0,194
1519,1640,0,4
1530,1697,0,275
1557,1495,0,267
1578,1544,0,76
1622,1524,0,240
1722,1498,0,88
1744,1612,0,209
1754,1537,0,308
1777,1639,0,298
1799,1552,0,344
1812,1641,0,0
1837,1683,0,1
1852,1524,0,144
1865,1582,0,259
1918,1520,0,196
1930,1552,0,354
1961,1599,0,50
1996,1526,0,357
2018,1499,0,350
2028,1576,0,291
2071,1522,0,62
2088,1569,0,258
2119,1530,0,117
2152,1576,0,51
2231,1508,0,27
2230,1600,0,70
2262,1525,0,223
2280,1593,0,338
2301,1557,0,314
2366,1547,0,45
72,1869,0,354
97,1788,0,72
110,1850,0,345
130,1764,1,299
169,1780,0,1
181,1826,1,301
195,1751,0,334
182,1855,1,333
192,1883,0,298
209,1708,0,356
231,1737,1,87
238,1801,0,214
258,1881,0,150
279,1733,0,231
296,1838,0,321
324,1902,0,209
330,1726,0,241
338,1858,1,343
347,1798,0,8
359,1834,0,356
414,1748,0,67
437,1884,0,279
444,1770,0,222
453,1835,0,154
488,1795,0,15
487,1877,0,63
500,1739,1,295
525,1762,0,316
542,1707,1,282
574,1835,0,334
584,1713,0,14
591,1886,0,91
620,1876,1,3
625,1757,0,103
641,1836,0,334
699,1802,1,344
699,1892,1,19
719,1850,0,144
728,1784,0,306
749,1868,1,333
753,1743,1,52
778,1846,1,67
779,1817,1,7
792,1781,0,141
804,1893,1,58
832,1728,1,316
884,1876,1,283
888,1770,0,64
921,1805,0,112
924,1738,0,115
935,1759,1,72
960,1894,1,79
963,1805,1,302
981,1714,0,133
988,1902,0,115
997,1764,0,319
1016,1745,1,0
1055,1845,0,64
1100,1790,0,109
1111,1853,0,9
1149,1700,1,315
1170,1814,0,265
1177,1735,0,259
1228,1737,0,201
1244,1787,0,342
1288,1742,0,269
1290,1831,0,86
1342,1862,0,140
1341,1737,0,223
1396,1862,1,283
1415,1785,0,265
1421,1849,1,272
1551,1755,0,232
1569,1879,0,6
1623,1720,0,321
1746,1726,0,16
1830,1833,0,136
1906,1781,0,318
2043,1720,0,326
2067,1810,0,356
2127,1744,0,340
2229,1700,0,17
115,764,0,267
159,691,0,235
175,790,1,283
178,762,1,65
184,817,0,38
202,776,0,340
208,870,0,4
204,748,1,298
203,690,1,335
205,717,1,70
205,842,1,38
232,704,1,12
247,682,0,348
259,811,1,271
270,767,0,201
284,731,0,15
287,795,1,271
292,678,0,304
312,812,1,32
324,758,0,52
327,858,0,205
347,819,0,211
358,786,0,18
368,811,1,48
389,750,0,357
391,833,0,84
401,711,0,348
437,838,0,17
453,717,0,257
470,763,0,255
499,735,1,349
499,858,1,304
512,686,0,325
513,827,0,5
536,797,1,6
548,772,0,347
575,848,0,25
579,781,1,90
630,710,0,78
672,733,0,240
682,872,1,329
736,752,1,346
758,716,0,2
758,832,0,343
760,859,1,37
823,668,0,268
839,847,1,330
850,827,0,149
850,738,0,254
865,861,1,325
891,813,1,284
896,690,0,53
919,769,1,80
960,716,0,289
972,803,0,233
1024,740,0,54
1025,707,1,32
1035,855,0,3
1051,756,1,353
1051,815,1,310
1052,788,1,322
1095,771,0,299
1105,725,1,311
1119,865,0,322
1160,755,1,36
1206,708,0,3
1218,778,0,213
1259,823,0,352
1253,858,0,347
1266,728,0,9
1270,675,0,124
1300,800,0,152
1314,765,0,1
1309,736,1,322
1326,717,0,330
1327,855,0,222
1362,750,1,325
1386,757,0,56
1393,813,0,202
1432,855,1,311
1435,705,1,283
1487,762,0,350
1490,857,1,331
1490,736,1,311
1515,687,0,231
1515,810,1,6
1524,845,0,148
1544,705,1,22
1565,841,1,81
1568,749,1,334
1599,855,0,36
1597,705,1,329
1635,792,0,109
1643,700,0,71
1649,738,1,5
1677,754,1,334
1678,693,1,69
1700,814,0,336
1723,674,0,233
1729,754,1,5
1751,799,1,307
1755,681,1,81
1802,770,0,135
1807,855,0,350
1812,685,0,211
1820,822,0,176
1832,724,0,81
1830,761,1,0
1858,798,0,109
1864,748,0,160
1890,713,0,100
1903,793,0,302
1903,857,0,59
1912,868,0,190
1910,683,1,319
1952,756,0,359
1965,675,0,340
1967,819,0,339
2006,728,0,7
2038,686,0,68
2046,804,0,354
2064,855,0,358
2065,710,0,245
2130,798,0,145
2139,841,0,10
2249,842,0,40
2445,851,0,170
98,978,0,168
128,1064,0,50
143,881,0,72
156,995,0,320
178,1037,1,279
185,951,0,138
215,929,0,169
207,901,1,61
232,1007,0,85
239,945,1,56
261,991,1,287
275,1073,0,330
284,1021,0,353
293,912,1,29
309,954,0,15
337,1061,0,354
341,904,0,160
362,874,0,357
399,1051,0,220
418,959,0,101
424,928,0,30
468,1034,0,92
480,950,0,298
527,1021,0,345
523,992,1,313
577,874,1,355
620,940,0,197
618,898,0,336
628,966,1,43
645,1034,0,174
663,883,0,141
718,882,0,302
740,1045,0,198
763,1013,1,26
780,960,0,116
787,876,1,67
812,921,1,330
822,1054,0,105
837,912,0,113
865,1051,0,87
870,960,0,74
892,1029,1,293
916,1013,1,353
922,950,0,258
945,969,1,78
996,907,0,206
1002,981,0,248
1052,937,0,156
1047,989,0,53
1047,1060,1,4
1083,890,0,0
1120,996,0,146
1129,1076,1,282
1155,970,1,319
1196,1078,0,144
1218,992,0,258
1260,1046,0,343
1315,974,0,293
1378,1010,0,21
1376,876,0,228
1383,1063,1,4
1407,977,0,153
1408,1031,0,16
1417,918,0,12
1431,943,0,8
1448,1068,0,29
1458,894,0,145
1457,963,1,26
1484,975,1,340
1488,947,0,347
1489,1034,0,128
1494,883,0,187
1501,923,0,313
1509,989,1,289
1527,882,0,162
1538,946,1,311
1538,977,1,80
1617,902,1,345
1618,874,1,61
1616,963,1,0
1630,939,0,60
1706,1002,0,35
1709,961,0,356
1728,1054,0,48
1750,1021,0,9
1756,921,0,149
1773,892,0,147
1771,983,0,118
1788,1065,0,5
1806,1037,0,299
1810,891,1,331
1823,949,0,94
1824,915,0,180
1841,993,0,192
1846,1061,0,55
1873,907,0,114
1895,967,0,329
1913,911,0,70
1944,928,0,233
1953,1061,0,30
1958,955,0,333
1995,931,0,109
2011,1042,0,46
2042,1002,0,329
2086,906,0,354
2101,1044,0,130
2108,968,0,354
2110,968,0,356
2159,1049,0,345
2182,932,0,359
2200,980,0,14
2238,1047,0,65
2252,894,1,40
2281,887,0,2
2287,930,0,339
2333,966,0,13
2389,1041,0,31
2408,962,0,153
2462,997,0,187
2470,879,0,345
66,1158,0,347
91,1245,0,280
125,1158,0,233
138,1088,0,186
149,1110,0,237
151,1144,1,32
163,1190,0,238
184,1096,0,3
178,1220,1,273
178,1157,1,46
185,1268,0,199
206,1189,0,86
210,1237,0,349
220,1100,0,93
231,1279,1,344
233,1253,1,82
237,1172,0,113
253,1219,0,192
252,1121,0,97
260,1171,1,288
294,1156,0,27
305,1208,0,322
334,1128,0,338
336,1181,0,187
337,1264,0,262
384,1270,0,47
387,1177,0,97
408,1221,0,193
429,1138,0,243
443,1272,0,160
465,1093,0,338
470,1171,0,355
470,1239,0,347
471,1209,1,24
496,1132,1,349
548,1130,1,4
632,1146,0,194
640,1227,0,193
640,1258,0,15
683,1107,0,140
686,1148,0,168
698,1213,0,323
716,1277,0,326
723,1183,0,0
735,1148,1,354
757,1098,0,353
761,1135,1,84
759,1256,1,45
775,1229,0,356
788,1151,1,52
812,1196,1,335
864,1248,0,4
890,1119,0,64
916,1229,1,38
942,1122,1,347
941,1184,1,43
958,1175,0,28
999,1242,0,153
996,1122,1,327
1072,1121,0,18
1070,1222,0,103
1099,1156,1,272
1111,1266,0,212
1180,1157,0,157
1214,1218,0,1
1226,1266,0,199
1240,1144,0,319
1284,1106,0,14
1287,1105,0,14
1299,1137,0,351
1308,1223,0,190
1345,1178,0,62
1350,1200,0,166
1360,1243,0,203
1357,1268,1,22
1364,1096,0,28
1377,1188,1,324
1402,1130,0,180
1412,1220,0,296
1450,1234,0,98
1465,1172,0,271
1479,1113,0,188
1481,1248,1,341
1489,1151,0,20
1509,1172,1,326
1527,1216,0,175
1541,1248,0,12
1561,1089,0,21
1561,1180,0,307
1586,1156,0,146
1587,1219,1,20
1598,1266,0,261
1628,1210,0,124
1645,1116,0,101
1679,1184,0,351
1676,1261,0,122
1703,1227,0,323
1725,1207,1,51
1731,1110,0,326
1750,1168,0,333
1770,1268,1,302
1790,1108,0,144
1800,1220,0,336
1803,1261,0,12
1805,1190,1,9
1818,1165,0,144
1854,1220,0,304
1866,1138,0,356
1874,1080,0,222
1906,1248,0,140
1910,1109,0,287
1945,1210,0,317
1964,1173,0,337
2001,1263,0,211
2031,1220,0,304
2046,1146,0,203
2067,1101,0,39
2082,1216,0,353
2094,1175,0,180
2105,1271,0,243
2129,1094,0,44
2148,1138,0,103
2153,1205,0,28
2181,1260,0,288
2206,1212,0,261
2216,1119,0,330
2256,1251,0,358
2267,1192,0,170
2266,1088,0,39
2276,1220,0,343
2291,1132,0,49
2309,1273,0,93
2323,1164,0,18
2336,1198,0,298
2343,1095,0,349
2339,1136,0,27
2351,1244,0,239
2386,1240,0,61
2443,1228,0,38
