79,2056,0,314
100,1981,0,117
101,2080,1,14
166,2051,0,231
212,2082,0,3
225,1926,0,161
281,2005,0,331
281,2052,0,105
286,1973,1,22
307,1984,0,346
313,1964,1,301
333,2066,1,75
336,2035,1,320
343,1961,0,316
356,1929,0,310
389,2006,1,308
398,1908,0,350
410,1933,1,355
418,2078,0,17
437,1946,0,38
442,2010,1,324
462,2083,1,294
473,1986,0,164
488,2058,0,179
488,2013,0,249
517,1962,0,314
548,1917,0,212
547,2095,0,58
567,1965,0,61
592,1980,1,315
594,1921,1,314
686,2109,0,308
692,1926,0,220
694,2067,0,316
699,1982,1,311
734,2004,0,331
737,2055,0,322
781,1966,0,87
806,1952,1,80
830,1913,0,71
845,2010,0,146
881,1909,1,284
888,1943,0,288
928,2006,0,217
937,1907,1,35
1012,1905,0,100
1355,1939,0,52
1367,2014,0,75
1380,2042,0,238
95,2202,0,203
345,2127,0,332
410,2140,0,302
507,2309,0,2
523,2117,0,29
536,2137,1,32
556,2175,0,165
602,2115,0,290
697,2192,0,196
801,2189,0,125
1523,2217,0,119
76,2397,1,328
2428,2473,0,53
2439,2449,1,62
2450,2519,0,21
90,169,0,83
299,176,0,243
390,193,0,359
763,199,0,141
889,240,0,0
942,205,0,115
1170,105,0,334
2517,217,0,263
258,386,1,8
266,362,0,153
273,416,0,181
306,302,0,207
324,331,0,55
334,266,0,321
339,398,1,325
364,335,0,266
368,385,1,3
399,416,0,57
447,428,1,270
450,338,1,352
466,386,0,219
500,335,1,78
505,260,0,54
508,416,0,62
527,378,1,58
547,347,0,6
560,452,0,346
553,371,1,20
609,317,0,356
631,384,1,50
677,391,0,196
674,305,0,124
691,422,0,211
689,449,1,40
717,286,0,139
749,409,0,250
768,333,0,5
774,267,0,101
813,404,0,296
818,461,1,24
841,303,0,11
872,354,0,347
874,354,0,346
876,430,0,15
932,270,0,17
920,431,1,90
939,457,0,65
1043,455,0,209
1536,265,0,139
1634,446,0,19
1811,439,0,28
2133,320,0,125
2190,397,0,25
2337,450,0,281
82,633,0,68
103,489,0,0
161,603,0,312
186,498,0,246
206,653,0,40
214,537,0,342
238,518,0,345
235,610,1,80
251,464,0,37
283,609,0,157
298,526,0,36
310,658,0,187
316,568,0,341
314,593,0,31
314,542,1,19
324,620,0,195
343,582,1,66
356,524,0,47
365,659,0,41
365,475,1,48
369,543,1,52
395,552,1,35
396,491,1,329
417,653,0,135
447,490,1,81
453,564,0,249
481,470,0,306
474,535,1,39
476,570,1,53
498,618,0,5
528,546,0,322
579,657,1,359
589,512,0,201
595,590,0,338
629,562,0,132
652,503,0,113
660,552,1,77
680,635,0,355
685,506,1,303
726,467,0,196
725,530,0,52
754,659,0,39
784,595,0,256
794,530,0,194
792,475,1,25
816,555,1,351
823,495,0,356
839,539,1,0
844,571,1,64
857,630,0,132
878,514,0,237
929,561,0,343
934,629,0,101
951,510,1,306
975,555,1,20
974,616,1,319
1008,508,0,144
1002,571,1,0
1041,586,0,286
1072,503,0,16
1082,657,0,1
1106,573,1,354
1118,549,0,153
1148,635,0,273
1155,473,0,348
1155,522,0,354
1161,546,1,339
1215,544,1,321
1249,549,0,352
1262,477,0,353
1266,511,0,8
1389,617,0,341
1436,646,0,222
1489,559,0,20
1493,644,1,45
1511,613,0,335
1546,646,1,59
1553,490,0,5
1615,654,0,181
1626,628,1,6
1651,500,0,23
1685,607,0,18
1731,556,0,177
1731,632,1,16
1757,620,1,290
1805,557,0,8
1843,655,0,102
1875,498,0,35
1898,641,0,47
1928,543,0,355
71,1292,0,297
78,1464,1,69
101,1431,0,355
153,1323,0,83
189,1341,0,188
192,1467,0,144
186,1313,1,287
205,1366,0,314
214,1302,0,336
239,1390,0,256
259,1450,1,323
271,1347,0,318
278,1420,0,273
284,1463,1,317
306,1292,0,19
295,1324,0,289
306,1413,0,301
354,1425,0,297
383,1355,0,197
390,1490,0,86
391,1404,1,53
390,1435,1,305
428,1442,0,40
442,1375,1,315
449,1470,0,28
444,1315,1,280
479,1349,0,347
499,1409,0,347
494,1435,0,322
521,1330,1,323
527,1453,0,227
543,1382,0,157
595,1433,0,49
608,1307,0,37
649,1444,0,4
651,1381,0,61
713,1331,0,318
717,1457,0,69
737,1299,0,325
758,1379,1,18
763,1483,0,23
781,1454,1,322
790,1341,0,166
809,1379,1,308
817,1478,0,91
834,1306,0,27
845,1385,0,303
865,1444,0,226
882,1336,1,38
895,1364,0,302
912,1318,1,291
911,1471,1,330
961,1342,0,316
964,1428,0,347
974,1462,0,188
1006,1326,0,348
1002,1400,0,149
1013,1467,0,284
1055,1456,0,141
1120,1387,0,74
1159,1336,0,37
1167,1437,0,56
1170,1297,0,26
1200,1316,0,22
1204,1399,1,45
1244,1356,0,147
1254,1462,0,113
1304,1421,0,35
1296,1452,0,94
1300,1305,0,280
1312,1378,0,17
1354,1413,1,296
1355,1324,1,340
1364,1294,0,339
1378,1439,0,223
1406,1485,0,319
1416,1346,0,165
1424,1401,1,296
1449,1485,0,114
1474,1436,0,353
1482,1463,0,352
1493,1397,0,322
1552,1316,0,276
1561,1483,0,302
1559,1415,1,9
1588,1425,0,69
1614,1325,1,62
1631,1356,0,305
1626,1409,0,19
1641,1286,0,322
1650,1470,0,153
1668,1444,0,150
1669,1358,0,299
1684,1409,0,9
1710,1342,0,154
1721,1387,1,36
1731,1453,0,316
1750,1392,0,101
1760,1322,0,326
1776,1456,0,103
1801,1288,0,197
1809,1398,0,354
1811,1331,0,215
1828,1366,0,346
1847,1423,0,212
1858,1336,0,120
1862,1453,0,230
1899,1452,0,211
1923,1391,0,181
1926,1315,0,6
1945,1475,0,78
1951,1342,0,30
1984,1439,0,27
1992,1480,0,305
2002,1294,0,229
2032,1341,0,285
2068,1293,0,124
2092,1428,0,274
2104,1333,1,3
2118,1384,0,107
2132,1340,0,344
2149,1454,0,203
2164,1385,0,309
2189,1338,0,146
2206,1483,0,49
2226,1308,0,210
2248,1345,0,242
2251,1383,0,46
2270,1478,0,313
2292,1422,0,358
2306,1329,0,20
2314,1361,0,149
2321,1360,0,183
2329,1395,0,342
2351,1358,1,22
2367,1448,0,18
2366,1300,0,78
2379,1352,1,0
2392,1400,0,49
2402,1348,0,9
2431,1460,0,355
2445,1294,0,39
2455,1415,0,290
96,1542,0,251
138,1682,0,126
146,1512,0,125
150,1564,0,30
190,1583,0,229
197,1516,0,143
211,1666,0,315
229,1619,0,25
233,1582,1,31
252,1513,0,337
257,1541,1,330
266,1684,0,299
287,1613,1,320
291,1643,0,12
286,1553,1,339
308,1541,0,269
311,1662,1,40
309,1571,1,324
313,1691,1,339
349,1503,0,64
357,1626,0,216
388,1527,1,287
414,1673,0,139
413,1610,0,89
429,1526,0,4
458,1588,0,340
467,1659,0,358
482,1692,0,4
478,1625,0,15
497,1546,0,162
520,1496,0,30
527,1660,0,93
544,1530,1,339
570,1542,1,320
571,1585,0,67
577,1515,0,342
577,1647,0,312
597,1497,1,338
646,1696,0,346
671,1525,0,297
683,1634,0,102
719,1512,0,162
723,1579,0,39
749,1603,0,198
777,1528,0,147
795,1627,0,227
848,1660,0,213
849,1522,0,233
859,1620,1,43
869,1693,0,25
886,1636,1,4
936,1548,1,14
941,1515,0,322
954,1627,0,231
993,1670,0,133
1018,1549,0,30
1040,1639,1,354
1092,1499,0,72
1095,1670,1,308
1108,1582,0,307
1117,1686,0,301
1124,1502,1,356
1121,1656,1,53
1146,1610,1,56
1165,1673,0,151
1165,1580,0,298
1178,1502,0,40
1219,1518,0,263
1223,1591,0,75
1263,1541,0,277
1273,1613,0,219
1328,1562,0,309
1328,1691,0,287
1352,1624,1,278
1353,1503,1,297
1363,1661,0,9
1370,1514,0,318
1389,1551,0,348
1395,1684,1,86
1461,1608,0,3
1509,1563,0,194
1537,1664,0,224
1657,1503,0,339
1714,1492,0,109
1744,1523,0,266
1774,1636,0,287
1786,1572,0,26
1796,1530,0,7
1807,1639,0,30
1808,1596,0,210
1859,1534,0,312
1858,1626,0,296
1889,1498,0,213
1907,1576,0,1
1914,1626,0,228
1921,1535,0,30
1951,1566,0,278
2002,1575,0,334
2007,1532,0,225
2042,1623,0,359
2093,1627,0,272
2119,1565,0,19
2117,1518,0,304
2153,1506,0,291
2170,1595,0,20
2234,1692,0,10
2238,1646,0,189
2239,1594,0,53
2241,1520,0,261
2327,1572,0,271
2437,1531,0,197
83,1889,0,333
85,1806,0,37
111,1851,0,240
123,1749,0,103
148,1711,0,344
170,1709,0,187
172,1770,0,299
178,1854,0,196
181,1825,1,67
229,1738,1,49
232,1766,1,9
260,1895,0,132
262,1802,0,291
291,1744,0,344
310,1813,0,304
343,1791,0,121
335,1860,1,355
348,1711,0,274
368,1858,0,350
382,1700,0,294
459,1842,0,65
466,1875,1,65
507,1734,0,135
509,1780,0,124
541,1708,1,36
551,1746,0,136
576,1791,0,337
573,1718,0,115
596,1710,1,17
619,1876,1,338
620,1727,1,287
646,1856,0,145
655,1759,0,309
698,1892,1,56
699,1802,1,59
724,1842,0,177
754,1702,0,26
753,1743,1,60
767,1892,0,229
779,1817,1,67
780,1846,1,283
818,1721,0,120
855,1833,0,83
872,1770,0,112
883,1875,1,54
896,1899,0,43
920,1757,0,300
924,1846,0,305
963,1893,1,9
963,1804,1,312
991,1718,0,4
1003,1755,0,202
1027,1825,0,45
1049,1897,0,290
1112,1852,0,9
1123,1798,0,96
1148,1700,1,297
1179,1763,0,349
1178,1818,0,288
1244,1812,0,359
1256,1707,0,240
1290,1838,0,95
1302,1757,0,51
1347,1870,0,337
1396,1862,1,278
1418,1826,0,172
1422,1772,0,77
1480,1788,0,52
1552,1753,0,224
1563,1873,0,17
1817,1770,0,307
1871,1717,1,304
1879,1700,0,61
2023,1709,0,2
2090,1802,0,6
2123,1744,0,302
81,853,0,257
131,788,0,273
176,791,1,69
178,762,1,59
185,818,0,30
206,870,0,9
206,724,0,320
206,778,0,352
201,751,1,298
205,842,1,54
205,686,1,283
232,702,1,52
259,720,1,274
262,673,0,92
266,822,0,277
289,795,1,287
311,812,1,20
320,712,0,322
340,776,0,36
352,859,0,343
361,812,0,182
373,707,0,350
368,785,1,45
389,825,1,336
396,798,0,152
406,772,0,352
414,737,0,191
418,839,0,24
417,807,1,287
436,694,0,1
470,762,0,262
487,804,0,229
501,674,0,333
499,735,1,323
525,804,0,50
525,849,0,72
535,755,0,109
574,707,0,40
573,801,0,91
578,834,0,328
608,752,0,5
612,841,0,305
623,776,0,334
631,715,0,60
633,807,0,335
670,683,0,351
674,757,0,26
706,795,0,145
740,720,0,145
735,752,1,311
763,704,1,314
762,859,1,35
811,819,0,259
834,737,0,54
841,690,1,349
840,845,1,307
866,860,1,272
891,813,1,290
896,692,0,60
914,741,0,206
919,768,1,30
919,799,1,76
923,676,1,303
945,848,0,349
958,796,0,62
973,741,1,297
1025,709,1,272
1042,855,0,143
1051,814,1,282
1051,756,1,40
1052,788,1,321
1087,813,0,238
1105,724,1,335
1138,850,0,227
1159,755,1,45
1199,793,0,48
1206,703,0,2
1227,846,0,277
1256,669,0,355
1267,802,0,358
1276,853,0,305
1301,700,0,264
1314,765,0,7
1336,822,0,97
1358,724,0,354
1359,674,0,146
1361,751,1,326
1383,811,0,283
1417,792,0,44
1416,870,0,255
1436,706,1,82
1453,818,0,97
1488,856,1,325
1489,735,1,326
1498,820,0,197
1509,699,0,312
1515,810,1,32
1530,839,0,229
1546,704,1,328
1566,841,1,308
1568,749,1,354
1597,705,1,310
1617,842,1,75
1617,872,1,302
1653,710,0,347
1649,737,1,347
1653,676,1,22
1677,753,1,338
1679,691,1,288
1690,840,0,123
1720,811,0,296
1729,753,1,328
1747,709,0,30
1755,677,1,284
1763,772,0,327
1786,815,0,2
1796,738,0,138
1821,703,0,137
1834,843,0,195
1831,757,1,64
1851,746,0,312
1870,778,0,2
1887,711,0,357
1901,747,0,3
1907,774,1,291
1908,683,1,276
1951,805,0,313
1969,671,0,350
1990,787,0,104
2001,869,0,3
2029,721,0,27
2060,782,0,24
2075,856,0,51
2138,792,0,353
2147,835,0,17
2247,836,0,45
2262,869,0,3
115,999,0,327
129,1063,0,39
148,878,0,51
153,993,1,279
179,1036,1,87
182,922,0,266
207,901,1,47
219,921,0,359
221,959,0,296
232,1006,1,60
236,1067,1,17
242,942,1,276
261,991,1,307
279,910,0,340
326,962,0,0
381,955,0,265
391,1038,1,88
405,881,0,214
415,1038,0,91
419,954,0,106
443,917,0,327
447,1042,0,316
478,879,0,90
525,996,1,321
538,1036,0,238
549,920,1,5
577,936,1,8
611,1001,0,2
681,935,1,22
709,1043,1,10
730,1011,0,10
733,915,0,359
781,959,0,112
787,876,1,309
814,921,1,9
844,893,0,351
840,937,1,275
862,1065,0,234
870,980,0,308
891,1028,1,298
917,1013,1,335
925,1072,0,354
943,968,1,290
943,937,1,62
940,1029,1,31
971,1030,0,40
1027,927,0,148
1022,955,1,48
1036,984,0,0
1038,887,0,217
1046,1060,1,16
1101,970,1,355
1155,970,1,326
1156,1001,1,85
1180,894,0,15
1209,1032,1,303
1240,1039,0,342
1266,920,0,292
1300,914,0,86
1315,969,0,73
1354,1069,0,112
1360,958,0,254
1377,1012,0,184
1378,880,0,109
1379,1065,1,314
1406,971,0,28
1412,1070,0,352
1438,1033,0,356
1443,915,0,6
1455,964,1,57
1487,947,0,347
1483,975,1,313
1489,918,1,350
1511,989,0,180
1514,1037,0,67
1533,939,0,47
1539,977,1,51
1568,1051,0,328
1578,944,0,63
1617,903,1,342
1630,1046,0,324
1634,936,0,232
1652,981,0,75
1686,1004,0,52
1705,1012,0,40
1729,1053,0,48
1722,1005,1,51
1733,941,0,154
1751,1002,0,93
1772,891,0,354
1795,955,0,102
1800,1016,0,48
1825,929,0,259
1868,1008,0,335
1873,894,0,68
1884,979,0,347
1910,1040,0,212
1913,951,0,142
1913,911,0,63
1947,904,0,103
1956,952,0,321
1998,914,0,245
2024,982,0,338
2021,1037,0,278
2042,929,0,105
2058,1033,0,119
2092,926,0,343
2090,984,0,41
2117,1076,0,333
2121,1040,0,105
2139,1011,0,339
2153,877,0,328
2152,968,0,358
2171,1052,0,8
2177,941,0,335
2214,990,0,1
2291,904,0,0
2347,952,0,15
2362,1051,0,330
2464,992,0,173
85,1177,0,184
103,1236,0,256
122,1160,0,227
140,1088,0,200
145,1231,0,257
153,1144,1,294
160,1175,0,197
182,1098,0,7
193,1228,0,328
179,1250,1,276
207,1114,1,50
216,1176,0,135
217,1144,1,0
230,1278,0,331
227,1255,1,25
245,1228,0,330
244,1144,0,303
260,1177,1,309
274,1082,0,18
296,1243,0,15
294,1156,0,18
334,1120,0,11
365,1194,0,356
391,1285,1,6
417,1089,0,88
434,1221,0,175
467,1173,0,179
468,1239,0,344
471,1208,1,3
472,1080,0,64
501,1121,0,257
534,1242,0,344
533,1111,0,281
581,1090,0,355
597,1284,1,47
653,1180,0,332
676,1238,0,217
721,1113,0,63
737,1251,0,356
735,1149,1,7
760,1134,1,278
775,1228,0,356
799,1120,0,107
812,1196,1,340
862,1258,1,14
872,1145,0,228
865,1227,1,272
890,1090,1,3
900,1185,0,85
916,1229,1,48
942,1122,1,346
965,1262,0,320
965,1180,0,333
1000,1148,0,347
995,1121,1,337
1023,1202,0,200
1017,1232,1,299
1045,1101,0,325
1088,1213,0,325
1098,1155,1,86
1156,1100,0,89
1161,1238,0,227
1154,1153,1,4
1204,1172,0,85
1221,1256,0,289
1259,1147,0,349
1314,1162,0,206
1345,1200,0,78
1370,1263,0,358
1392,1208,0,65
1399,1137,0,26
1398,1102,0,332
1427,1211,0,266
1440,1282,0,263
1455,1140,1,319
1460,1169,0,261
1483,1089,0,32
1481,1247,1,327
1483,1127,1,272
1491,1172,0,256
1506,1276,0,203
1515,1213,0,92
1567,1245,0,133
1584,1157,1,343
1588,1220,1,56
1612,1098,0,357
1617,1236,1,327
1660,1255,0,315
1683,1200,0,16
1691,1153,0,197
1705,1221,0,238
1711,1284,0,63
1733,1240,0,194
1736,1080,0,190
1728,1209,1,81
1755,1268,0,46
1756,1187,0,301
1778,1173,0,125
1786,1115,0,94
1801,1225,1,274
1811,1250,0,185
1822,1133,0,15
1826,1228,0,114
1830,1161,0,210
1824,1207,1,7
1847,1087,0,225
1884,1284,0,13
1888,1188,0,283
1932,1103,0,198
1937,1139,0,211
1940,1223,0,292
1951,1269,0,180
1989,1166,0,72
1999,1083,0,162
2009,1203,0,33
2024,1241,0,151
2029,1131,0,128
2067,1113,0,335
2076,1166,0,19
2075,1214,0,342
2086,1087,0,140
2116,1184,0,199
2126,1142,0,355
2151,1114,0,8
2166,1208,0,21
2163,1281,0,55
2195,1097,0,311
2231,1273,0,352
2234,1170,0,264
2240,1089,0,90
2273,1093,0,66
2280,1241,0,347
2294,1146,0,3
2323,1106,0,350
2378,1124,0,38
2417,1259,0,255
2442,1175,0,116
2459,1100,0,271
2464,1222,0,58
