74,2050,0,297
126,2098,0,24
146,2053,0,8
148,1991,0,147
284,2009,1,309
296,1936,0,359
323,1990,0,353
311,1963,1,59
333,2066,1,54
335,1917,1,339
336,2035,1,271
386,1946,1,298
388,2006,1,312
418,2079,0,17
423,1916,0,38
441,2007,0,339
463,2082,1,2
474,1972,0,189
480,1925,0,295
537,1972,0,216
550,2089,1,55
570,2037,0,193
591,1921,1,60
592,1980,1,323
601,2107,0,294
609,1935,0,228
670,1990,0,71
685,2054,0,344
702,1984,1,277
736,1990,0,28
748,2054,0,317
806,1910,0,182
803,1952,1,67
833,2004,0,122
855,1914,0,58
859,1955,1,45
876,1961,0,341
884,1935,1,343
919,1905,0,40
928,2006,0,217
942,1912,1,38
996,1932,0,200
1045,1941,0,270
1169,1990,0,322
99,2199,0,204
404,2118,0,27
451,2144,0,216
484,2314,0,324
524,2117,0,29
535,2138,1,30
551,2175,0,159
684,2202,0,147
804,2188,1,281
1784,2112,0,238
76,2397,1,45
2422,2477,0,52
2451,2519,0,35
96,166,0,74
287,207,0,141
340,222,0,247
414,203,0,4
678,246,0,351
752,250,0,83
890,232,0,359
2380,208,0,269
2517,217,0,265
219,443,0,210
249,461,0,18
258,354,0,213
258,385,1,25
275,415,0,313
336,289,0,249
338,397,1,312
362,337,0,95
368,385,1,25
396,416,0,64
434,422,0,282
450,338,0,358
472,382,0,215
499,433,0,142
500,335,1,86
506,261,0,46
527,383,1,71
543,336,0,44
554,458,0,204
570,356,0,243
616,297,0,3
632,384,1,49
629,324,1,56
664,298,0,108
677,403,0,209
682,356,1,13
686,376,0,168
698,331,0,69
709,420,0,234
759,333,0,14
753,422,0,274
799,260,0,78
804,398,0,316
843,306,0,16
867,359,0,348
916,427,0,347
929,273,0,1
1633,446,0,21
1679,451,0,239
1807,445,0,29
2187,409,0,4
105,489,0,0
162,604,0,143
162,655,0,241
207,534,0,330
207,653,1,39
234,518,0,328
247,644,0,247
257,551,0,23
264,490,0,1
267,590,0,211
314,505,1,345
316,566,0,322
315,626,1,40
319,595,0,18
342,582,1,272
342,552,1,48
373,506,0,338
365,474,1,2
393,626,0,79
395,552,1,50
396,489,1,332
451,506,0,262
478,655,0,53
476,535,1,79
496,483,0,291
552,647,0,25
579,537,1,322
602,551,1,334
611,664,0,39
627,578,0,253
661,551,1,89
677,525,0,145
687,504,1,298
708,625,0,338
740,499,0,343
789,614,0,208
792,477,1,345
817,526,0,189
816,554,1,346
838,480,0,122
844,571,1,15
862,631,0,3
883,506,0,254
921,625,0,27
925,558,0,345
934,477,0,56
950,508,1,318
975,556,1,347
974,616,1,309
993,526,0,128
1002,572,1,354
1037,594,0,251
1051,535,0,151
1052,494,0,353
1086,648,0,127
1099,469,0,139
1106,571,1,74
1154,476,0,350
1155,522,0,355
1167,610,0,29
1162,546,1,332
1232,636,0,96
1245,549,0,7
1261,662,0,352
1262,477,0,342
1264,512,0,8
1390,620,0,177
1477,573,0,21
1493,644,1,66
1509,603,0,209
1544,499,0,1
1546,646,1,67
1565,578,0,4
1566,606,0,212
1617,662,0,157
1626,629,1,355
1665,522,0,10
1660,580,0,279
1719,594,0,234
1732,632,1,54
1758,619,1,311
1784,651,0,289
1802,558,0,4
1818,620,0,285
1865,598,0,231
1875,498,0,34
1876,660,0,32
1928,543,0,355
2298,516,0,100
78,1463,1,65
104,1430,0,355
131,1378,0,137
165,1342,0,1
179,1470,0,27
182,1313,1,289
208,1429,0,341
209,1295,0,348
214,1394,0,162
216,1363,0,324
238,1343,0,294
262,1450,1,312
281,1418,0,267
288,1376,0,15
284,1465,1,72
295,1328,0,55
316,1439,0,257
340,1404,1,7
382,1380,0,351
381,1483,0,115
390,1406,1,346
389,1433,1,61
403,1306,0,262
409,1470,0,125
441,1374,1,284
444,1312,1,345
454,1402,0,225
467,1338,0,332
468,1450,1,319
513,1413,0,341
510,1375,0,96
521,1330,1,283
549,1297,0,150
557,1359,0,230
596,1451,0,28
609,1304,0,55
629,1344,0,10
633,1400,0,24
653,1447,0,282
717,1458,0,85
731,1363,1,5
742,1419,0,53
758,1379,1,283
782,1454,1,316
804,1346,0,132
808,1380,1,315
816,1476,0,204
865,1408,0,23
872,1463,0,27
878,1327,0,254
884,1299,1,5
912,1318,1,297
913,1464,0,84
947,1490,0,304
955,1439,0,304
998,1334,0,210
1012,1461,0,282
1067,1437,0,230
1102,1367,0,31
1145,1415,0,341
1146,1461,0,337
1149,1290,0,94
1178,1386,0,150
1241,1443,0,342
1237,1474,0,171
1244,1390,0,55
1295,1306,0,78
1294,1434,0,268
1313,1359,0,190
1326,1417,0,92
1354,1414,1,85
1355,1323,1,326
1385,1359,0,259
1403,1464,0,193
1423,1401,1,304
1461,1311,0,359
1462,1446,0,201
1470,1358,0,222
1475,1398,0,224
1494,1487,0,21
1514,1426,0,59
1534,1341,0,295
1566,1477,0,103
1573,1376,0,253
1584,1294,0,313
1588,1462,1,309
1631,1455,0,195
1629,1336,0,59
1668,1407,0,105
1670,1300,1,354
1676,1334,0,274
1707,1431,0,57
1708,1303,0,300
1710,1358,0,98
1741,1469,0,349
1747,1360,0,87
1761,1428,0,43
1801,1355,0,191
1810,1318,0,187
1814,1446,0,223
1857,1389,0,134
1861,1302,1,22
1874,1471,0,331
1888,1294,0,8
1900,1431,0,1
1957,1462,0,145
1959,1287,0,43
1963,1350,0,97
1984,1442,0,19
1991,1409,0,202
2009,1462,0,25
2014,1346,0,291
2045,1431,0,82
2053,1333,0,312
2063,1387,0,315
2102,1458,0,2
2103,1422,0,211
2108,1375,0,0
2144,1447,0,308
2157,1384,0,110
2167,1311,0,82
2207,1412,0,198
2215,1487,0,278
2225,1306,0,218
2226,1344,0,198
2275,1439,0,2
2291,1315,0,344
2303,1355,0,315
2327,1397,0,354
2378,1453,0,356
2387,1314,0,259
2431,1362,0,190
2441,1304,0,72
2466,1398,0,13
2490,1438,0,175
100,1650,0,56
99,1541,0,258
125,1518,1,8
137,1681,0,127
210,1667,0,309
245,1669,0,110
250,1499,0,203
255,1586,0,94
259,1538,1,310
293,1643,0,7
316,1623,0,318
312,1662,1,4
325,1556,0,194
329,1665,0,346
332,1498,0,85
357,1690,0,283
366,1592,0,34
374,1535,0,284
385,1644,0,104
441,1587,0,7
449,1691,0,18
449,1522,0,13
479,1653,0,5
513,1612,0,117
530,1514,0,37
538,1565,0,180
546,1676,0,333
576,1593,0,17
570,1543,1,321
575,1643,0,309
596,1498,1,349
623,1616,0,355
675,1655,0,59
676,1515,1,349
688,1544,0,4
721,1512,0,161
720,1581,0,14
724,1697,0,24
744,1607,0,176
760,1517,0,92
807,1577,0,359
811,1648,0,218
808,1556,1,358
830,1697,0,41
860,1621,1,280
884,1636,1,335
893,1530,0,98
910,1680,1,305
914,1499,1,90
922,1611,0,262
936,1548,1,9
950,1507,0,23
952,1567,0,44
998,1596,0,31
1004,1533,0,24
1008,1675,0,181
1040,1640,1,334
1095,1669,1,332
1173,1505,0,35
1200,1671,1,282
1234,1527,0,256
1293,1497,0,338
1297,1603,0,236
1352,1623,1,274
1353,1503,1,317
1352,1683,1,288
1370,1514,0,329
1386,1550,0,348
1395,1684,1,288
1436,1571,0,96
1509,1563,0,196
1505,1622,0,85
1546,1648,0,332
1568,1688,0,213
1582,1614,0,344
1613,1514,0,41
1616,1572,0,62
1662,1492,0,76
1685,1509,1,71
1690,1535,0,9
1701,1517,1,331
1711,1493,0,136
1712,1569,0,308
1744,1554,0,287
1760,1653,0,214
1777,1554,0,60
1785,1609,0,213
1787,1503,0,7
1807,1639,0,16
1828,1555,0,21
1848,1612,0,311
1856,1507,0,125
1900,1562,0,348
1913,1525,0,297
1929,1493,0,299
1938,1683,0,26
1941,1637,0,220
1951,1559,0,271
1984,1504,0,187
2015,1635,0,26
2038,1516,0,267
2057,1592,0,338
2087,1500,0,303
2124,1559,0,17
2130,1521,0,219
2138,1609,0,20
2149,1669,0,209
2214,1690,0,321
2230,1592,0,135
2287,1541,0,20
2315,1627,0,244
2326,1494,0,207
2342,1566,0,350
2400,1502,0,222
2425,1532,0,238
87,1800,0,36
91,1892,0,330
105,1854,0,235
133,1764,1,291
169,1767,0,309
181,1861,0,147
179,1703,0,70
182,1826,1,81
230,1737,1,60
230,1767,1,37
276,1758,0,30
279,1863,0,221
295,1707,0,203
312,1812,0,309
335,1858,1,278
337,1738,1,38
353,1768,0,238
358,1840,0,274
370,1888,0,194
424,1821,0,132
426,1764,0,55
482,1860,0,3
482,1806,0,110
510,1780,0,120
521,1713,0,325
533,1897,0,284
541,1858,1,355
558,1750,0,4
569,1805,0,278
584,1870,0,241
598,1718,0,156
610,1783,0,246
618,1876,1,330
630,1852,0,321
641,1705,0,337
649,1887,0,276
660,1781,0,281
672,1848,1,79
699,1802,1,357
699,1892,1,17
704,1762,0,143
716,1730,0,336
731,1841,0,172
753,1742,1,61
761,1887,0,216
758,1866,0,165
775,1845,1,352
779,1817,1,308
800,1760,0,100
803,1887,1,357
829,1698,0,38
834,1840,0,201
884,1876,1,298
891,1701,0,237
904,1801,0,336
939,1726,1,87
955,1712,0,43
962,1892,1,328
963,1805,1,305
992,1739,0,230
1013,1873,0,15
1015,1716,1,308
1024,1821,0,64
1056,1888,0,343
1112,1853,0,6
1148,1700,1,324
1177,1780,1,64
1202,1843,0,336
1230,1817,0,357
1231,1760,0,17
1239,1788,0,0
1291,1784,0,89
1302,1826,0,105
1362,1857,0,87
1391,1770,0,335
1395,1862,1,293
1420,1826,0,172
1425,1889,0,220
1470,1854,0,219
1484,1785,0,58
1524,1812,0,223
1554,1751,0,218
1562,1873,0,18
1768,1724,0,94
1822,1770,0,321
2012,1724,0,321
2093,1815,0,348
2131,1751,0,336
83,853,0,251
105,699,0,118
176,791,1,32
179,822,0,43
178,762,1,56
202,776,0,345
203,748,1,298
205,843,1,54
205,688,1,270
212,871,1,345
238,821,0,337
232,701,1,65
251,773,0,322
260,807,1,330
260,719,1,285
285,674,0,78
306,755,0,17
312,812,1,36
320,712,0,36
336,669,0,5
344,868,0,3
367,811,1,7
372,715,0,226
380,844,0,350
388,757,0,70
391,822,1,343
418,807,1,286
445,775,0,318
468,717,0,350
474,756,0,291
480,843,0,60
508,695,0,285
521,813,1,86
525,776,0,286
535,692,0,182
555,847,0,66
568,782,0,135
590,721,0,1
603,755,0,344
611,819,0,42
629,843,1,0
636,711,0,67
656,783,0,285
659,673,0,83
660,707,1,32
684,849,0,26
706,776,0,143
715,698,0,35
736,751,1,7
763,705,1,336
769,806,0,319
813,759,0,2
821,829,0,215
841,690,1,347
840,847,1,356
866,860,1,277
890,813,1,286
897,690,0,54
918,852,0,282
920,769,1,42
923,677,1,308
965,835,0,43
971,741,1,58
993,769,0,99
1022,846,0,300
1026,804,0,346
1025,709,1,88
1051,756,1,10
1051,816,1,288
1052,789,1,319
1053,772,0,266
1092,844,0,201
1087,790,0,245
1105,725,1,325
1159,755,1,44
1184,811,0,34
1207,712,0,3
1220,684,0,164
1227,756,0,275
1254,801,0,191
1277,819,0,32
1309,760,0,7
1311,830,0,224
1323,721,0,355
1322,866,0,55
1329,673,0,265
1358,745,1,291
1362,773,0,224
1369,846,0,224
1394,873,0,215
1407,782,0,75
1415,725,0,134
1429,848,0,336
1465,814,0,92
1484,852,0,319
1489,736,1,293
1508,716,0,134
1515,810,1,34
1544,705,1,327
1543,854,0,271
1561,774,0,187
1567,841,1,287
1568,748,1,8
1597,705,1,40
1617,842,1,78
1617,872,1,307
1623,761,0,83
1649,737,1,341
1655,677,1,28
1676,753,1,14
1697,705,0,293
1705,809,0,189
1729,754,1,4
1755,719,0,78
1754,678,1,90
1806,754,0,290
1836,804,0,357
1831,756,1,291
1872,865,0,114
1886,719,0,343
1889,759,0,6
1908,684,1,359
1907,777,1,356
1917,823,0,322
1934,866,0,194
1959,796,0,1
1970,671,0,351
2005,771,0,175
2028,721,0,28
2056,836,1,68
2073,802,0,50
2082,863,0,9
2083,786,1,342
2139,786,0,5
2144,832,0,10
2254,834,0,31
2279,862,0,11
121,1007,0,281
128,1064,0,40
145,881,0,65
153,993,1,289
179,1036,1,270
183,899,0,280
211,982,0,212
216,926,0,10
236,946,0,34
235,1005,0,49
235,1067,1,18
264,883,0,341
261,991,1,310
288,1038,1,339
298,930,0,47
365,922,0,272
369,995,1,288
392,968,0,62
407,1040,0,81
443,1037,0,292
455,921,0,129
473,937,1,58
484,1047,0,60
504,892,0,255
525,996,1,289
574,936,1,289
605,918,0,236
611,986,0,27
634,1027,0,11
645,1075,0,244
666,894,0,328
688,1003,0,340
681,966,1,65
681,936,1,10
725,970,0,330
760,1044,1,348
787,876,1,286
792,985,0,293
787,1028,1,49
798,941,0,162
815,919,1,60
813,892,1,37
813,1043,1,47
862,894,0,347
891,1029,1,341
921,923,0,207
935,1007,0,119
943,939,1,24
944,968,1,347
983,1072,0,350
1003,1015,0,131
1032,965,0,52
1046,1060,1,8
1048,1000,1,0
1074,1013,0,27
1101,970,1,338
1155,970,1,322
1163,1072,0,332
1166,892,0,9
1156,1032,1,63
1205,1031,1,289
1234,1037,0,344
1228,890,0,104
1273,890,0,307
1387,1013,0,305
1409,896,0,227
1409,967,0,313
1455,924,0,22
1457,961,1,32
1486,948,0,346
1483,975,1,348
1507,990,1,358
1527,1021,0,49
1537,946,1,332
1544,1070,0,352
1538,977,1,52
1558,933,0,147
1597,1031,0,9
1616,902,1,339
1628,927,0,219
1645,1067,0,6
1697,1034,0,184
1698,1006,0,36
1729,1056,0,44
1790,886,0,23
1835,961,0,139
1849,1076,0,320
1854,894,1,30
1859,1041,0,150
1886,1022,0,335
1888,969,0,117
1908,942,0,297
1914,904,0,74
1932,1074,0,133
1944,1000,0,282
1947,949,0,293
1967,893,0,359
1967,1042,0,247
1972,955,1,298
1991,971,0,61
2013,1013,0,76
2026,909,0,317
2052,999,0,252
2071,1043,0,22
2095,973,0,279
2100,919,0,7
2127,988,0,70
2148,947,0,350
2144,1059,0,320
2180,931,0,342
2182,1021,0,4
2216,987,0,2
2248,1051,0,18
2287,915,0,348
2290,1076,0,13
2338,1034,0,6
2341,954,0,19
2463,990,0,181
2472,879,0,3
65,1278,0,307
92,1179,0,208
102,1233,0,244
121,1161,0,216
141,1088,0,199
150,1143,1,47
155,1173,0,224
177,1220,1,290
179,1250,1,89
189,1098,0,0
192,1192,0,330
204,1235,0,333
207,1143,1,357
230,1274,0,319
231,1186,1,282
229,1247,1,11
249,1223,0,336
250,1099,0,26
259,1175,1,281
285,1270,0,322
294,1155,0,13
322,1116,0,292
325,1235,0,103
340,1099,1,291
356,1196,0,262
388,1283,1,314
403,1116,0,75
430,1231,0,20
443,1256,1,56
449,1093,0,305
461,1171,0,359
464,1172,0,357
471,1208,1,23
472,1240,0,339
496,1132,1,312
522,1087,1,340
548,1131,1,303
565,1099,0,353
597,1282,1,287
629,1183,0,292
670,1155,0,330
679,1260,0,315
711,1127,0,86
732,1247,0,138
736,1148,1,310
760,1134,1,74
780,1228,0,354
811,1160,0,213
813,1196,1,354
868,1227,0,21
863,1259,1,21
875,1169,0,147
913,1106,0,329
917,1229,1,39
939,1265,0,4
975,1175,0,232
996,1123,1,333
1017,1231,1,90
1051,1283,0,355
1047,1122,1,0
1084,1220,0,327
1092,1084,0,256
1098,1155,1,86
1149,1213,0,77
1154,1152,1,84
1185,1233,0,272
1235,1258,0,56
1260,1187,0,49
1259,1284,0,248
1258,1118,0,272
1302,1221,0,97
1304,1158,0,113
1313,1085,0,359
1339,1211,0,95
1351,1271,0,43
1354,1143,0,333
1391,1201,0,313
1422,1081,0,185
1416,1133,0,103
1445,1227,0,217
1455,1173,0,14
1464,1258,0,48
1475,1120,0,20
1497,1277,0,180
1504,1176,1,325
1522,1162,0,120
1534,1240,0,346
1535,1216,1,347
1561,1184,0,97
1581,1103,0,216
1582,1155,0,156
1590,1220,1,8
1614,1262,0,348
1614,1120,0,30
1612,1180,0,269
1618,1235,0,314
1656,1131,0,258
1667,1254,0,84
1685,1200,0,14
1687,1165,0,37
1697,1090,0,231
1699,1089,0,230
1728,1248,0,309
1726,1210,1,29
1742,1084,0,220
1756,1128,0,252
1788,1189,0,294
1813,1136,0,348
1816,1099,0,141
1833,1167,0,183
1866,1247,0,149
1897,1088,0,142
1907,1135,0,185
1946,1162,0,196
1969,1226,0,163
2013,1086,0,141
2019,1199,0,355
2058,1230,0,8
2062,1125,0,51
2053,1105,1,59
2069,1281,0,159
2105,1159,0,51
2109,1080,0,332
2127,1265,0,89
2151,1239,0,316
2173,1125,0,349
2176,1214,0,344
2197,1159,0,153
2233,1189,0,224
2251,1135,0,335
2262,1221,0,189
2291,1125,0,156
2297,1263,0,22
2329,1099,0,12
2344,1231,0,292
2357,1160,0,72
2420,1170,0,29
2445,1259,0,16
2451,1105,0,275
2486,1193,0,203
2315,1163,0,29
