92,169,0,80
299,178,0,241
391,194,0,357
762,198,0,158
889,239,0,1
950,211,0,116
1157,105,0,336
1179,137,0,355
2517,216,0,262
259,386,1,11
266,362,0,150
272,416,0,182
305,304,0,204
322,333,0,52
334,267,0,319
339,398,1,320
364,335,0,266
368,385,1,341
399,416,0,61
447,428,1,89
450,338,1,353
466,386,0,217
500,335,1,81
505,260,0,52
508,417,0,64
547,347,0,6
559,457,0,170
554,371,1,25
609,317,0,357
631,384,1,50
676,392,0,193
674,307,0,124
692,422,0,209
689,449,1,38
716,286,0,135
710,374,1,307
751,405,0,250
768,333,0,5
774,266,0,100
812,404,0,294
818,461,1,15
841,304,0,10
873,353,0,347
875,354,0,347
876,430,0,14
931,270,0,14
939,457,0,66
1044,455,0,208
1539,273,0,126
1634,447,0,20
1810,439,0,25
2132,315,0,127
2191,399,0,30
2337,448,0,278
83,629,0,75
103,489,0,0
162,604,0,315
188,500,0,248
206,654,1,49
216,538,0,335
239,518,0,343
235,610,1,56
250,464,0,36
282,609,0,319
299,526,0,32
309,659,0,185
316,568,0,340
314,593,0,36
324,621,0,200
343,582,1,84
356,523,0,44
365,475,1,333
366,663,0,209
368,543,1,50
395,552,1,49
397,491,1,344
419,655,0,136
447,490,1,74
458,570,0,221
474,534,1,12
481,468,0,312
492,618,0,9
527,547,0,325
579,657,1,19
591,511,0,200
596,591,0,337
628,560,0,132
651,502,0,99
659,553,1,286
675,625,0,351
685,506,1,271
719,536,0,47
729,468,0,199
756,661,0,42
785,598,0,252
798,529,0,191
792,474,1,33
819,496,0,350
816,554,1,325
844,570,1,52
857,630,0,133
881,514,0,247
929,561,0,343
934,631,0,105
951,510,1,314
975,556,1,357
974,616,1,326
1007,508,0,146
1002,572,1,14
1041,586,0,283
1072,503,0,5
1084,661,0,190
1106,574,1,342
1118,551,0,155
1144,631,0,285
1155,473,0,348
1155,522,0,354
1161,547,1,337
1215,544,1,315
1249,548,0,351
1262,477,0,352
1266,511,0,10
1389,618,0,344
1436,647,0,221
1488,558,0,20
1493,644,1,90
1512,614,0,327
1546,646,1,68
1554,490,0,6
1619,652,0,184
1626,627,1,7
1656,512,0,15
1686,606,0,19
1734,557,0,178
1731,632,1,20
1757,620,1,289
1805,557,0,9
1841,654,0,96
1875,499,0,35
1898,641,0,46
1928,543,0,355
79,2057,0,314
102,1980,0,120
101,2080,1,45
166,2051,0,231
207,2083,0,16
225,1925,0,163
277,2059,0,93
282,2007,0,318
285,1973,1,315
309,1984,0,346
310,1931,1,274
314,1965,1,297
333,2067,1,86
338,1957,0,318
336,2036,1,341
353,1919,0,299
386,1947,1,295
389,2006,1,302
405,1906,0,349
409,1932,1,1
417,2078,0,17
418,1960,1,292
436,1946,0,37
442,2009,1,324
462,2083,1,281
481,1986,0,345
489,2013,0,246
500,2060,0,176
516,1958,0,319
548,1917,0,208
547,2095,0,51
570,1968,0,52
593,1980,1,359
594,1921,1,338
686,2106,0,314
694,1925,0,220
693,2065,0,315
699,1982,1,310
735,2004,0,330
737,2055,0,324
780,1968,0,93
806,1953,1,86
830,1913,0,57
844,2010,0,146
882,1909,1,284
890,1945,0,294
897,1991,0,26
928,2006,0,217
937,1907,1,0
1011,1905,0,100
1346,1959,0,55
1361,2019,0,59
1387,2040,0,251
96,2202,0,204
345,2126,0,333
409,2140,0,302
510,2312,0,186
523,2117,0,29
536,2137,1,32
556,2173,0,160
603,2116,0,290
698,2192,0,196
801,2188,0,123
1529,2223,0,124
76,2397,1,90
2428,2473,0,51
2450,2520,0,18
70,1292,0,298
78,1463,1,68
101,1431,0,355
150,1327,0,83
185,1343,0,190
185,1313,1,300
195,1470,0,147
207,1370,0,139
215,1302,0,331
238,1393,0,255
259,1450,1,316
271,1347,0,342
276,1422,0,289
285,1463,1,295
304,1292,0,18
307,1410,0,292
353,1424,0,298
385,1354,0,208
390,1435,1,321
392,1490,0,74
391,1404,1,59
426,1443,0,80
442,1375,1,308
447,1466,0,33
444,1315,1,308
478,1350,0,349
468,1391,1,90
499,1414,0,343
512,1441,0,170
521,1330,1,351
526,1458,0,243
542,1380,0,154
590,1440,0,57
608,1306,0,39
603,1472,0,326
655,1439,0,190
653,1382,0,62
710,1331,0,322
717,1458,0,65
734,1300,0,330
758,1379,1,72
764,1482,0,13
782,1454,1,9
792,1341,0,165
809,1378,1,304
816,1479,0,86
836,1301,0,32
846,1388,0,111
866,1443,0,227
862,1319,1,14
897,1365,0,305
897,1404,0,324
911,1318,1,280
911,1471,1,336
951,1326,0,300
962,1422,0,339
975,1461,0,191
1004,1323,0,339
1001,1397,0,146
1012,1466,0,285
1060,1458,0,153
1120,1386,0,71
1168,1436,0,66
1168,1297,0,27
1199,1316,0,24
1204,1400,1,9
1246,1355,0,142
1254,1458,0,117
1294,1431,0,273
1294,1367,0,90
1300,1305,0,277
1311,1416,0,334
1313,1379,0,12
1326,1338,0,244
1354,1412,1,301
1355,1324,1,288
1364,1293,0,338
1380,1436,0,223
1406,1485,0,314
1417,1346,0,170
1424,1400,1,294
1450,1487,0,110
1469,1434,0,353
1482,1462,0,20
1492,1488,0,22
1493,1397,0,317
1551,1314,0,274
1556,1480,0,300
1560,1415,1,41
1587,1426,0,73
1628,1353,0,300
1626,1409,0,15
1641,1286,0,321
1651,1470,0,158
1666,1357,0,299
1671,1443,0,136
1684,1408,0,359
1711,1342,0,159
1721,1387,1,36
1731,1454,0,326
1752,1395,0,113
1758,1319,0,336
1778,1457,0,97
1802,1288,0,196
1811,1398,0,355
1810,1330,0,214
1828,1367,0,166
1853,1421,0,214
1858,1340,0,300
1865,1450,0,225
1901,1453,0,199
1921,1316,0,5
1935,1386,0,191
1946,1475,0,72
1952,1339,0,35
1984,1439,0,27
1996,1478,0,314
2007,1290,0,224
2034,1330,0,274
2056,1306,0,178
2068,1294,0,115
2088,1431,0,273
2119,1390,0,101
2132,1341,0,344
2156,1448,0,189
2165,1386,0,314
2188,1338,0,143
2203,1482,0,87
2221,1310,0,255
2246,1386,0,41
2248,1346,0,247
2264,1476,0,324
2296,1421,0,5
2305,1331,0,22
2314,1364,0,338
2334,1393,0,348
2362,1454,0,25
2366,1300,0,82
2392,1403,0,48
2428,1459,0,359
2449,1293,0,35
2456,1420,0,306
96,1542,0,250
138,1682,0,126
147,1565,0,31
150,1516,0,128
189,1583,0,226
199,1517,0,141
212,1666,0,316
231,1616,0,36
233,1582,1,37
255,1541,1,330
266,1683,0,299
286,1553,1,319
287,1613,1,302
291,1641,0,16
307,1540,0,282
311,1662,1,26
310,1572,1,309
313,1691,1,0
348,1506,0,70
358,1624,0,221
388,1528,1,327
412,1676,0,137
412,1611,0,87
430,1526,0,352
455,1583,0,331
467,1659,0,359
480,1691,0,10
498,1553,0,166
503,1528,0,176
517,1500,0,16
526,1663,0,94
543,1616,0,317
572,1517,0,353
570,1543,1,321
571,1585,0,66
577,1646,0,311
596,1497,1,334
648,1620,1,0
648,1499,1,71
670,1525,0,302
684,1635,0,109
720,1512,0,159
723,1579,0,34
748,1603,0,198
776,1527,0,149
807,1612,0,234
848,1520,0,232
850,1657,0,217
859,1619,1,57
869,1694,0,28
886,1635,1,316
936,1549,1,3
943,1517,0,315
962,1616,0,228
991,1668,0,124
1019,1549,0,23
1040,1639,1,355
1096,1500,0,71
1095,1670,1,312
1101,1583,0,327
1124,1502,1,15
1123,1656,1,27
1170,1569,0,313
1177,1503,0,44
1183,1666,0,147
1218,1517,0,259
1223,1589,0,82
1265,1544,0,283
1280,1608,0,216
1329,1560,0,306
1357,1664,0,2
1352,1623,1,276
1353,1503,1,299
1370,1514,0,320
1389,1551,0,348
1396,1684,1,289
1454,1603,0,356
1493,1658,0,3
1509,1564,0,196
1536,1664,0,240
1657,1504,0,337
1713,1492,0,105
1744,1520,0,266
1774,1636,0,282
1786,1570,0,19
1795,1529,0,5
1807,1638,0,26
1811,1597,0,209
1859,1536,0,321
1861,1617,0,272
1884,1498,0,217
1910,1571,0,0
1915,1628,0,214
1919,1535,0,23
1953,1564,0,288
2006,1579,0,333
2010,1532,0,220
2040,1625,0,353
2091,1624,0,280
2112,1516,0,292
2121,1564,0,13
2164,1494,0,291
2170,1595,0,19
2234,1693,0,8
2242,1646,0,182
2239,1594,0,52
2257,1522,0,278
2327,1573,0,272
2437,1531,0,195
82,1891,0,338
85,1807,0,36
110,1852,0,238
122,1751,0,285
161,1710,0,181
172,1770,0,299
179,1854,0,199
180,1825,1,61
229,1738,1,46
232,1766,1,30
260,1895,0,133
263,1801,0,289
293,1744,0,349
309,1813,0,303
343,1790,0,118
347,1711,0,276
366,1859,0,349
381,1701,0,291
457,1843,0,63
466,1874,1,69
506,1735,0,134
509,1780,0,126
541,1709,1,45
551,1745,0,138
577,1791,0,337
574,1719,0,116
620,1876,1,335
621,1726,1,78
644,1701,0,359
646,1857,0,143
656,1761,0,305
698,1892,1,62
699,1802,1,58
724,1842,0,177
750,1705,0,19
753,1743,1,62
772,1896,0,221
779,1817,1,70
779,1846,1,283
819,1721,0,127
854,1835,0,84
869,1770,0,114
884,1875,1,56
896,1899,0,43
919,1836,0,302
921,1759,0,299
963,1804,1,306
963,1893,1,32
991,1718,0,9
1000,1754,0,204
1027,1825,0,44
1049,1897,0,289
1111,1853,0,8
1123,1794,0,94
1147,1701,1,317
1178,1763,0,346
1177,1818,0,289
1247,1810,0,356
1256,1709,0,249
1290,1841,0,92
1300,1758,0,49
1352,1872,0,337
1396,1862,1,286
1418,1826,0,174
1425,1776,0,63
1480,1787,0,52
1552,1753,0,224
1563,1873,0,17
1817,1770,0,307
1879,1701,0,60
2022,1709,0,3
2088,1804,0,0
2123,1746,0,299
81,854,0,258
130,787,0,266
176,791,1,78
178,762,1,62
185,818,0,32
205,871,0,20
203,724,0,314
206,778,0,351
205,842,1,57
206,687,1,275
232,702,1,85
259,675,0,93
260,719,1,284
260,783,1,13
264,820,0,279
289,796,1,289
312,811,1,31
322,711,0,312
340,774,0,32
352,858,0,343
364,811,0,171
375,708,0,6
389,825,1,356
410,771,0,359
417,735,0,189
418,839,0,23
417,806,1,280
438,695,0,352
470,761,0,274
487,803,0,229
504,674,0,337
499,735,1,55
526,804,0,51
525,849,0,67
535,757,0,113
573,707,0,38
573,800,0,90
579,835,0,285
607,755,0,2
613,838,0,314
622,779,0,338
633,806,0,345
630,716,0,62
669,684,0,350
676,757,0,21
704,798,0,140
740,727,0,146
735,753,1,315
763,705,1,307
762,859,1,26
813,818,0,253
833,740,0,53
841,690,1,15
840,845,1,306
866,860,1,279
891,813,1,297
896,692,0,60
921,738,0,214
919,769,1,23
923,676,1,303
940,844,0,345
958,792,0,63
973,741,1,306
988,751,0,321
1026,709,1,88
1043,855,0,145
1051,814,1,294
1051,756,1,34
1052,788,1,321
1089,817,0,239
1105,724,1,351
1139,849,0,230
1159,755,1,45
1201,792,0,31
1206,703,0,2
1225,849,0,272
1256,669,0,355
1265,802,0,3
1278,855,0,306
1301,700,0,265
1314,766,0,7
1335,822,0,97
1359,725,0,175
1361,671,0,146
1381,811,0,280
1417,792,0,47
1414,865,0,255
1436,706,1,33
1452,816,0,104
1488,856,1,327
1489,735,1,314
1507,696,0,316
1514,810,1,38
1530,840,0,229
1546,704,1,330
1566,841,1,325
1568,749,1,349
1597,705,1,358
1617,842,1,70
1617,872,1,311
1648,710,0,347
1648,737,1,335
1653,675,1,22
1677,753,1,340
1678,692,1,273
1696,847,0,129
1718,808,0,299
1730,754,1,307
1747,709,0,29
1755,678,1,281
1763,771,0,328
1783,811,0,0
1801,739,0,126
1818,702,0,136
1832,757,1,78
1841,842,0,164
1859,781,0,3
1888,712,0,359
1900,748,0,5
1906,775,1,338
1908,684,1,74
1952,805,0,328
1969,671,0,352
1991,789,0,113
2000,869,0,354
2029,721,0,25
2060,783,0,26
2076,856,0,49
2140,790,0,346
2142,869,0,321
2150,833,0,11
2247,836,0,41
2261,870,0,4
115,999,0,327
129,1063,0,38
148,878,0,51
153,993,1,281
179,1036,1,275
183,921,0,265
219,921,0,357
219,959,0,291
233,1006,1,66
236,1067,1,16
242,943,1,273
261,991,1,315
278,913,0,337
327,964,0,357
383,953,0,273
391,1038,1,272
405,880,0,212
415,1039,0,91
419,954,0,105
445,919,0,313
448,1042,0,320
476,885,0,101
525,996,1,313
538,1036,0,237
577,935,1,28
611,1001,0,2
682,935,1,0
683,904,1,76
709,1043,1,34
725,919,0,352
728,1010,0,5
781,959,0,113
787,876,1,294
814,921,1,4
844,893,0,352
840,937,1,294
865,1062,0,232
872,982,0,313
892,1029,1,57
917,1013,1,322
923,1078,0,1
943,969,1,294
944,937,1,44
966,1030,0,46
1027,926,0,143
1022,956,1,45
1036,984,0,1
1038,888,0,215
1046,1060,1,18
1101,970,1,356
1155,970,1,322
1156,1001,1,64
1181,895,0,13
1208,1032,1,299
1240,1039,0,343
1265,917,0,290
1312,979,0,74
1354,1069,0,101
1359,958,0,256
1377,1012,0,180
1379,887,0,111
1381,1067,1,307
1407,969,0,28
1414,1070,0,354
1437,1034,0,356
1444,917,0,4
1456,964,1,57
1486,947,0,346
1483,975,1,316
1513,989,0,183
1512,1038,0,68
1535,936,0,51
1539,977,1,56
1569,1053,0,333
1576,948,0,62
1617,902,1,333
1615,1023,1,48
1633,1047,0,323
1634,940,0,234
1651,981,0,76
1686,1004,0,52
1705,1013,0,59
1722,1005,1,53
1729,1053,0,47
1734,938,0,173
1752,1005,0,95
1774,891,0,356
1792,963,0,99
1802,1019,0,51
1822,927,0,251
1854,891,1,274
1869,1012,0,336
1871,917,0,72
1881,983,0,350
1888,1052,0,347
1912,914,0,60
1912,1042,0,212
1925,962,0,312
1944,903,0,97
1957,952,0,318
1998,915,0,250
2028,984,0,348
2024,1039,0,286
2040,931,0,101
2058,1033,0,120
2091,926,0,342
2089,983,0,49
2093,1065,1,347
2124,1077,0,333
2119,1040,0,102
2136,1012,0,333
2151,968,0,0
2171,1053,0,3
2177,941,0,336
2214,990,0,1
2292,905,0,0
2346,953,0,12
2361,1049,0,338
2464,992,0,172
85,1178,0,186
102,1236,0,257
122,1160,0,227
140,1088,0,201
151,1223,0,252
153,1145,1,295
161,1173,0,202
180,1098,0,5
180,1220,1,89
179,1250,1,277
204,1234,0,335
207,1114,1,34
220,1172,0,297
230,1277,0,324
227,1255,1,79
244,1226,0,330
244,1143,0,305
260,1177,1,316
275,1083,0,14
296,1243,0,19
294,1156,0,17
334,1121,0,12
369,1198,0,351
391,1285,1,11
416,1090,0,90
435,1217,0,152
441,1255,1,74
467,1173,0,179
470,1240,0,337
471,1208,1,10
474,1091,0,86
506,1123,0,270
534,1241,0,355
535,1111,0,289
582,1090,0,355
597,1284,1,51
651,1179,0,330
652,1225,1,90
669,1277,0,16
678,1237,0,219
720,1113,0,66
736,1251,0,354
735,1149,1,11
760,1134,1,302
776,1228,0,356
800,1121,0,100
812,1196,1,344
862,1258,1,338
882,1138,0,210
900,1185,0,84
916,1229,1,40
942,1122,1,348
964,1261,0,320
965,1181,0,334
998,1152,0,347
996,1122,1,313
1026,1197,0,199
1017,1232,1,280
1043,1101,0,324
1087,1213,0,324
1098,1155,1,88
1155,1101,0,89
1162,1237,0,227
1203,1172,0,86
1221,1257,0,289
1261,1145,0,353
1290,1174,1,29
1315,1160,0,206
1343,1204,0,100
1373,1261,0,357
1391,1141,0,25
1391,1210,0,64
1427,1214,0,266
1440,1282,0,256
1454,1141,1,317
1457,1169,0,265
1480,1247,1,326
1483,1090,0,46
1483,1128,1,288
1489,1168,0,251
1506,1277,0,203
1515,1211,0,94
1567,1251,0,129
1584,1156,1,342
1588,1220,1,353
1614,1099,0,359
1617,1236,1,319
1640,1285,0,320
1638,1212,0,354
1659,1255,0,316
1682,1201,0,15
1695,1148,0,203
1708,1281,0,59
1733,1238,0,204
1734,1081,0,184
1728,1210,1,273
1750,1268,0,47
1754,1185,0,302
1775,1170,0,118
1787,1114,0,81
1811,1251,0,176
1823,1131,0,15
1826,1160,0,193
1824,1229,0,122
1847,1084,0,230
1883,1284,0,18
1885,1162,0,266
1930,1100,0,203
1943,1138,0,205
1940,1219,0,295
1951,1270,0,187
1989,1159,0,80
1995,1084,0,346
2001,1206,0,31
2026,1239,0,149
2030,1127,0,130
2051,1106,1,57
2068,1114,0,330
2068,1171,0,13
2074,1213,0,351
2081,1087,0,151
2118,1183,0,198
2126,1142,0,356
2152,1116,0,4
2167,1208,0,18
2188,1098,0,324
2231,1271,0,354
2236,1166,0,273
2239,1089,0,92
2278,1242,0,348
2274,1094,0,74
2297,1149,0,2
2323,1104,0,352
2378,1133,0,35
2418,1257,0,250
2440,1174,0,115
2459,1099,0,271
2464,1224,0,57
2169,1285,0,42
255,1512,0,329
