79,2056,0,315
101,2082,1,90
144,1986,0,167
147,2098,0,358
157,2055,0,342
284,2008,1,289
310,1937,0,339
321,1990,0,355
309,1965,1,0
333,2065,1,49
335,1917,1,89
335,2035,1,317
358,2081,0,224
386,1946,1,286
388,2006,1,312
419,2079,0,21
441,2008,0,341
464,1977,0,162
463,2082,1,354
484,1936,0,293
517,1990,0,242
550,2090,1,73
568,1988,0,252
564,1904,1,90
575,1923,0,218
594,1981,1,280
594,2072,1,0
600,2105,0,291
621,1935,1,292
647,1927,0,276
688,1968,0,29
694,2064,0,350
700,1987,1,29
724,2028,1,282
737,2001,0,356
748,2051,0,313
815,1915,0,257
836,2004,0,139
887,1960,0,0
928,2006,0,217
937,1908,1,359
986,1934,0,353
1111,2083,0,290
99,2200,0,214
411,2113,0,22
444,2135,0,228
524,2117,0,28
535,2137,1,68
559,2174,0,160
697,2192,1,34
804,2189,1,283
1225,2132,0,316
1760,2146,0,217
76,2398,1,22
522,2332,0,16
2424,2474,0,48
2452,2518,0,48
98,157,0,79
290,194,0,177
351,230,0,306
394,195,0,24
727,231,0,53
755,253,0,64
891,234,0,1
2517,217,0,269
213,452,0,249
259,385,1,19
266,361,0,160
278,412,0,3
335,285,0,239
339,397,1,312
361,337,0,98
369,384,1,4
398,417,0,51
447,428,1,74
450,338,0,353
461,439,0,325
469,385,0,210
497,430,0,145
500,335,1,75
506,260,0,48
527,383,1,39
545,339,0,25
558,388,0,262
604,313,0,352
632,384,1,51
649,304,0,106
660,460,1,316
677,408,0,218
696,452,0,228
696,308,0,96
750,424,0,315
763,334,0,8
806,267,0,71
811,398,0,301
821,440,0,193
846,307,0,16
858,357,0,345
900,424,0,6
931,273,0,5
1635,446,0,17
1809,442,0,36
2186,409,0,1
2268,456,0,80
2359,288,0,172
2370,307,0,267
104,489,0,1
162,605,0,141
204,654,1,62
208,534,1,319
238,519,0,337
235,610,1,54
247,465,0,38
247,641,0,241
266,540,0,16
279,601,0,152
280,491,0,31
315,567,1,325
314,506,1,308
315,627,1,318
320,593,0,11
342,583,1,56
342,552,1,75
365,475,1,10
380,517,0,15
394,489,1,6
394,551,1,306
411,625,0,62
427,542,0,265
444,477,0,296
474,535,1,354
493,484,0,268
494,649,0,93
563,462,0,199
560,642,0,62
578,658,1,56
583,544,0,302
609,663,0,42
641,496,0,191
635,564,0,251
661,662,0,112
657,523,1,280
662,552,1,287
685,506,1,49
708,626,0,340
754,500,0,343
779,627,0,246
792,476,1,359
819,522,0,207
816,554,1,337
820,465,1,18
844,571,1,44
861,630,0,19
877,511,0,267
920,625,0,30
924,557,0,342
931,473,0,60
951,510,1,285
975,555,1,16
974,616,1,310
984,482,0,131
1001,571,1,0
1035,529,0,327
1028,494,1,309
1044,597,0,276
1059,501,0,355
1055,478,1,5
1083,466,0,145
1095,620,0,97
1106,571,1,325
1154,475,0,347
1155,522,0,354
1162,546,1,338
1196,605,0,75
1244,549,0,11
1264,512,0,6
1262,478,0,351
1390,619,0,348
1473,580,0,30
1481,618,0,214
1494,645,1,356
1538,596,0,234
1548,494,0,12
1545,644,1,6
1563,661,0,230
1601,601,0,275
1625,631,1,15
1660,606,0,222
1664,479,0,228
1667,520,0,10
1722,584,0,252
1731,632,1,12
1757,620,1,280
1805,557,0,3
1829,652,0,341
1840,614,0,173
1875,498,0,36
1896,647,0,52
1928,543,0,354
2267,464,0,90
58,1295,0,327
78,1463,1,63
103,1430,0,353
120,1360,0,104
165,1394,0,217
169,1337,0,0
182,1468,0,49
183,1311,1,305
210,1298,0,343
213,1364,0,323
222,1420,0,284
245,1350,0,318
261,1450,1,339
280,1306,0,18
284,1465,1,283
285,1417,0,263
305,1351,0,333
325,1432,0,233
366,1454,0,83
390,1405,1,311
394,1328,0,256
414,1472,0,130
429,1392,0,356
442,1371,1,337
441,1313,1,51
466,1336,0,328
468,1439,0,327
504,1309,0,211
506,1398,0,215
520,1330,1,274
529,1298,0,117
529,1450,0,205
541,1415,0,15
554,1365,0,222
601,1449,0,45
606,1308,0,47
625,1457,1,33
646,1334,0,16
657,1477,0,279
682,1375,0,19
691,1437,0,4
717,1458,0,74
742,1419,0,45
747,1331,0,280
758,1380,1,13
782,1454,1,296
795,1344,0,137
827,1485,0,326
839,1390,0,355
866,1468,0,190
863,1318,1,74
884,1333,0,268
886,1486,1,83
912,1464,0,26
913,1318,1,291
921,1405,0,358
961,1451,0,290
998,1336,0,208
1013,1464,0,282
1069,1446,0,208
1095,1381,0,8
1136,1407,0,211
1147,1463,0,12
1149,1363,0,136
1210,1364,0,256
1242,1391,0,65
1244,1462,1,82
1284,1447,0,191
1293,1416,0,86
1317,1341,0,237
1326,1413,0,107
1353,1413,1,86
1356,1323,1,284
1365,1460,0,131
1381,1288,0,190
1383,1360,0,265
1423,1401,1,309
1458,1309,0,350
1459,1415,0,213
1463,1354,0,214
1494,1485,0,27
1513,1412,0,58
1524,1320,0,253
1551,1388,0,266
1568,1483,0,110
1585,1339,1,84
1597,1293,0,347
1601,1383,0,134
1618,1454,0,214
1631,1325,0,32
1633,1488,0,52
1665,1385,0,344
1688,1465,0,34
1710,1308,0,317
1710,1366,0,99
1743,1395,0,88
1743,1463,0,112
1782,1390,0,209
1799,1470,0,203
1808,1355,0,13
1812,1323,0,196
1817,1401,0,44
1847,1431,0,1
1863,1308,1,2
1872,1356,0,65
1874,1470,0,329
1893,1296,0,16
1908,1447,0,123
1965,1424,0,212
1971,1489,0,344
1983,1445,0,33
1983,1324,0,20
1998,1360,0,243
2004,1465,0,193
2041,1430,0,100
2058,1324,0,43
2070,1373,0,8
2092,1401,0,216
2100,1436,0,48
2125,1322,0,283
2156,1476,0,314
2165,1323,0,92
2180,1432,0,161
2225,1300,0,202
2223,1472,0,230
2227,1355,0,352
2237,1411,0,337
2288,1382,0,18
2296,1348,0,154
2310,1411,0,356
2310,1310,0,358
2338,1485,0,36
2403,1370,0,1
2409,1460,0,333
2444,1390,0,15
2444,1309,0,43
2469,1338,0,346
2509,1406,0,152
99,1541,0,253
106,1633,0,63
137,1681,0,125
211,1668,0,314
220,1527,0,202
242,1646,0,104
254,1583,0,99
258,1537,1,351
286,1613,1,67
291,1645,0,347
305,1546,0,338
315,1661,1,10
313,1689,1,339
344,1644,0,321
342,1584,0,238
353,1515,0,24
387,1638,0,102
390,1528,1,307
397,1560,0,34
439,1584,0,13
449,1692,0,12
458,1548,0,150
478,1497,0,10
480,1660,0,9
514,1599,0,114
522,1524,0,33
536,1678,0,14
548,1618,0,30
570,1576,0,38
570,1543,1,330
575,1643,0,313
596,1498,1,294
634,1583,0,1
648,1558,1,39
675,1695,1,78
686,1650,0,87
708,1547,0,4
719,1510,0,159
732,1578,0,25
749,1605,0,196
758,1499,0,111
807,1651,0,270
805,1532,1,0
840,1549,0,323
859,1620,1,283
884,1637,1,346
925,1641,0,242
936,1548,1,10
950,1508,0,18
987,1549,1,326
1009,1675,0,178
1025,1520,0,18
1040,1640,1,345
1050,1575,0,317
1095,1670,1,337
1185,1512,0,26
1200,1671,1,280
1234,1554,0,271
1274,1501,0,356
1284,1616,0,267
1290,1685,0,160
1352,1624,1,272
1352,1683,1,279
1354,1503,1,310
1370,1514,0,327
1387,1550,0,346
1395,1684,1,277
1443,1529,0,86
1503,1565,1,35
1506,1683,0,143
1540,1646,0,325
1541,1580,0,39
1617,1536,0,35
1617,1653,0,72
1698,1517,1,352
1706,1496,0,165
1709,1568,0,325
1737,1549,0,295
1765,1603,0,218
1766,1663,0,292
1774,1512,0,31
1806,1642,0,11
1813,1549,0,297
1837,1524,0,323
1850,1497,0,158
1870,1587,0,316
1917,1533,0,289
1941,1635,0,241
1948,1520,0,310
1952,1563,0,284
1980,1683,0,355
2028,1638,0,354
2044,1519,0,275
2067,1585,0,346
2072,1495,1,51
2095,1658,0,81
2107,1496,0,2
2119,1530,0,197
2122,1563,0,19
2164,1619,0,55
2212,1688,0,327
2230,1595,0,85
2267,1495,0,278
2300,1633,0,247
2338,1575,0,3
2396,1511,0,219
2427,1533,0,233
88,1800,0,38
91,1893,0,333
105,1852,0,234
133,1763,1,64
171,1772,0,309
179,1704,0,68
186,1850,0,210
181,1826,1,0
205,1839,1,329
230,1737,1,58
230,1767,1,39
287,1710,0,6
288,1871,0,179
296,1901,0,179
296,1747,0,35
285,1827,1,90
311,1813,0,310
336,1858,1,283
360,1778,0,263
361,1862,0,264
408,1902,0,13
422,1808,0,141
429,1747,0,120
460,1862,0,194
483,1802,0,119
510,1779,0,120
542,1718,0,198
536,1902,0,240
543,1859,1,61
562,1798,0,329
576,1735,0,30
609,1757,0,37
605,1822,0,253
620,1876,1,333
636,1708,0,338
650,1797,0,279
683,1758,0,142
697,1892,1,41
700,1802,1,344
727,1704,0,16
719,1739,0,319
730,1839,0,171
725,1898,0,261
753,1743,1,59
777,1845,1,351
779,1817,1,65
793,1872,0,223
805,1759,0,101
847,1703,0,96
861,1887,0,68
888,1876,1,86
904,1803,0,355
904,1741,0,260
915,1885,0,53
962,1894,1,36
963,1805,1,294
972,1715,0,29
981,1751,0,208
1015,1830,0,88
1015,1740,1,282
1023,1873,0,70
1055,1888,0,332
1112,1853,0,7
1148,1700,1,319
1174,1833,1,15
1203,1849,0,332
1244,1824,0,349
1271,1731,0,3
1297,1804,0,136
1352,1819,0,89
1390,1771,0,339
1395,1862,1,321
1415,1881,0,232
1420,1826,0,171
1463,1859,0,226
1480,1787,0,52
1504,1864,0,259
1552,1752,0,219
1563,1874,0,17
1781,1711,0,210
1823,1770,0,314
1872,1720,0,350
2017,1730,0,343
2091,1816,0,350
2129,1738,0,346
84,851,0,247
90,685,0,94
155,693,0,267
176,791,1,52
178,762,1,48
185,818,0,31
203,748,1,290
208,779,0,353
205,842,1,49
204,688,1,288
210,870,0,358
232,702,1,81
238,800,0,185
261,860,0,344
260,719,1,275
261,814,0,284
278,677,0,63
287,797,1,272
312,812,1,30
322,713,0,28
322,767,0,322
334,668,0,8
344,872,0,12
357,749,0,267
367,811,1,355
386,845,0,348
392,823,1,330
413,716,0,45
418,807,0,106
440,773,0,317
471,701,0,133
472,761,0,279
469,839,1,39
488,847,0,52
499,735,1,74
524,810,1,82
530,752,0,200
536,696,0,187
555,797,0,318
562,850,0,33
605,705,0,38
612,819,0,42
621,762,0,353
634,717,0,50
664,830,0,308
683,791,0,104
698,710,0,59
724,797,0,75
736,751,1,359
735,846,1,273
754,836,0,26
763,705,1,80
797,762,0,143
819,825,0,218
841,690,1,329
840,846,1,322
866,860,1,57
891,813,1,283
896,690,0,55
917,873,0,333
919,769,1,76
923,676,1,330
953,835,0,57
972,741,1,309
996,763,0,79
1026,710,1,89
1049,814,1,301
1051,756,1,20
1053,789,1,320
1063,866,0,197
1081,804,0,240
1104,725,1,343
1106,817,1,65
1160,755,1,33
1173,794,0,34
1191,673,0,150
1208,712,0,359
1214,819,0,256
1269,797,0,1
1295,842,0,228
1315,761,0,11
1325,866,0,58
1331,710,0,13
1353,800,0,305
1359,750,1,319
1399,785,0,22
1414,826,0,224
1421,705,0,200
1433,856,1,310
1463,820,0,89
1471,764,0,154
1488,855,1,306
1490,736,1,293
1494,690,0,187
1515,810,1,24
1540,848,0,259
1543,705,1,352
1568,749,1,347
1567,842,1,87
1597,704,1,61
1614,770,0,109
1617,842,1,74
1617,872,1,311
1648,737,1,359
1653,675,1,25
1677,753,1,21
1678,693,1,67
1709,815,0,169
1710,747,0,292
1746,700,0,42
1803,830,0,238
1806,765,0,33
1807,689,0,306
1852,817,0,115
1885,713,0,356
1888,749,0,3
1905,775,1,346
1908,685,1,10
1915,858,0,143
1955,810,0,345
1970,671,0,350
1979,858,0,346
1987,785,0,148
2028,721,0,30
2037,829,1,344
2063,798,0,45
2084,860,0,18
2139,785,0,9
2152,835,0,22
2256,835,0,32
2279,869,0,352
119,1007,0,323
128,1063,0,44
146,879,0,60
152,994,1,295
179,1036,1,275
181,918,0,256
204,973,0,245
223,926,0,175
234,1005,1,43
235,1067,1,13
242,945,1,47
259,903,0,353
261,991,1,305
302,1050,0,322
304,935,0,32
362,922,0,277
393,1038,1,284
402,968,0,91
435,991,0,75
442,1038,0,311
448,895,0,84
481,1005,0,67
506,952,0,290
525,996,1,11
521,1055,1,45
575,933,1,24
578,964,0,242
611,1004,0,12
654,878,0,89
688,1061,0,350
681,965,1,288
729,1010,0,352
736,972,0,353
760,1043,1,273
787,876,1,315
795,944,0,138
810,1035,0,295
815,921,1,51
839,937,1,45
860,896,0,349
891,1029,1,6
902,929,0,229
913,980,0,7
917,1013,1,325
943,938,1,4
943,1029,1,32
945,966,1,304
957,901,0,26
992,1018,0,177
1039,982,0,6
1046,1060,1,346
1097,931,0,331
1101,970,1,295
1141,1010,0,50
1155,969,1,337
1171,893,0,5
1205,1031,1,314
1234,1038,0,343
1255,910,0,355
1250,886,0,251
1367,1056,0,135
1369,895,0,258
1372,964,0,259
1414,1045,0,335
1430,976,0,0
1432,1008,0,350
1442,915,0,296
1458,957,1,338
1487,947,0,340
1483,975,1,331
1486,917,1,309
1515,914,0,153
1509,990,1,334
1536,1066,0,347
1536,948,1,318
1538,977,1,45
1553,1006,0,40
1613,1033,0,14
1616,902,1,351
1626,928,0,224
1635,1067,0,355
1696,1032,0,178
1700,1006,0,19
1728,1055,0,43
1785,1013,0,59
1795,888,0,20
1790,1078,0,293
1822,947,0,188
1843,1028,0,143
1854,892,1,85
1861,1073,0,136
1865,998,0,133
1878,930,0,99
1903,1070,0,286
1913,912,0,68
1912,981,0,270
1922,893,0,232
1936,1075,0,109
1943,954,0,290
1960,1052,0,322
1966,899,0,12
1972,957,1,289
1994,1016,0,355
2009,963,0,37
2018,912,0,270
2042,1073,0,106
2059,978,0,206
2067,913,0,55
2066,1018,0,58
2095,958,0,327
2105,925,0,7
2109,1077,0,118
2113,990,0,350
2148,955,0,353
2146,1041,0,11
2179,934,0,349
2177,1015,0,346
2197,1057,0,146
2216,987,0,1
2275,1042,0,41
2288,915,0,349
2341,1035,0,2
2342,954,0,19
2463,990,0,181
2473,879,0,8
88,1184,0,223
102,1232,0,246
122,1160,0,233
141,1088,0,199
150,1142,1,31
157,1176,0,212
176,1220,1,286
185,1095,0,24
179,1250,1,72
205,1143,0,11
206,1237,1,331
212,1198,0,290
210,1113,1,288
229,1276,1,336
240,1177,0,33
238,1225,0,323
250,1101,0,7
281,1268,0,345
294,1156,0,9
294,1216,0,39
332,1125,0,306
345,1199,0,247
391,1284,1,347
398,1111,0,58
432,1229,0,22
443,1255,1,29
459,1100,0,302
464,1172,0,358
472,1240,0,338
471,1208,1,52
497,1132,1,326
522,1086,1,347
548,1130,1,303
572,1090,0,357
596,1284,1,318
635,1109,0,266
666,1212,0,275
677,1152,0,325
704,1258,1,319
716,1119,0,36
724,1192,0,124
728,1248,0,144
735,1148,1,308
760,1134,1,315
780,1229,0,1
787,1150,1,28
812,1195,1,330
838,1151,0,209
862,1258,1,284
897,1207,0,30
917,1130,0,337
916,1229,1,6
940,1262,0,6
944,1119,1,319
975,1192,0,274
994,1095,0,26
995,1124,1,13
1017,1231,1,281
1047,1122,1,0
1088,1272,0,346
1095,1215,0,322
1095,1081,0,245
1098,1154,1,90
1150,1266,0,106
1150,1215,1,342
1154,1152,1,46
1162,1086,0,11
1180,1202,0,23
1199,1251,0,294
1232,1224,0,292
1246,1144,0,324
1280,1277,0,136
1301,1146,0,91
1317,1193,0,143
1336,1087,0,354
1338,1139,0,102
1350,1255,0,30
1355,1203,0,255
1357,1112,1,281
1394,1203,0,311
1405,1106,0,116
1410,1166,0,337
1411,1262,0,175
1435,1251,0,67
1451,1144,0,128
1484,1180,0,16
1483,1126,1,315
1483,1245,1,289
1488,1282,0,149
1532,1242,0,351
1534,1217,1,350
1537,1145,0,109
1582,1157,0,163
1588,1099,1,53
1589,1220,1,14
1610,1264,0,349
1616,1237,1,309
1629,1132,0,63
1639,1172,0,254
1650,1244,0,300
1687,1198,0,13
1695,1091,0,261
1701,1241,0,9
1716,1161,0,358
1727,1211,1,35
1736,1280,0,332
1749,1091,0,260
1761,1198,0,316
1786,1159,0,144
1815,1136,0,347
1827,1213,0,42
1855,1256,0,346
1855,1108,0,140
1925,1157,0,338
1926,1202,0,162
1926,1268,1,277
1961,1271,0,356
2016,1135,0,257
2026,1270,0,120
2054,1191,0,356
2073,1116,0,337
2087,1240,0,300
2122,1230,0,76
2151,1166,0,106
2175,1092,0,18
2184,1224,0,12
2200,1137,0,21
2211,1263,0,15
2212,1165,0,226
2251,1157,0,312
2273,1082,0,6
2278,1229,0,200
2304,1152,0,11
2305,1276,0,341
2329,1097,0,15
2349,1167,0,67
2353,1244,0,307
2427,1235,0,207
2452,1260,0,35
2452,1099,0,267
2471,1194,0,312
342,1697,0,273
1462,1079,0,356
