78,2056,0,315
101,2080,1,45
128,1988,0,179
165,2037,0,265
177,2107,0,16
174,2004,1,352
278,1910,0,189
283,2008,1,304
282,1977,1,272
320,1988,0,346
310,1963,1,322
326,1941,0,333
333,2066,1,60
334,1916,1,351
335,2035,1,58
386,1947,1,289
388,2006,1,290
417,1911,0,26
418,2078,0,16
439,1961,0,113
442,2008,1,319
463,2082,1,28
491,1939,0,333
494,2016,0,226
536,1908,0,237
550,1956,0,215
548,2019,0,254
550,2090,1,33
592,1980,1,346
594,1922,1,291
620,1997,0,294
671,1965,1,349
700,2069,0,323
705,1952,0,17
700,1984,1,351
711,1909,0,223
737,2004,0,340
739,2056,0,320
803,1952,1,39
818,1919,0,312
843,2010,0,148
884,1959,0,7
928,2006,0,217
937,1908,1,41
994,1921,0,96
1472,1912,0,224
97,2202,0,206
368,2115,0,356
374,2166,0,339
441,2134,0,270
523,2118,0,31
533,2136,1,70
556,2172,0,145
550,2313,0,78
599,2115,0,295
696,2192,1,37
803,2189,1,290
1294,2229,0,326
1315,2212,1,28
1365,2251,0,38
1699,2225,0,229
76,2397,1,2
2425,2473,0,46
2451,2519,0,44
96,162,0,66
290,192,0,171
353,248,0,298
389,199,0,27
766,204,0,16
891,234,0,1
2517,216,0,265
213,453,0,244
259,429,0,156
260,386,1,89
267,362,0,165
315,443,0,75
331,292,0,243
339,398,1,320
361,337,0,96
368,385,1,271
398,417,0,52
447,428,1,284
450,338,1,342
467,385,0,220
500,335,1,80
506,260,0,51
508,416,0,139
536,460,0,191
546,342,0,16
552,399,0,310
603,314,0,345
632,384,1,40
677,403,0,223
673,310,0,93
700,426,0,235
714,295,0,101
763,334,0,8
751,414,0,273
781,453,0,252
803,269,0,75
814,399,0,301
818,461,1,18
847,304,0,18
854,358,0,350
898,426,0,3
929,273,0,358
991,455,0,101
1068,449,0,153
1634,447,0,12
1806,448,0,27
2182,409,0,346
2236,365,1,36
2257,387,0,131
2323,354,0,324
91,667,0,92
104,488,0,1
159,599,0,310
204,655,1,61
212,536,0,323
236,517,0,335
235,609,1,90
244,644,0,260
253,473,0,26
262,554,0,33
280,604,0,146
317,567,0,341
317,595,0,22
314,505,1,5
314,627,1,2
315,653,1,7
342,612,1,324
363,531,0,26
365,475,1,351
372,586,0,247
395,491,1,82
409,617,0,68
441,552,0,331
446,490,1,70
474,535,1,306
505,516,0,302
511,607,0,61
563,633,0,0
577,545,0,277
577,660,1,355
607,665,0,45
634,596,0,214
630,507,1,76
650,492,0,188
659,552,1,341
658,522,1,19
670,609,0,67
685,506,1,57
731,648,0,325
785,615,0,252
799,502,0,12
794,479,1,37
819,537,0,181
816,558,1,353
844,571,1,349
861,633,0,56
877,512,0,250
924,552,0,347
929,614,0,10
935,472,0,64
951,510,1,313
975,555,1,331
976,616,1,291
976,494,1,40
1001,571,1,354
1028,525,1,46
1045,591,0,286
1051,541,0,173
1056,498,0,357
1109,609,0,10
1106,572,1,325
1154,475,0,348
1155,521,0,355
1166,666,0,204
1162,546,1,340
1166,592,0,109
1246,549,0,8
1263,478,0,350
1264,512,0,7
1391,620,0,168
1446,637,0,204
1476,584,0,7
1493,644,1,325
1528,610,0,253
1547,493,0,8
1546,646,1,67
1605,658,0,310
1613,470,0,145
1626,629,1,348
1660,610,0,271
1672,518,0,6
1714,597,0,340
1732,633,1,43
1757,620,1,279
1805,557,0,3
1820,610,0,204
1830,661,0,24
1875,498,0,36
1928,543,0,354
75,1304,0,321
78,1464,1,65
104,1430,0,358
137,1354,0,75
173,1391,0,233
179,1455,0,102
181,1311,1,278
196,1336,0,191
212,1296,0,354
211,1415,0,286
217,1366,0,315
258,1373,0,298
259,1449,0,323
278,1296,0,13
287,1341,0,341
285,1418,0,263
285,1464,1,74
317,1480,0,200
376,1432,0,105
391,1403,1,298
400,1332,0,222
429,1452,0,71
443,1373,1,328
444,1314,1,336
454,1399,0,346
470,1343,0,343
467,1452,1,270
501,1444,0,334
521,1330,1,58
554,1369,0,198
579,1417,0,15
606,1305,0,52
624,1437,0,20
624,1458,1,359
651,1326,0,0
663,1459,0,6
686,1301,0,185
713,1348,0,11
717,1459,0,76
757,1376,1,314
758,1481,0,96
768,1429,0,356
777,1397,0,342
782,1454,1,337
810,1341,0,195
810,1377,1,275
828,1443,0,235
873,1460,0,214
887,1325,0,254
915,1318,1,302
919,1439,0,268
927,1287,0,12
939,1346,0,359
951,1470,0,252
965,1398,0,54
987,1458,1,318
1013,1466,0,284
1055,1454,0,145
1088,1339,0,193
1111,1371,0,13
1125,1287,0,355
1129,1418,0,225
1133,1464,0,28
1156,1488,0,236
1177,1287,0,92
1211,1310,0,269
1229,1290,0,358
1230,1399,0,73
1270,1407,0,236
1298,1337,0,270
1312,1447,0,313
1348,1442,0,320
1353,1414,1,86
1355,1323,1,298
1370,1376,0,277
1412,1442,0,244
1425,1404,1,84
1438,1479,0,64
1446,1368,0,190
1461,1326,0,340
1493,1485,0,30
1494,1378,0,232
1528,1309,0,228
1527,1461,0,28
1547,1341,0,209
1555,1392,0,262
1571,1473,0,94
1589,1335,0,97
1622,1423,0,156
1626,1345,0,273
1645,1302,0,326
1664,1377,0,1
1664,1453,0,26
1692,1328,0,44
1716,1368,0,102
1732,1480,0,327
1755,1449,0,131
1764,1323,0,60
1782,1388,0,278
1792,1441,0,147
1812,1327,0,206
1814,1392,0,97
1843,1373,0,92
1857,1455,0,326
1888,1334,0,31
1888,1435,0,142
1892,1388,0,26
1894,1299,0,23
1936,1457,0,237
1983,1442,0,28
1995,1312,0,47
1997,1362,0,254
2005,1463,0,15
2029,1404,0,108
2034,1490,0,26
2073,1356,0,20
2081,1447,0,4
2088,1303,0,55
2092,1411,0,201
2109,1475,0,357
2111,1475,0,357
2130,1371,0,323
2154,1324,0,92
2191,1450,0,189
2187,1466,0,123
2206,1401,0,33
2221,1313,0,211
2237,1344,0,198
2301,1315,0,0
2302,1360,0,12
2326,1425,0,253
2401,1422,0,354
2421,1373,0,26
2427,1475,0,353
2450,1304,0,11
2449,1332,0,193
99,1541,0,255
117,1616,0,208
138,1682,0,127
189,1564,0,261
213,1668,0,319
236,1625,0,110
233,1524,1,62
250,1572,0,122
259,1539,1,74
289,1529,0,211
291,1643,0,9
315,1598,0,207
311,1662,1,8
312,1568,1,20
310,1691,1,356
337,1499,1,285
363,1522,0,192
359,1656,0,324
385,1615,0,107
393,1501,0,99
420,1546,0,38
439,1581,0,11
450,1693,0,30
469,1504,0,359
481,1659,0,11
513,1577,0,88
538,1678,0,13
547,1495,0,19
544,1528,1,297
569,1582,0,51
570,1543,1,324
576,1644,0,311
597,1500,1,5
631,1569,0,344
654,1504,0,284
699,1645,0,118
703,1683,1,279
722,1511,0,162
751,1605,0,184
753,1538,0,4
754,1571,0,357
818,1656,0,240
845,1697,0,93
860,1621,1,310
875,1497,0,359
884,1636,1,310
911,1572,0,351
917,1663,0,244
935,1548,1,359
987,1676,0,144
1040,1640,1,339
1048,1512,0,21
1056,1649,0,329
1096,1621,0,34
1095,1670,1,333
1187,1511,0,34
1200,1671,1,285
1225,1580,0,166
1270,1654,0,278
1289,1503,0,357
1352,1623,1,276
1354,1503,1,313
1352,1682,1,279
1370,1514,0,325
1389,1551,0,349
1395,1684,1,275
1486,1649,0,142
1509,1563,0,201
1533,1643,0,291
1568,1550,0,2
1611,1620,0,136
1636,1506,0,33
1696,1517,1,334
1705,1497,0,148
1714,1571,0,272
1737,1607,0,276
1745,1547,0,327
1754,1664,0,330
1789,1507,0,59
1797,1575,0,275
1806,1642,0,8
1839,1510,0,139
1846,1551,0,338
1854,1598,0,346
1913,1507,0,328
1944,1630,0,244
1950,1560,0,285
1969,1497,0,145
2034,1647,0,344
2046,1523,0,191
2061,1614,0,160
2072,1587,0,337
2112,1654,0,353
2126,1565,0,11
2130,1512,0,209
2170,1599,0,25
2223,1693,0,342
2223,1503,0,316
2227,1589,0,103
2234,1542,0,343
2285,1507,0,46
2291,1644,0,306
2328,1585,0,294
2355,1492,0,20
2364,1528,0,199
2420,1531,0,241
86,1800,0,42
92,1892,0,334
102,1857,0,233
131,1764,1,46
173,1772,0,306
176,1706,1,24
185,1850,0,204
181,1825,1,77
229,1738,1,64
231,1766,1,27
272,1715,0,257
278,1872,0,188
284,1851,1,35
302,1737,0,87
313,1813,0,310
311,1870,1,71
337,1706,0,257
355,1872,0,284
368,1812,0,319
361,1722,1,30
389,1735,0,84
410,1792,0,161
442,1850,0,109
460,1783,0,140
465,1875,1,54
467,1753,1,344
509,1730,0,133
509,1779,0,122
543,1705,1,44
543,1859,1,39
567,1799,0,330
563,1741,0,109
577,1857,0,277
611,1764,0,117
619,1877,1,324
620,1816,1,314
635,1709,0,336
651,1827,0,278
667,1750,0,198
697,1891,1,49
700,1802,1,17
726,1705,0,13
731,1842,0,173
753,1743,1,55
760,1894,0,249
778,1845,1,350
779,1817,1,45
805,1754,0,112
804,1891,1,336
845,1700,0,91
846,1852,0,82
868,1749,0,157
883,1876,1,285
902,1819,0,329
905,1892,0,57
909,1742,0,272
909,1711,1,359
962,1894,1,2
963,1804,1,309
986,1713,0,345
987,1757,0,207
1020,1829,0,38
1018,1743,1,330
1048,1849,0,33
1053,1886,0,333
1110,1853,0,6
1148,1700,1,318
1204,1843,0,303
1199,1732,1,15
1244,1823,0,345
1245,1771,0,177
1294,1747,0,359
1289,1794,0,276
1337,1864,0,147
1355,1795,0,86
1394,1772,0,336
1395,1863,1,354
1418,1891,0,206
1420,1826,0,171
1480,1787,0,53
1551,1753,0,222
1563,1873,0,15
1790,1704,0,31
1821,1774,0,315
1921,1710,0,124
2022,1708,0,1
2095,1809,0,354
2127,1739,0,345
84,850,0,246
90,668,0,92
160,736,0,220
176,791,1,58
177,763,1,37
185,819,0,29
207,778,0,358
203,748,1,311
209,869,0,351
204,687,1,49
206,842,1,56
232,702,1,287
256,832,0,316
259,720,1,300
261,808,1,351
274,676,0,59
286,797,1,279
308,768,0,281
307,811,1,50
323,827,0,46
333,711,0,357
335,673,0,7
356,750,0,318
368,811,1,352
387,842,0,353
392,821,1,356
413,704,0,322
418,807,0,104
433,765,0,325
454,676,0,135
472,759,0,289
500,840,0,7
500,735,1,284
517,773,0,229
523,807,1,69
541,694,0,180
558,842,0,57
565,791,0,41
605,819,0,54
623,773,0,40
631,719,0,56
647,674,0,32
666,837,0,348
668,836,0,350
671,775,0,73
687,691,0,25
712,790,0,62
736,751,1,319
761,824,0,43
764,705,1,299
773,739,0,154
817,826,0,224
841,690,1,348
840,846,1,345
866,860,1,56
891,813,1,291
896,691,0,54
926,871,0,336
919,769,1,85
922,676,1,317
952,822,0,53
973,742,1,330
990,711,0,166
1027,708,1,277
1051,815,1,292
1051,756,1,359
1053,788,1,320
1057,863,0,140
1086,809,0,241
1105,725,1,326
1159,755,1,42
1186,802,0,44
1207,705,0,357
1209,841,0,228
1257,671,0,4
1255,778,0,43
1268,806,0,6
1300,843,0,234
1300,700,0,268
1317,761,0,7
1329,701,0,91
1343,847,0,85
1379,685,0,12
1375,816,0,284
1383,739,0,148
1388,771,0,341
1414,835,0,213
1422,792,0,37
1426,713,0,231
1433,856,1,315
1461,739,0,216
1464,813,0,84
1480,830,0,74
1488,856,1,320
1507,697,0,272
1515,810,1,41
1526,855,0,233
1544,705,1,10
1566,841,1,333
1568,750,1,7
1598,704,1,21
1603,753,0,82
1617,842,1,74
1617,872,1,302
1648,737,1,355
1654,676,1,19
1677,753,1,56
1678,693,1,61
1696,799,0,350
1725,759,0,302
1743,698,0,44
1793,829,0,348
1804,711,0,329
1804,761,0,117
1831,758,1,287
1849,817,0,117
1884,714,0,356
1898,752,0,1
1905,775,1,325
1910,684,1,4
1933,852,0,265
1952,807,0,333
1970,671,0,351
1986,784,0,151
1995,866,0,29
2028,721,0,27
2037,801,1,344
2072,789,0,17
2076,866,0,31
2136,779,0,0
2147,835,0,30
2256,836,0,32
118,1009,0,327
128,1063,0,47
148,878,0,54
152,993,1,283
179,1036,1,289
181,910,0,260
206,973,0,329
221,924,0,180
237,945,0,36
235,1066,1,11
235,1005,1,50
260,901,0,355
261,991,1,316
260,934,1,350
315,935,0,274
340,876,0,16
363,914,0,315
365,1078,0,31
393,1038,1,289
402,966,0,99
440,970,0,87
444,1039,0,295
461,875,0,192
476,992,0,64
497,1021,0,253
546,1001,0,260
549,920,1,7
577,936,1,32
610,1002,0,3
638,874,0,136
681,966,1,273
681,935,1,53
710,1042,1,23
730,970,0,25
733,1010,0,2
780,940,0,112
787,876,1,69
788,1028,1,59
805,1069,0,347
815,920,1,43
813,1043,1,50
852,897,0,343
870,963,0,219
891,1029,1,345
916,986,0,265
943,937,1,322
945,968,1,78
972,1020,0,327
995,1002,1,0
1033,983,0,8
1033,893,0,192
1046,1060,1,317
1077,1005,0,192
1101,970,1,308
1146,1014,0,95
1156,969,1,319
1172,892,0,8
1204,1030,1,303
1211,908,1,0
1235,1038,0,343
1244,911,0,342
1354,1079,0,352
1374,924,0,204
1376,1039,0,99
1406,995,0,105
1442,909,0,285
1449,1052,0,341
1452,974,0,346
1458,953,1,351
1475,1013,0,23
1486,948,0,335
1487,917,1,318
1509,988,1,33
1521,932,0,75
1538,977,1,56
1544,1056,0,324
1541,946,1,77
1573,984,0,59
1616,1021,0,352
1616,902,1,333
1625,928,0,225
1643,1075,0,355
1686,1029,0,339
1695,979,1,25
1707,1004,0,1
1725,962,0,32
1726,1057,0,49
1723,933,1,39
1782,974,0,268
1797,886,0,15
1801,1072,0,150
1829,994,0,83
1835,1055,0,335
1854,892,1,47
1865,1014,0,99
1878,923,0,118
1905,1058,0,266
1910,914,0,70
1923,971,0,190
1943,1007,0,223
1951,1078,0,169
1956,909,0,319
1960,952,0,335
1966,1025,0,47
2024,1012,0,183
2019,903,0,267
2027,970,0,357
2035,942,1,49
2044,1052,0,47
2068,954,0,326
2084,901,0,34
2093,1078,0,137
2100,936,0,355
2107,998,0,6
2138,1067,0,158
2147,962,0,353
2165,1034,0,0
2177,937,0,341
2211,990,0,8
2215,1040,0,311
2267,874,0,8
2276,1044,0,47
2290,914,0,356
2342,955,0,17
2344,1042,0,346
2463,991,0,178
2473,879,0,355
87,1185,0,225
102,1231,0,247
123,1159,0,231
140,1089,0,202
152,1145,1,48
159,1177,0,208
177,1219,1,292
181,1097,0,13
179,1250,1,0
202,1234,0,335
203,1180,0,233
207,1140,0,17
206,1114,1,29
230,1276,1,320
248,1098,0,4
245,1148,0,43
249,1224,0,336
259,1175,1,81
295,1154,0,23
303,1200,0,81
310,1252,0,5
326,1130,0,330
350,1198,0,249
391,1285,1,6
410,1093,0,68
429,1228,0,22
469,1171,0,1
471,1208,1,351
471,1240,1,333
478,1104,0,334
497,1135,1,63
517,1279,0,80
523,1087,1,315
549,1131,1,310
579,1088,0,1
572,1209,1,275
598,1184,0,195
597,1284,1,58
645,1160,0,336
663,1241,0,304
700,1190,0,67
714,1118,0,37
735,1252,0,347
734,1147,1,298
760,1135,1,280
777,1229,0,357
782,1114,0,325
795,1166,0,198
812,1195,1,329
807,1097,0,342
862,1258,1,353
916,1229,1,350
919,1193,0,128
945,1256,0,0
951,1140,0,352
943,1119,1,356
965,1197,0,264
996,1124,1,344
1007,1095,0,15
1016,1231,1,85
1091,1213,0,331
1098,1155,1,272
1150,1244,0,145
1154,1092,0,35
1154,1152,1,71
1187,1180,0,56
1204,1275,1,89
1222,1244,0,295
1240,1208,0,0
1258,1175,0,19
1294,1121,0,156
1306,1285,0,336
1300,1185,1,84
1309,1094,0,328
1308,1157,0,143
1320,1191,0,166
1351,1153,0,81
1353,1270,0,287
1359,1207,0,342
1389,1233,0,257
1400,1173,0,320
1400,1088,0,81
1435,1237,0,36
1442,1144,0,43
1464,1085,0,351
1481,1245,1,282
1483,1126,1,289
1487,1283,0,330
1513,1212,0,2
1508,1172,1,335
1526,1114,0,82
1539,1255,0,346
1576,1111,0,228
1582,1157,0,152
1589,1220,1,18
1617,1237,1,306
1629,1143,0,59
1635,1192,0,256
1657,1244,0,39
1684,1199,0,11
1716,1095,0,304
1718,1258,0,283
1728,1148,0,203
1726,1210,1,40
1755,1091,0,269
1760,1275,0,225
1765,1238,0,12
1764,1170,0,47
1795,1210,0,338
1801,1109,0,358
1813,1134,0,5
1834,1267,0,172
1846,1178,0,18
1872,1104,0,125
1908,1202,0,133
1932,1141,0,277
1964,1263,0,344
1970,1174,0,267
2004,1137,0,243
2050,1135,0,48
2067,1192,0,337
2106,1152,0,115
2112,1236,0,331
2159,1128,0,101
2170,1218,0,4
2182,1182,0,181
2190,1245,0,197
2200,1080,0,302
2222,1128,0,4
2247,1268,0,98
2263,1186,0,251
2273,1231,0,222
2282,1082,0,21
2295,1135,0,180
2308,1158,0,18
2307,1269,0,335
2326,1104,0,14
2355,1153,0,58
2403,1248,0,231
2448,1254,0,38
2456,1096,0,272
2504,1276,0,38
2514,1170,0,113
1903,636,0,84
1105,1079,0,242
