70,2051,0,292
127,2038,0,339
132,1982,0,185
273,1964,0,54
311,1962,1,41
331,1992,0,356
333,2067,1,55
335,1917,1,77
336,2035,1,277
386,1947,1,277
388,2006,1,322
418,2079,0,18
433,1930,0,48
441,2008,0,338
463,2082,1,42
490,1960,0,220
519,2086,1,51
551,2089,1,8
563,1931,0,247
592,1980,1,314
597,1921,1,75
592,1949,1,341
615,2063,0,142
673,1996,0,140
683,1927,0,153
685,2040,0,17
700,1982,1,321
730,1993,0,39
754,2055,0,317
803,1952,1,53
826,1921,0,358
834,1978,0,63
859,2021,0,254
891,1966,0,293
928,2006,0,216
939,1910,1,31
987,1905,0,260
1100,1928,0,337
1397,1907,0,290
1812,2079,0,238
100,2201,0,206
132,2119,0,113
403,2133,0,64
451,2270,0,308
470,2113,0,238
524,2118,0,29
534,2139,1,38
545,2177,0,127
600,2113,0,297
698,2195,0,226
804,2190,1,284
76,2398,1,329
2422,2478,0,51
2452,2518,0,40
96,169,0,74
271,232,0,29
337,209,0,239
417,207,0,355
639,249,0,41
797,238,0,92
891,234,0,359
2446,182,0,227
2517,217,0,269
223,433,0,206
260,459,0,6
263,350,0,218
262,386,1,35
281,435,1,310
302,420,0,141
334,295,0,248
338,398,1,313
362,335,0,95
368,385,1,39
397,417,0,59
423,369,0,291
449,337,0,8
446,426,1,72
472,383,0,229
479,440,0,264
500,336,1,80
506,261,0,47
500,365,1,284
527,383,1,77
544,337,0,31
580,383,1,305
591,348,0,197
607,371,1,28
619,301,0,15
630,324,1,0
632,384,1,43
677,414,0,213
677,348,0,18
688,383,0,165
694,296,0,344
714,428,0,237
746,259,0,103
758,336,0,19
760,432,0,260
810,399,0,295
840,302,0,13
851,357,0,342
914,426,0,357
930,273,0,7
1165,452,1,90
1634,446,0,19
1808,446,0,32
2188,409,0,4
106,489,0,0
153,595,0,349
185,625,0,228
190,572,0,7
190,508,0,212
206,654,0,35
207,536,1,289
235,610,1,70
249,526,0,148
250,653,0,322
283,563,0,279
314,505,1,333
317,567,0,329
319,596,0,5
315,627,1,48
315,654,1,5
342,552,1,76
342,583,1,76
365,475,1,325
378,645,0,236
388,514,0,10
383,623,0,98
392,490,1,1
395,552,1,26
439,473,0,266
448,656,0,4
473,536,1,282
498,510,0,82
550,646,0,23
576,485,0,151
594,547,0,331
609,660,0,39
636,574,0,257
659,613,1,61
658,644,1,78
661,553,1,313
685,506,1,77
704,624,0,338
710,542,0,359
708,519,1,357
711,493,1,10
746,501,0,345
790,608,0,210
792,477,1,37
814,558,1,317
818,462,1,53
836,543,0,153
844,572,1,355
860,623,0,17
860,506,0,141
907,481,0,270
909,534,0,213
922,628,0,18
947,564,0,341
947,491,0,97
975,617,1,315
976,553,1,313
1002,571,1,277
1003,511,1,352
1011,652,0,96
1041,500,0,359
1049,591,0,259
1061,537,0,167
1095,469,0,98
1106,572,1,313
1115,662,0,345
1153,618,0,5
1155,522,0,358
1157,479,0,2
1161,546,1,336
1244,549,0,9
1259,666,0,353
1262,477,0,339
1264,512,0,7
1392,619,0,164
1489,555,0,14
1498,605,0,203
1493,644,1,305
1530,664,0,57
1548,519,0,353
1572,600,1,301
1626,630,1,8
1657,657,0,241
1661,513,0,19
1672,575,0,255
1714,587,0,221
1723,664,0,311
1731,632,1,303
1762,466,0,181
1771,626,0,311
1803,557,0,5
1817,617,0,319
1860,664,0,49
1860,597,0,251
1875,498,0,36
1928,543,0,354
2338,560,0,87
77,1464,1,55
103,1430,0,354
135,1386,0,110
169,1342,0,1
181,1470,0,41
182,1312,1,279
188,1402,0,286
211,1296,0,347
214,1363,0,328
242,1399,0,206
248,1342,0,316
260,1450,1,321
285,1418,0,258
292,1489,0,221
301,1325,0,13
304,1447,0,65
328,1434,0,207
340,1374,0,352
337,1344,1,312
374,1477,0,302
390,1405,1,16
390,1436,1,329
393,1344,1,90
407,1292,0,249
432,1341,0,18
442,1375,1,84
443,1314,1,344
471,1477,0,158
470,1449,1,340
469,1392,1,17
492,1452,0,348
503,1454,0,353
524,1420,0,356
528,1342,0,241
540,1287,0,218
570,1395,0,326
582,1460,0,46
578,1329,0,281
611,1304,0,35
624,1455,1,300
633,1358,0,38
663,1383,0,238
717,1458,0,87
731,1363,1,0
757,1378,1,32
771,1341,0,216
781,1455,1,285
792,1406,0,354
809,1358,0,147
812,1289,1,296
831,1451,0,231
852,1317,0,338
912,1318,1,309
911,1471,1,0
939,1442,0,348
986,1458,1,299
1011,1458,0,283
1030,1319,0,197
1091,1400,0,220
1107,1366,0,117
1114,1485,0,3
1149,1431,0,39
1166,1297,0,17
1211,1345,0,92
1221,1454,0,354
1253,1404,0,9
1257,1367,0,217
1294,1430,0,270
1303,1309,0,45
1327,1332,0,245
1350,1384,0,131
1352,1416,1,285
1355,1322,1,307
1395,1336,0,275
1416,1484,0,140
1424,1400,1,296
1444,1294,0,38
1453,1364,0,273
1484,1434,0,348
1491,1486,0,27
1490,1377,0,260
1495,1315,0,179
1541,1334,0,203
1542,1368,0,204
1554,1297,0,43
1577,1376,0,262
1600,1451,0,327
1608,1309,0,50
1638,1329,0,35
1700,1459,0,152
1705,1350,0,94
1714,1403,0,15
1752,1450,0,110
1782,1393,0,120
1790,1459,0,77
1810,1319,0,190
1819,1491,0,262
1842,1351,0,192
1849,1482,0,83
1864,1304,1,90
1877,1407,0,233
1891,1289,0,19
1910,1469,0,350
1942,1322,0,10
1941,1356,0,182
1946,1407,0,342
1970,1295,0,324
1981,1473,0,141
1985,1444,0,358
2007,1355,0,282
2011,1415,0,195
2019,1458,0,38
2052,1450,0,91
2065,1371,0,355
2083,1321,0,219
2094,1412,0,199
2108,1471,0,305
2142,1447,0,335
2145,1338,0,33
2163,1379,0,223
2216,1440,0,330
2232,1292,0,231
2230,1386,0,96
2252,1347,0,281
2285,1324,0,308
2301,1399,0,8
2333,1330,0,123
2334,1433,0,16
2358,1462,0,0
2387,1310,0,239
2409,1375,0,357
2436,1341,1,316
2444,1305,0,19
2497,1328,0,12
2499,1435,0,16
99,1541,0,257
125,1518,1,3
137,1680,0,125
210,1667,0,311
233,1523,1,70
246,1670,0,110
257,1539,1,71
283,1576,0,278
293,1645,0,354
311,1572,1,270
313,1662,1,359
313,1689,1,332
335,1499,0,76
338,1612,0,52
350,1544,0,233
356,1671,0,277
386,1637,0,97
390,1526,1,292
429,1591,0,27
439,1696,0,358
438,1549,0,24
452,1505,0,129
485,1659,0,358
502,1547,0,46
500,1607,0,238
533,1654,0,286
544,1528,1,295
553,1562,0,141
570,1593,0,353
571,1543,1,308
577,1646,0,312
596,1498,1,338
638,1556,0,9
645,1608,0,335
672,1665,1,86
695,1656,0,95
704,1511,0,172
721,1578,0,13
728,1545,1,15
753,1605,0,180
757,1686,0,97
755,1499,1,9
769,1535,0,80
782,1634,1,342
807,1691,0,34
814,1645,0,192
832,1543,0,228
860,1621,1,86
867,1689,0,84
885,1637,1,82
912,1532,0,34
904,1693,0,234
909,1561,1,12
934,1549,1,4
946,1639,0,355
979,1528,0,28
989,1669,1,299
1006,1565,0,226
1033,1686,0,339
1040,1640,1,341
1095,1669,1,353
1174,1507,0,16
1200,1671,1,278
1236,1516,0,290
1304,1516,0,34
1325,1594,0,195
1352,1623,1,284
1354,1503,1,306
1352,1683,1,282
1370,1514,0,321
1386,1550,0,349
1395,1684,1,275
1433,1556,0,74
1483,1637,0,65
1509,1564,0,193
1547,1642,0,329
1565,1532,0,356
1584,1493,0,137
1592,1575,0,5
1616,1691,0,123
1641,1520,0,48
1658,1538,0,21
1694,1516,1,353
1706,1497,0,159
1713,1572,0,273
1742,1563,0,274
1762,1509,0,312
1764,1688,0,250
1770,1633,0,48
1791,1560,0,32
1798,1688,0,246
1809,1645,0,6
1817,1624,1,37
1819,1493,0,261
1849,1631,0,353
1883,1529,0,224
1888,1578,0,343
1909,1683,0,356
1937,1634,0,219
1938,1515,0,230
1950,1561,0,262
1997,1540,0,253
2011,1629,0,30
2042,1591,0,5
2043,1531,0,265
2072,1641,0,33
2096,1515,0,291
2125,1564,0,21
2154,1504,0,193
2182,1579,0,47
2213,1632,0,187
2239,1498,0,12
2242,1600,0,132
2340,1572,0,7
2373,1623,0,182
2405,1496,0,226
2408,1532,0,354
2435,1533,0,176
87,1800,0,37
92,1889,0,335
103,1855,0,236
107,1702,0,97
134,1765,1,329
170,1767,0,309
179,1703,0,70
183,1865,0,249
181,1738,1,13
230,1737,1,61
230,1767,1,2
290,1731,0,65
295,1892,0,156
284,1827,1,82
314,1812,0,312
336,1857,1,285
347,1750,0,186
357,1781,0,4
363,1843,0,265
370,1717,0,193
426,1813,0,119
433,1881,0,220
470,1845,0,313
478,1796,0,79
505,1888,0,237
512,1721,0,29
510,1780,0,125
525,1849,0,189
548,1748,0,6
546,1878,0,213
573,1800,0,343
604,1741,0,90
620,1876,1,329
641,1703,0,335
640,1765,0,256
666,1839,0,278
697,1766,0,232
700,1715,0,219
699,1892,1,59
700,1802,1,40
734,1842,0,177
752,1777,0,122
755,1739,1,305
776,1845,1,335
780,1818,1,43
801,1883,0,202
800,1757,0,103
845,1749,0,304
875,1846,0,152
884,1877,1,356
901,1899,0,357
944,1823,0,346
945,1875,0,119
960,1723,0,68
963,1803,1,326
991,1754,0,194
987,1727,1,53
1012,1869,0,314
1024,1816,0,68
1056,1887,0,350
1110,1853,0,7
1148,1700,1,327
1194,1844,0,346
1199,1731,1,26
1215,1782,0,7
1232,1826,0,345
1237,1804,0,345
1350,1896,0,133
1393,1773,0,334
1396,1902,0,112
1396,1861,1,292
1421,1823,0,193
1461,1844,0,226
1483,1777,0,47
1495,1852,0,248
1530,1703,0,116
1552,1751,0,231
1562,1874,0,19
1582,1770,0,231
1783,1753,0,19
1836,1783,0,344
2013,1724,0,329
2091,1817,0,351
2131,1753,0,340
84,850,0,248
100,715,0,67
176,791,1,80
178,762,1,50
184,819,0,35
205,778,0,348
203,749,1,301
205,843,1,59
205,687,1,87
211,871,1,288
232,702,1,304
250,762,0,321
260,718,1,283
288,807,0,223
287,683,0,111
305,735,0,9
311,761,0,0
314,814,1,22
332,673,0,0
370,772,0,9
372,842,0,348
368,811,1,355
380,711,0,187
391,822,1,345
419,810,0,107
447,770,0,273
464,849,0,87
472,761,0,285
492,742,0,121
501,862,0,269
522,811,1,67
534,689,0,172
531,720,0,191
547,779,0,7
545,844,0,99
553,800,1,20
564,729,0,224
584,850,0,287
606,818,0,54
637,731,0,97
640,680,0,215
642,850,0,24
662,795,0,141
677,698,0,76
714,815,0,78
719,731,0,29
737,752,1,29
734,844,1,340
764,706,1,298
769,821,0,44
818,828,0,227
840,757,0,341
841,690,1,329
840,846,1,337
863,796,0,332
866,860,1,68
881,788,0,29
891,813,1,288
897,690,0,54
923,677,1,338
925,775,0,275
956,854,0,59
983,771,0,103
1026,710,1,74
1029,803,0,277
1051,756,1,359
1054,781,0,279
1056,816,1,78
1093,778,0,246
1104,725,1,281
1111,823,0,235
1132,742,1,0
1159,756,1,358
1174,737,0,325
1188,825,0,26
1202,703,0,346
1235,842,0,274
1256,800,0,9
1254,720,0,113
1311,760,0,16
1322,708,0,31
1326,869,0,73
1348,770,0,256
1374,852,0,228
1396,730,0,237
1414,789,0,99
1455,725,0,27
1454,848,0,265
1476,758,0,3
1476,792,0,191
1488,855,1,308
1490,734,1,339
1490,815,0,247
1516,810,1,60
1545,776,0,134
1544,705,1,346
1565,845,0,6
1568,749,1,347
1597,704,1,271
1616,814,0,344
1617,872,1,301
1619,843,1,285
1648,737,1,340
1661,776,0,184
1678,693,1,79
1676,751,1,38
1729,754,1,347
1736,802,0,214
1756,679,1,305
1762,722,0,46
1813,735,0,211
1832,801,0,148
1830,759,1,62
1868,853,0,231
1882,735,0,340
1888,789,0,317
1898,699,0,353
1906,773,1,317
1911,860,0,115
1910,680,1,325
1950,798,0,341
1970,671,0,351
1982,850,0,189
2004,797,0,115
2028,720,0,12
2070,811,0,39
2076,864,0,4
2134,776,0,352
2143,833,0,10
2253,834,0,31
116,1005,0,357
128,1064,0,40
144,882,0,78
179,1036,1,79
185,883,0,281
202,963,0,353
213,926,0,19
234,1006,0,37
235,1067,1,13
240,944,0,38
259,898,0,359
261,991,1,319
288,1038,1,295
310,879,0,12
304,941,0,86
363,897,0,269
394,982,0,76
392,1037,1,277
411,1072,0,258
444,1040,0,310
477,916,0,178
484,1078,0,20
522,958,0,319
524,997,1,326
522,1056,1,17
577,936,1,31
576,996,1,356
613,1047,0,59
616,972,0,35
661,895,0,313
662,1047,0,261
678,935,1,71
680,966,1,54
706,960,0,288
752,905,0,254
760,1044,1,348
763,1013,1,47
787,876,1,301
788,1028,1,62
814,920,1,20
813,1043,1,60
828,965,0,121
839,937,1,79
864,894,0,347
890,1028,1,326
896,1060,0,232
917,1013,1,277
945,908,0,196
943,968,1,35
949,941,0,326
955,1014,0,69
988,1035,0,54
1029,969,0,65
1034,1029,0,49
1043,896,0,6
1047,1060,1,25
1101,971,1,9
1126,994,0,255
1149,1064,0,324
1157,971,1,291
1155,1001,1,16
1165,910,0,359
1156,1032,1,47
1205,1032,1,90
1234,1033,0,345
1247,896,0,154
1246,925,0,187
1282,971,0,295
1323,1071,0,9
1383,992,0,270
1403,922,0,269
1449,933,0,55
1461,963,1,69
1485,947,0,339
1484,976,1,10
1488,918,1,74
1499,1027,0,22
1507,990,1,7
1534,945,1,343
1538,977,1,64
1548,1069,0,316
1560,945,0,106
1592,1026,0,4
1619,1052,0,1
1616,902,1,355
1631,925,0,215
1675,1029,0,341
1699,1007,0,350
1729,1053,0,56
1780,1059,0,342
1785,885,0,12
1780,1010,0,103
1826,1042,0,1
1829,935,0,354
1853,895,1,22
1886,1018,0,343
1891,1051,0,343
1909,915,0,48
1936,991,0,353
1939,946,0,279
1948,1064,0,117
1961,884,0,21
1969,956,1,326
1981,1021,0,223
2004,966,0,40
2008,912,0,324
2004,1050,0,75
2058,994,0,130
2070,1043,0,5
2073,951,0,10
2077,1078,0,355
2098,918,0,13
2098,975,0,89
2125,985,0,81
2146,1060,0,309
2150,948,0,331
2182,929,0,340
2193,1045,0,107
2214,989,0,1
2244,1028,0,352
2272,878,0,356
2275,1062,0,9
2288,914,0,349
2341,1035,0,2
2341,954,0,20
2462,993,0,171
2473,879,0,0
2487,1000,1,4
59,1269,0,278
88,1191,0,241
102,1232,0,242
122,1160,0,235
141,1088,0,200
153,1176,0,214
150,1144,1,70
176,1219,1,292
179,1250,1,66
188,1097,0,359
194,1190,0,353
206,1236,0,337
208,1144,1,318
230,1275,1,313
233,1189,1,286
244,1224,0,323
258,1102,0,21
272,1284,0,248
280,1196,0,323
293,1156,0,9
328,1127,0,347
345,1277,0,104
353,1195,0,259
391,1130,0,134
387,1284,1,2
431,1232,0,21
443,1256,1,34
460,1171,0,3
463,1172,0,358
472,1240,0,348
471,1208,1,47
485,1124,0,164
522,1147,1,335
554,1089,0,337
549,1131,1,86
591,1197,0,305
598,1283,1,281
613,1142,0,282
652,1224,1,16
674,1154,0,351
674,1124,0,295
706,1120,0,154
705,1255,1,278
734,1150,1,24
732,1212,1,7
747,1268,0,221
760,1135,1,299
777,1228,0,357
787,1151,1,35
812,1196,1,353
836,1251,0,67
864,1258,1,283
911,1265,0,6
911,1120,0,185
916,1228,1,36
944,1150,0,217
960,1114,0,16
964,1081,0,336
985,1172,0,231
995,1123,1,314
1016,1260,0,343
1017,1232,1,293
1071,1222,0,328
1098,1155,1,88
1132,1261,0,341
1153,1152,1,319
1182,1155,0,287
1205,1255,0,110
1282,1158,0,19
1297,1273,0,193
1301,1200,0,121
1317,1244,0,163
1349,1191,0,12
1361,1285,0,27
1371,1216,0,40
1395,1153,0,64
1407,1250,0,334
1403,1119,0,30
1427,1231,1,277
1447,1083,0,151
1446,1201,0,67
1480,1247,1,77
1482,1127,1,316
1492,1209,0,217
1503,1281,0,339
1503,1089,0,261
1529,1131,0,25
1529,1257,0,322
1531,1189,0,117
1539,1232,0,150
1564,1191,0,100
1585,1157,0,153
1590,1219,1,2
1607,1089,0,222
1615,1262,0,356
1618,1236,1,312
1620,1141,0,268
1641,1183,0,63
1653,1114,0,272
1670,1233,0,2
1685,1276,0,33
1689,1195,0,20
1690,1093,0,246
1726,1208,1,14
1727,1110,0,268
1754,1279,0,213
1809,1136,0,336
1845,1086,0,205
1855,1180,0,337
1860,1227,0,134
1914,1245,0,136
1925,1106,0,137
1933,1159,0,340
1937,1214,0,159
1990,1125,0,49
1991,1260,0,293
2029,1179,0,270
2039,1233,0,5
2063,1258,0,0
2065,1189,0,59
2076,1107,0,1
2119,1136,0,1
2123,1200,0,289
2144,1102,0,327
2152,1277,0,72
2184,1202,0,11
2203,1159,0,143
2229,1223,0,266
2235,1096,0,308
2299,1247,0,10
2302,1158,0,205
2320,1212,0,346
2330,1088,0,7
2358,1284,0,273
2360,1180,0,74
2383,1241,0,85
2426,1167,0,9
2455,1268,0,12
2456,1100,0,264
255,1611,0,133
2208,1697,0,353
