66,2053,0,290
127,2057,0,37
131,1967,0,276
274,1972,0,133
281,2006,1,321
311,1962,1,27
335,1990,0,1
333,2067,1,59
334,1917,1,312
336,2035,1,301
386,1947,1,295
389,2006,1,309
417,2079,0,19
444,1935,0,2
441,2007,0,339
477,2081,0,267
515,1973,0,151
526,1936,0,140
518,2085,1,36
550,2090,1,35
591,1921,1,60
592,1980,1,326
629,1918,0,217
631,1962,0,354
639,2067,0,273
696,2046,0,63
698,1981,1,316
724,2001,0,172
750,2062,0,320
779,1916,0,31
815,1965,0,149
869,2013,0,25
876,1955,0,60
889,1905,0,217
906,2059,0,347
929,2006,0,216
936,1908,1,43
991,1904,0,346
1478,1930,0,137
1897,1914,0,284
102,2199,0,218
115,2118,0,50
418,2254,0,327
445,2133,0,338
522,2118,0,26
535,2138,1,344
554,2186,0,128
600,2114,0,296
673,2141,0,308
804,2189,1,282
77,2398,1,58
2424,2478,0,225
2451,2519,0,40
95,166,0,76
246,183,0,259
364,178,0,173
417,212,0,343
739,207,0,37
886,236,0,359
2362,134,0,285
2517,217,0,267
225,392,0,271
270,344,0,214
288,417,0,68
330,299,0,252
335,396,1,288
362,335,0,95
365,419,0,84
368,382,1,356
367,356,1,9
399,419,0,49
442,445,0,220
450,338,1,358
471,381,0,221
500,336,1,80
506,263,0,34
512,391,0,205
527,384,1,90
546,440,0,183
550,329,0,11
563,371,0,3
604,312,0,134
631,387,1,339
655,369,0,355
687,414,0,224
687,300,0,144
688,446,1,60
724,432,0,270
743,344,0,46
743,273,0,94
758,424,0,283
770,333,0,6
814,399,0,317
818,461,1,41
827,296,0,12
882,365,0,350
914,421,0,43
931,272,0,6
1164,450,1,25
1633,446,0,18
1698,301,0,291
1807,444,0,40
2187,409,0,13
106,489,0,2
128,560,0,16
154,596,0,294
159,663,0,87
207,654,1,48
207,536,1,89
236,521,0,322
234,610,1,57
251,477,0,9
263,645,0,331
281,536,0,294
308,627,0,137
313,505,1,45
321,594,0,358
319,569,1,336
342,552,1,34
343,581,1,70
365,477,1,49
376,621,0,102
389,547,0,37
395,491,1,295
452,657,0,8
447,490,1,44
474,536,1,316
509,535,0,134
532,642,0,8
581,513,0,182
579,658,1,34
591,544,0,345
614,666,0,35
639,465,0,286
657,553,1,319
658,523,1,14
674,608,0,359
685,506,1,45
694,535,0,201
711,557,1,29
756,508,0,350
780,596,0,254
792,477,1,346
816,554,1,326
843,572,1,282
850,613,0,37
857,657,0,187
879,570,0,149
896,521,0,358
915,627,0,21
925,478,0,183
933,557,0,237
949,508,1,359
975,557,1,329
975,617,1,327
980,513,0,67
1001,571,1,82
1033,521,0,44
1049,585,0,260
1075,543,0,188
1088,487,0,53
1106,571,1,270
1130,657,0,348
1155,523,0,350
1159,478,0,8
1173,635,0,324
1242,548,0,7
1256,665,0,0
1263,476,0,332
1264,512,0,7
1318,611,0,173
1362,552,0,264
1402,606,0,106
1411,660,0,342
1450,585,0,0
1493,644,1,50
1501,534,0,350
1546,646,1,80
1574,567,0,214
1573,600,1,46
1625,629,1,15
1655,521,0,358
1691,584,0,165
1744,589,0,201
1753,639,0,348
1757,617,1,325
1807,554,0,6
1862,648,0,57
1865,572,0,254
1875,498,0,34
1928,543,0,355
65,1470,0,160
106,1429,0,351
150,1376,0,359
168,1344,0,4
185,1477,0,53
183,1312,1,280
210,1297,0,340
213,1360,0,331
258,1378,0,258
259,1450,1,317
285,1418,0,262
284,1465,1,335
297,1326,0,71
351,1483,0,352
354,1376,0,349
358,1450,0,353
360,1319,0,62
386,1419,0,162
392,1400,1,333
421,1351,0,3
435,1293,0,183
442,1376,1,343
443,1318,1,355
468,1450,1,351
487,1462,0,281
500,1371,0,17
507,1453,0,254
520,1331,1,292
552,1340,0,286
562,1393,0,185
572,1466,0,6
570,1297,0,291
585,1425,0,26
610,1305,0,36
619,1385,0,101
624,1455,1,298
663,1436,0,178
676,1406,0,357
689,1299,0,209
712,1459,0,63
717,1325,0,224
731,1363,1,48
741,1421,0,50
758,1379,1,292
767,1336,0,245
782,1455,1,15
799,1364,0,130
874,1329,0,225
917,1450,0,24
913,1320,1,89
913,1474,1,13
931,1370,0,207
969,1301,0,9
986,1457,1,311
1009,1455,0,282
1045,1488,0,278
1095,1399,1,62
1107,1364,0,117
1113,1447,0,8
1206,1475,0,0
1211,1351,0,97
1250,1420,0,334
1277,1321,0,15
1293,1443,0,85
1295,1289,1,79
1326,1377,0,135
1352,1306,0,338
1353,1415,1,49
1366,1368,0,351
1395,1336,0,199
1395,1390,0,224
1423,1300,0,352
1424,1402,1,270
1429,1461,0,125
1450,1362,0,275
1472,1435,0,303
1491,1486,0,24
1487,1298,0,134
1485,1355,0,96
1542,1346,0,235
1571,1481,0,142
1582,1361,0,260
1607,1454,0,311
1631,1342,0,120
1642,1442,0,109
1654,1313,0,161
1677,1355,0,272
1690,1427,0,58
1719,1361,0,33
1745,1459,0,111
1810,1319,0,189
1809,1467,0,320
1830,1363,0,118
1842,1451,0,118
1865,1415,0,279
1890,1297,0,22
1896,1397,0,291
1910,1331,0,10
1916,1371,0,140
1915,1477,0,206
1956,1295,0,91
1957,1364,0,290
1978,1449,0,20
1986,1483,0,190
2006,1325,0,16
2008,1388,0,169
2013,1355,0,307
2033,1428,0,0
2057,1358,0,314
2062,1480,0,107
2076,1313,0,354
2091,1390,0,191
2105,1362,0,334
2099,1450,0,287
2116,1343,0,3
2145,1414,0,213
2165,1308,0,25
2199,1380,0,336
2238,1333,0,212
2250,1303,0,208
2270,1343,0,53
2281,1296,1,294
2289,1415,0,292
2317,1393,0,324
2343,1355,0,94
2388,1308,0,237
2396,1384,0,0
2437,1367,0,162
2445,1308,0,82
2503,1412,0,201
99,1541,0,255
125,1518,1,353
139,1681,0,124
209,1666,0,308
233,1523,1,278
234,1583,1,88
234,1494,1,65
255,1542,1,13
256,1543,1,349
263,1514,0,314
268,1681,0,132
283,1608,0,147
291,1646,0,346
303,1512,0,119
312,1569,1,38
313,1690,1,347
348,1633,0,306
352,1528,0,306
358,1582,0,19
389,1526,1,293
391,1638,0,98
432,1589,0,43
431,1528,0,9
460,1606,0,49
485,1669,0,356
490,1646,1,26
511,1619,0,283
526,1526,0,245
551,1603,0,314
568,1544,1,298
574,1644,0,311
597,1498,1,336
594,1622,1,84
602,1599,0,145
600,1548,0,110
620,1694,0,336
642,1565,0,75
649,1499,1,30
663,1653,0,335
676,1520,0,316
676,1594,0,245
727,1640,0,133
737,1606,0,139
739,1563,0,300
755,1499,1,14
772,1553,0,124
783,1516,1,54
795,1623,0,218
806,1687,0,311
821,1659,0,328
831,1512,0,35
845,1640,0,107
855,1557,0,343
871,1592,0,350
863,1620,1,331
884,1637,1,23
904,1690,0,216
919,1637,0,322
935,1546,1,8
941,1572,0,2
934,1671,1,346
950,1509,0,5
989,1668,1,350
1040,1640,1,355
1042,1551,1,0
1095,1669,1,336
1108,1493,0,355
1178,1512,0,10
1200,1671,1,278
1260,1500,0,224
1302,1505,0,39
1325,1592,0,221
1352,1623,1,273
1354,1502,1,318
1352,1683,1,289
1370,1516,0,315
1384,1551,0,346
1395,1684,1,279
1428,1509,0,328
1440,1587,0,160
1502,1564,1,52
1527,1564,0,94
1528,1658,0,270
1583,1532,0,6
1589,1562,0,9
1593,1685,0,288
1601,1622,0,296
1649,1500,0,25
1699,1656,0,75
1704,1500,0,171
1771,1686,0,274
1791,1590,0,27
1801,1640,0,28
1810,1503,0,165
1829,1550,0,116
1842,1623,0,318
1885,1593,0,327
1916,1695,1,295
1939,1640,0,227
1950,1564,0,280
1963,1543,0,169
1975,1513,0,174
2014,1626,0,7
2019,1592,0,0
2018,1665,0,29
2030,1508,0,255
2061,1536,0,190
2097,1564,0,8
2111,1610,0,339
2131,1493,0,254
2177,1607,0,57
2178,1499,0,87
2241,1584,0,52
2293,1510,0,25
2335,1542,0,2
2336,1589,0,234
2416,1521,0,282
2457,1501,0,74
2487,1576,0,219
88,1803,0,27
89,1890,0,344
105,1738,0,75
107,1851,0,237
133,1765,1,349
175,1875,0,4
171,1768,0,311
179,1704,0,66
230,1737,1,66
230,1767,1,28
286,1743,0,136
284,1828,1,340
312,1811,0,321
336,1859,1,323
338,1738,1,272
349,1702,0,125
358,1782,0,351
370,1831,0,217
393,1760,0,124
435,1783,0,118
441,1832,0,138
448,1699,0,357
457,1758,0,104
474,1873,0,232
493,1777,0,95
518,1846,0,135
514,1880,1,18
534,1738,0,348
544,1708,1,316
553,1831,0,145
561,1792,0,300
578,1882,0,142
619,1877,1,35
627,1747,0,320
634,1821,0,117
693,1805,0,34
699,1892,1,19
720,1703,0,256
736,1843,0,184
747,1792,0,49
753,1817,0,104
766,1713,0,87
777,1844,1,336
786,1873,0,32
780,1818,1,72
799,1825,0,330
798,1768,0,80
836,1794,0,71
831,1848,1,2
847,1891,0,257
885,1875,1,285
913,1833,0,227
967,1861,0,206
963,1804,1,289
974,1712,0,131
1000,1765,0,178
1012,1824,0,293
1039,1709,0,81
1054,1887,0,350
1055,1847,0,222
1111,1852,0,7
1148,1700,1,323
1172,1792,0,4
1195,1854,0,333
1199,1731,1,12
1228,1834,0,340
1383,1755,0,289
1395,1862,1,296
1429,1743,0,76
1456,1798,0,248
1463,1850,0,222
1479,1746,0,1
1537,1836,0,224
1555,1756,0,223
1565,1874,0,12
1568,1724,0,340
1583,1780,0,196
1715,1724,0,2
1829,1805,0,30
1894,1700,0,349
2015,1730,0,337
2090,1816,0,350
2130,1738,0,352
2197,1701,0,348
96,705,0,347
99,862,0,200
176,791,1,42
178,763,1,90
185,819,0,36
203,749,1,331
203,844,1,47
204,688,1,327
215,787,0,321
216,869,0,317
231,702,1,294
243,763,0,351
247,731,0,350
261,686,0,150
259,811,1,52
285,860,0,276
286,796,1,68
312,810,1,8
322,735,0,241
337,668,0,193
361,847,0,356
366,694,0,229
367,811,1,352
389,768,0,318
392,824,1,340
409,708,0,266
417,809,1,287
440,866,0,3
449,748,0,277
459,818,0,296
476,758,0,267
499,817,0,97
500,735,1,81
499,858,1,4
525,807,1,86
534,691,0,173
543,847,0,301
557,773,0,30
577,811,0,252
611,816,0,234
613,855,0,218
632,720,0,59
643,758,0,26
645,855,0,330
697,673,0,202
697,749,0,89
707,809,0,356
718,852,0,23
735,752,1,312
763,706,1,55
778,767,0,58
779,829,0,88
819,829,0,240
841,690,1,336
841,846,1,334
856,769,0,147
866,861,1,40
891,813,1,288
896,692,0,64
911,741,0,337
923,871,0,65
922,677,1,328
973,742,1,323
996,694,0,73
1006,850,0,89
1024,708,1,10
1053,740,0,308
1051,816,1,296
1052,788,1,308
1104,725,1,326
1108,784,0,270
1131,740,1,86
1152,717,0,323
1159,755,1,46
1158,819,1,315
1155,784,1,0
1180,806,0,312
1199,871,0,317
1211,703,0,353
1239,756,0,3
1252,807,0,353
1249,782,0,6
1262,856,0,309
1298,700,0,270
1301,728,0,59
1318,765,0,356
1331,870,0,52
1337,672,0,220
1358,750,1,318
1392,731,0,221
1399,771,0,217
1437,817,0,199
1433,855,1,315
1444,714,0,260
1487,856,1,320
1508,711,0,39
1514,810,1,39
1513,871,1,77
1544,856,0,89
1547,707,1,282
1563,730,0,213
1568,842,1,279
1581,867,0,54
1591,789,0,284
1597,705,1,13
1617,873,1,301
1619,840,1,275
1648,737,1,344
1653,674,1,27
1659,700,0,351
1676,753,1,84
1717,672,0,165
1730,754,1,6
1754,719,0,18
1797,825,0,8
1795,872,0,39
1805,778,0,344
1807,685,0,74
1820,731,0,223
1831,758,1,302
1887,687,0,5
1888,742,0,349
1887,852,0,114
1906,774,1,57
1928,811,0,55
1970,671,0,352
1974,825,0,199
1998,860,0,124
2029,722,0,23
2031,822,0,95
2070,822,0,60
2104,864,0,105
2119,766,0,346
2146,837,0,18
2253,834,0,32
2340,719,0,81
104,998,0,72
128,1064,0,41
143,880,0,78
153,993,1,311
191,886,0,305
195,1006,0,33
214,927,0,2
237,946,0,29
234,1064,1,356
236,1007,0,55
261,902,0,347
261,991,1,309
310,1063,0,14
317,957,0,132
364,875,0,260
405,1022,0,255
421,921,0,60
445,1038,0,309
450,964,0,221
460,1075,0,336
496,1012,1,9
537,1010,0,140
549,920,1,350
558,976,0,200
577,935,1,25
600,949,0,44
605,984,0,37
663,1044,0,143
664,895,0,320
678,961,0,282
738,952,0,345
760,1044,1,4
763,1013,1,47
787,876,1,73
788,1028,1,51
789,908,1,30
811,966,0,28
815,921,1,43
845,1055,0,336
861,895,0,343
891,1029,1,325
916,1013,1,275
927,1063,0,5
917,924,1,285
944,938,1,16
943,969,1,307
950,911,0,358
961,1016,0,28
999,881,1,315
1032,897,0,169
1043,976,0,337
1046,1060,1,25
1092,912,0,14
1101,970,1,355
1155,970,1,334
1156,1001,1,275
1159,1051,0,284
1205,923,0,183
1230,1037,0,348
1300,1052,0,282
1381,1035,1,351
1391,923,0,4
1401,880,0,123
1412,1040,0,344
1425,991,0,173
1457,962,1,42
1471,913,0,155
1472,1000,0,325
1485,948,0,341
1483,975,1,359
1502,1025,0,1
1510,1063,0,5
1508,989,1,320
1538,946,1,297
1538,977,1,78
1569,1006,0,13
1565,950,0,91
1611,1053,0,264
1615,902,1,53
1626,919,0,232
1644,1029,0,288
1672,934,0,16
1677,1020,0,127
1705,1006,0,15
1721,887,0,99
1728,1056,0,51
1790,1071,0,149
1809,895,1,27
1823,992,0,95
1853,894,1,38
1856,1040,0,211
1894,972,0,241
1907,1063,0,195
1912,912,0,69
1915,1011,0,57
1937,946,0,271
1962,886,0,1
1964,958,1,285
1983,989,0,47
1992,924,0,13
2016,1015,0,12
2038,1045,0,20
2042,906,0,104
2050,969,0,184
2095,1061,0,44
2104,924,0,22
2121,989,0,76
2147,953,0,337
2145,1054,0,329
2182,929,0,350
2185,1079,0,350
2191,1043,0,78
2215,987,0,353
2220,1021,0,351
2232,887,1,10
2260,883,0,3
2262,1065,0,19
2285,914,0,347
2333,1068,0,14
2342,954,0,20
2340,1032,0,8
2456,988,0,178
2472,879,0,358
57,1257,0,245
74,1225,1,283
88,1182,0,202
107,1239,0,232
125,1155,0,246
141,1088,0,200
148,1144,1,352
157,1184,0,240
177,1220,1,303
181,1099,0,353
178,1251,1,79
201,1186,0,257
205,1140,1,359
206,1234,1,310
231,1189,1,275
231,1278,1,305
243,1092,0,344
235,1249,0,199
254,1219,0,175
256,1157,0,302
262,1280,0,297
293,1156,0,347
308,1205,0,269
321,1135,0,322
358,1197,0,260
391,1283,1,304
403,1136,0,197
432,1229,0,26
443,1255,1,24
460,1171,0,1
462,1172,0,358
471,1208,1,40
473,1240,1,343
496,1132,1,304
545,1089,0,345
549,1131,1,304
597,1284,1,45
599,1226,1,76
623,1255,0,172
627,1080,0,267
636,1206,0,9
678,1142,0,33
700,1093,0,195
701,1237,0,185
706,1259,1,0
733,1147,1,85
743,1269,0,211
760,1136,1,277
778,1230,0,355
782,1093,0,230
788,1150,1,274
812,1196,1,335
818,1283,0,44
862,1258,1,286
906,1136,0,54
915,1226,1,354
925,1250,0,355
944,1122,1,291
974,1225,0,137
976,1135,0,60
991,1211,1,316
1011,1192,0,142
1018,1231,1,321
1038,1128,0,225
1056,1261,0,242
1068,1211,0,10
1098,1155,1,90
1100,1263,0,121
1137,1089,0,291
1154,1152,1,66
1197,1255,0,94
1250,1244,0,26
1306,1190,0,132
1313,1265,0,151
1352,1098,0,263
1361,1177,0,59
1373,1215,0,58
1384,1264,0,219
1412,1124,0,286
1418,1221,0,24
1447,1235,0,21
1450,1197,0,349
1468,1156,0,5
1475,1108,0,344
1480,1247,1,60
1481,1132,1,359
1509,1172,1,51
1512,1275,0,135
1539,1240,0,131
1558,1188,0,102
1562,1265,1,335
1585,1157,0,169
1591,1220,1,0
1615,1195,0,339
1618,1264,0,3
1622,1104,0,211
1618,1236,0,302
1652,1156,0,87
1688,1198,0,13
1693,1093,0,219
1707,1279,0,131
1724,1158,0,348
1726,1210,1,70
1736,1117,0,12
1791,1172,0,27
1792,1281,0,53
1808,1134,0,347
1838,1242,0,148
1850,1211,0,146
1876,1154,0,231
1876,1098,0,4
1899,1227,0,92
1916,1128,0,221
1946,1124,0,55
1951,1166,0,231
1996,1204,0,199
2002,1105,0,268
2008,1246,0,176
2042,1275,0,16
2058,1108,0,279
2078,1209,0,171
2096,1153,0,69
2097,1265,0,297
2130,1284,0,72
2136,1205,0,264
2144,1101,0,36
2167,1248,0,85
2191,1137,0,300
2195,1221,0,317
2246,1222,0,292
2297,1148,0,150
2291,1278,0,10
2306,1210,0,46
2322,1259,0,190
2326,1120,0,201
2370,1266,0,84
2382,1099,0,272
2427,1170,0,17
2453,1258,0,24
2451,1094,0,260
596,255,0,7
