71,2042,0,268
116,2078,0,19
130,1975,0,322
287,1949,0,208
283,2007,1,46
311,1964,1,28
340,1986,0,359
333,2067,1,62
334,1917,1,42
335,2035,1,11
386,1946,1,290
388,2006,1,281
416,2080,0,22
441,1910,0,304
441,2007,1,324
460,2083,1,334
479,2060,0,337
519,1971,0,146
520,2085,1,297
551,2092,1,59
564,1914,0,107
583,1972,0,347
609,1931,0,118
617,2016,0,149
635,1910,0,333
638,2072,0,75
652,1978,0,31
724,2000,0,171
731,1953,0,11
747,2070,0,342
804,1951,1,23
857,2011,0,24
860,1978,0,45
889,1911,0,222
906,1970,1,45
927,2007,0,216
919,1960,0,20
938,1949,0,14
938,1908,1,337
957,1951,1,325
995,1911,0,257
92,2120,0,332
96,2201,0,188
408,2197,0,272
443,2119,0,205
522,2118,0,20
535,2139,1,5
555,2183,0,147
602,2120,0,296
632,2179,0,344
646,2159,1,303
803,2189,1,281
915,2145,0,88
77,2398,1,48
2428,2480,0,42
2450,2518,0,20
102,188,0,119
291,172,0,209
372,193,0,327
477,222,0,99
887,236,0,2
1365,238,0,276
1513,166,0,344
2366,153,0,12
2517,217,0,264
268,385,0,169
269,425,0,15
272,314,0,203
278,356,0,332
336,288,0,251
338,398,1,316
343,448,0,242
361,334,0,100
369,384,1,44
393,436,1,339
402,416,0,43
446,428,1,275
450,335,1,277
472,361,0,353
472,397,0,182
479,302,0,11
489,455,0,169
500,334,1,275
505,263,0,33
550,383,0,351
590,417,0,211
596,306,0,181
631,385,1,58
658,344,0,175
652,417,0,264
670,302,0,136
686,446,1,310
697,403,0,268
711,277,0,113
726,432,0,259
760,341,0,14
761,263,0,117
762,411,0,267
809,408,0,304
818,461,1,33
843,311,0,24
891,370,0,7
897,419,1,90
917,409,0,22
930,273,0,7
1165,451,1,90
1633,447,0,14
1817,442,0,73
2187,409,0,19
107,488,0,1
154,599,0,293
185,511,0,211
207,653,1,36
207,537,1,288
233,609,1,77
244,524,0,331
254,640,0,332
258,466,0,6
283,540,0,286
314,505,1,83
325,612,0,192
319,568,1,290
342,552,1,62
366,476,1,44
379,615,0,46
391,567,0,13
395,491,1,274
393,546,1,8
427,632,0,230
447,490,1,45
461,567,0,62
473,533,1,308
494,605,0,241
521,551,0,130
541,619,0,14
577,509,0,202
579,657,1,7
591,541,0,354
621,598,0,358
659,553,1,5
658,523,1,299
717,521,0,153
739,486,0,356
762,462,1,22
789,596,0,322
793,476,1,290
814,525,0,209
816,556,1,301
818,646,1,17
837,635,0,34
852,592,0,19
873,560,0,11
873,464,1,37
875,559,0,184
895,522,0,347
894,631,1,56
900,470,0,90
912,625,0,23
950,509,1,335
956,539,0,206
968,596,0,77
974,647,1,35
1014,658,0,204
1011,594,0,79
1054,489,0,8
1056,590,0,275
1086,544,0,196
1106,571,1,304
1156,521,0,350
1156,475,0,2
1174,614,0,314
1240,550,0,8
1263,475,0,337
1265,512,0,8
1339,658,0,133
1374,614,0,37
1398,651,0,329
1459,611,0,19
1460,544,0,33
1493,644,1,61
1546,646,1,85
1573,600,1,313
1597,583,0,127
1626,629,1,13
1651,516,0,4
1651,555,0,203
1672,620,0,343
1690,583,0,170
1731,633,1,80
1746,590,0,190
1757,620,1,308
1772,646,0,204
1806,555,0,4
1857,579,0,206
1875,498,0,34
1885,643,0,177
1929,541,0,355
86,1475,0,177
107,1429,0,349
168,1345,0,347
176,1480,0,1
202,1421,0,141
214,1301,0,336
214,1363,0,332
234,1435,1,81
257,1448,0,332
256,1349,0,296
288,1490,0,26
285,1418,0,267
285,1465,1,36
295,1325,0,75
342,1315,0,114
350,1374,0,351
390,1405,1,359
390,1436,1,334
412,1354,0,353
441,1376,1,18
443,1317,1,306
465,1291,0,344
466,1450,1,307
469,1391,1,28
490,1462,0,84
502,1320,0,215
521,1421,1,6
532,1396,0,354
524,1334,1,59
537,1356,0,21
557,1431,0,207
563,1467,0,19
607,1307,0,37
605,1439,0,184
620,1419,0,79
623,1457,1,310
639,1369,0,354
667,1458,0,352
669,1459,0,356
689,1300,0,197
710,1326,0,229
711,1455,0,61
720,1487,0,28
731,1363,1,15
743,1419,0,42
757,1379,1,81
762,1470,0,313
763,1341,0,189
783,1454,1,310
796,1305,0,0
795,1361,0,132
865,1386,0,74
862,1417,1,0
910,1450,0,9
913,1318,1,297
943,1291,0,357
982,1350,0,234
985,1455,1,293
1009,1453,0,285
1044,1302,0,102
1066,1437,0,330
1102,1326,0,172
1096,1398,1,57
1120,1366,0,339
1178,1464,0,354
1234,1296,0,359
1239,1324,0,10
1261,1389,0,357
1273,1447,0,117
1320,1344,0,294
1327,1481,0,201
1327,1423,0,102
1353,1414,1,85
1355,1323,1,287
1374,1360,0,51
1392,1288,0,132
1395,1433,0,32
1405,1479,0,53
1424,1367,0,85
1462,1360,0,284
1492,1483,0,26
1504,1444,0,187
1499,1291,0,85
1509,1362,0,81
1529,1374,0,90
1537,1303,0,269
1563,1315,0,258
1574,1427,0,328
1593,1389,0,337
1587,1461,1,298
1622,1292,0,185
1631,1315,0,220
1656,1480,0,125
1683,1300,0,343
1689,1347,0,275
1699,1412,0,141
1707,1491,0,147
1720,1348,0,81
1759,1401,0,350
1761,1339,0,130
1779,1463,0,324
1797,1371,1,75
1810,1320,0,190
1835,1370,0,299
1836,1425,0,103
1878,1472,0,356
1887,1288,0,357
1888,1370,0,309
1937,1360,0,100
1946,1446,0,268
1985,1444,0,28
1986,1366,0,66
2003,1308,0,311
2004,1400,0,22
2015,1352,0,353
2015,1462,0,16
2024,1286,0,337
2031,1490,0,213
2037,1435,0,135
2054,1317,0,28
2069,1359,0,354
2065,1407,0,274
2082,1457,0,265
2103,1340,0,333
2113,1399,0,79
2125,1294,0,341
2130,1480,0,338
2152,1438,0,31
2163,1385,0,211
2207,1316,0,54
2237,1390,0,332
2239,1325,0,61
2269,1336,0,52
2303,1348,0,29
2336,1454,0,237
2352,1379,0,40
2386,1308,0,231
2453,1292,0,30
2462,1422,0,192
2490,1465,0,181
2498,1288,0,50
99,1542,0,255
126,1519,1,11
139,1680,0,124
210,1666,0,310
234,1583,1,72
243,1520,0,314
265,1684,0,122
270,1599,0,214
287,1644,0,356
286,1617,1,28
304,1534,0,139
311,1570,1,277
313,1662,1,32
312,1690,1,323
326,1611,0,80
332,1670,0,336
355,1538,0,334
356,1624,0,259
386,1641,0,73
389,1525,1,292
389,1587,1,333
426,1584,0,308
426,1535,0,222
431,1648,0,49
450,1551,0,23
478,1519,0,161
492,1661,0,339
510,1562,0,236
545,1598,0,281
545,1527,1,301
566,1541,0,329
567,1687,0,328
574,1643,0,309
594,1494,1,14
618,1554,0,15
619,1499,0,227
622,1610,0,75
641,1692,0,47
676,1633,0,199
676,1516,0,326
679,1588,0,154
733,1545,0,294
755,1593,0,157
756,1645,0,308
806,1569,0,157
833,1637,1,343
855,1528,0,51
859,1620,1,27
883,1638,1,295
889,1553,0,214
892,1607,0,296
907,1669,0,359
927,1506,0,128
936,1548,1,20
956,1641,0,101
983,1497,0,328
990,1668,1,55
1040,1640,1,311
1042,1551,1,15
1097,1492,0,350
1095,1669,1,334
1178,1512,0,13
1200,1671,1,284
1307,1525,0,8
1323,1599,0,186
1352,1624,1,280
1352,1682,1,283
1354,1503,1,298
1386,1551,0,350
1394,1684,1,279
1419,1683,0,74
1441,1518,0,46
1464,1564,0,19
1502,1522,0,17
1501,1570,1,49
1527,1659,0,259
1547,1589,0,150
1563,1559,0,317
1585,1493,0,149
1586,1660,0,277
1654,1666,0,222
1693,1513,0,342
1765,1604,0,20
1768,1671,0,219
1790,1542,0,113
1800,1636,0,53
1832,1614,0,302
1863,1587,0,131
1864,1652,0,56
1919,1586,0,273
1927,1653,0,316
1938,1624,0,39
1948,1558,0,240
1950,1681,0,246
1989,1498,0,252
1998,1688,0,359
2013,1647,0,323
2020,1583,0,47
2027,1533,0,223
2077,1637,0,359
2127,1530,0,217
2166,1613,0,36
2170,1525,1,282
2180,1508,0,54
2226,1528,0,215
2244,1591,0,3
2317,1590,0,119
2338,1529,0,8
2401,1501,0,227
87,1803,0,29
89,1892,0,332
108,1721,0,147
109,1853,0,237
132,1765,1,310
172,1768,0,296
180,1873,0,356
178,1704,0,66
229,1737,1,47
231,1766,1,17
284,1746,0,348
301,1814,0,272
325,1713,0,35
337,1738,1,64
347,1856,0,113
394,1743,0,160
396,1805,0,244
429,1698,0,25
458,1861,0,126
458,1757,0,288
479,1700,0,222
489,1797,1,306
492,1760,0,80
518,1896,0,274
527,1825,0,199
535,1719,0,338
561,1783,0,347
570,1756,1,8
578,1846,0,80
606,1756,0,308
613,1874,1,90
629,1846,0,111
669,1808,0,358
668,1855,0,271
670,1724,0,262
699,1892,1,323
711,1702,0,95
719,1769,0,11
726,1845,0,185
754,1741,1,57
762,1705,0,207
780,1845,1,315
780,1817,1,336
793,1764,0,89
838,1759,0,290
870,1749,0,326
872,1829,0,231
877,1710,0,347
884,1876,1,0
905,1773,1,90
910,1741,1,40
926,1776,0,265
936,1848,0,350
963,1805,1,330
975,1718,0,124
1013,1744,1,282
1028,1822,0,185
1026,1725,0,55
1052,1743,0,223
1053,1887,0,343
1075,1720,1,317
1110,1853,0,7
1120,1779,0,231
1148,1700,1,329
1173,1788,0,26
1191,1850,0,345
1237,1830,0,5
1371,1730,0,7
1395,1862,1,331
1409,1780,0,274
1445,1795,0,274
1477,1878,0,100
1485,1757,0,347
1511,1808,0,218
1555,1752,0,221
1565,1874,0,16
1623,1887,0,223
1665,1783,0,32
1673,1712,0,240
1793,1741,0,178
1798,1896,0,11
1818,1702,0,3
1826,1804,0,14
2019,1732,0,342
2092,1805,0,352
2130,1737,0,348
2193,1698,0,340
91,694,0,322
108,862,0,192
149,768,0,89
162,836,0,310
176,790,1,79
189,815,0,18
209,719,0,338
202,750,1,359
208,871,0,10
203,846,1,70
205,688,1,275
215,790,0,321
233,701,1,1
252,773,0,334
258,811,1,52
285,844,0,275
289,741,0,108
288,796,1,68
313,812,1,40
331,670,0,16
335,730,0,248
351,839,0,2
366,810,1,355
375,677,0,259
390,768,0,327
391,824,1,335
393,704,1,354
417,808,1,287
428,721,0,230
456,804,0,312
475,761,0,288
498,692,0,282
498,738,1,80
498,857,1,290
523,810,1,72
526,782,1,60
546,845,0,114
559,679,0,177
558,756,0,57
572,820,0,95
609,816,0,231
633,715,0,46
627,841,1,293
668,734,0,236
686,833,0,46
715,853,0,31
710,767,1,83
731,756,0,209
763,706,1,51
799,787,0,214
814,843,0,250
817,732,0,222
841,690,1,340
860,801,0,104
866,860,1,317
867,833,1,46
896,738,0,348
891,813,1,278
892,759,1,352
898,689,0,41
923,677,1,345
929,868,0,57
973,741,1,301
999,768,0,84
1034,716,0,330
1035,685,0,346
1051,815,1,297
1051,756,1,16
1053,788,0,317
1087,668,0,317
1105,725,1,324
1111,779,0,311
1137,846,0,4
1140,679,0,78
1160,755,1,44
1209,702,0,347
1209,785,0,256
1225,858,0,317
1243,837,0,0
1260,761,0,49
1267,808,0,2
1301,698,0,265
1303,741,1,75
1319,765,0,358
1329,863,0,40
1330,702,0,168
1361,750,1,308
1379,703,0,60
1398,735,0,236
1421,752,0,239
1433,854,1,313
1454,773,0,35
1468,814,0,225
1488,856,1,321
1490,735,1,293
1514,810,1,37
1530,851,0,47
1544,706,1,302
1567,749,1,290
1582,849,0,48
1588,700,0,68
1609,771,0,309
1617,871,1,307
1619,843,1,66
1649,739,1,3
1652,676,1,29
1669,709,0,185
1676,753,1,284
1679,688,1,354
1700,709,1,90
1726,815,0,55
1729,754,1,355
1755,714,0,358
1753,681,1,289
1797,867,0,16
1805,829,0,11
1819,731,0,225
1833,783,0,356
1831,758,1,90
1884,690,0,347
1886,859,0,136
1896,736,0,350
1900,783,0,245
1908,681,1,67
1926,825,0,83
1970,669,0,350
1967,753,0,285
1989,854,0,70
2032,722,0,15
2043,848,0,81
2099,848,0,215
2122,768,0,355
2147,838,0,17
2252,833,0,31
2345,806,0,85
100,992,0,73
129,1064,0,47
139,894,0,60
162,998,0,321
209,1072,0,337
208,1033,0,2
207,901,1,29
211,927,0,9
234,1005,0,33
238,948,1,27
241,1063,1,343
251,911,0,302
260,991,1,301
285,903,0,24
326,985,0,7
372,889,0,287
377,966,0,315
393,1037,1,272
411,929,0,71
443,1036,0,309
461,1076,0,344
457,922,0,289
467,1007,0,351
510,928,0,307
526,996,1,291
573,889,0,354
578,935,1,27
574,995,1,311
600,1072,1,34
609,986,0,37
633,882,0,278
650,1071,0,153
666,891,0,320
677,1042,0,3
721,1003,0,294
752,887,0,66
753,1063,0,256
768,970,0,335
777,921,0,251
786,877,1,304
795,1077,0,296
815,921,1,60
813,1045,1,90
825,1023,0,316
870,905,0,3
891,1029,1,322
916,1012,1,74
940,1028,0,37
943,969,1,359
943,938,1,39
955,946,0,313
998,898,0,262
1022,1004,0,23
1020,935,0,78
1046,1060,1,13
1048,940,1,50
1073,981,0,285
1079,897,0,285
1128,1076,1,293
1156,971,1,330
1157,1049,0,283
1156,1000,1,293
1182,1046,1,37
1230,1038,0,346
1275,924,0,197
1288,985,0,346
1351,986,0,293
1382,888,0,267
1392,1062,0,336
1412,965,0,269
1437,888,0,153
1457,961,1,35
1467,1011,0,6
1486,947,0,345
1483,976,1,356
1486,916,1,292
1507,987,0,335
1508,1044,0,5
1519,932,0,98
1539,977,1,60
1569,929,0,89
1581,1014,0,291
1592,954,1,71
1606,908,0,268
1623,956,0,3
1653,1043,0,2
1687,1070,0,221
1705,1028,0,178
1707,999,0,25
1731,1055,0,45
1773,1026,0,120
1807,894,1,5
1831,1028,0,129
1853,894,1,41
1908,969,0,191
1912,913,0,61
1926,1049,0,187
1966,894,0,3
1969,927,0,178
1963,958,1,328
1987,989,0,113
2006,1067,0,272
2022,980,0,110
2035,919,0,147
2066,1013,0,44
2072,1067,0,353
2082,967,0,186
2100,912,0,333
2118,1029,0,333
2122,989,0,72
2144,1065,0,323
2155,956,0,335
2180,930,0,339
2193,1017,0,352
2197,1067,0,94
2215,988,0,349
2222,915,0,128
2236,874,1,89
2262,878,0,356
2287,913,0,356
2336,1033,0,11
2342,954,0,23
2452,1074,0,214
2458,985,0,171
2472,879,0,356
60,1251,0,242
93,1178,0,214
106,1239,0,254
123,1160,1,82
140,1089,0,201
150,1143,1,351
157,1197,0,73
182,1098,0,1
178,1220,1,88
178,1251,1,330
202,1180,0,246
210,1262,0,208
207,1235,1,330
231,1280,1,329
229,1192,1,346
235,1127,0,325
251,1220,0,180
262,1080,0,12
268,1182,0,335
271,1275,0,240
277,1103,0,44
287,1156,0,352
314,1133,0,314
358,1192,0,256
394,1129,0,201
391,1285,1,66
433,1229,0,24
443,1255,1,45
463,1171,0,356
472,1240,0,340
471,1208,1,305
496,1132,1,298
527,1094,0,351
549,1130,1,304
557,1247,0,336
598,1284,1,73
656,1216,0,218
673,1142,0,12
705,1255,1,76
733,1147,1,88
743,1269,0,208
760,1134,1,306
776,1228,0,352
798,1152,0,212
812,1196,1,358
844,1256,0,56
861,1083,0,353
867,1164,0,343
913,1249,0,33
914,1224,1,23
942,1121,1,330
987,1142,0,220
1000,1188,0,149
1017,1231,1,325
1045,1159,0,310
1093,1263,0,149
1098,1155,1,85
1155,1153,0,125
1156,1264,0,306
1216,1235,0,71
1234,1253,0,213
1265,1197,0,259
1306,1169,0,137
1291,1191,1,337
1310,1242,0,216
1314,1203,0,284
1328,1274,0,215
1355,1085,0,238
1362,1179,0,148
1379,1218,0,350
1388,1134,0,61
1417,1105,0,38
1427,1164,0,63
1446,1253,0,327
1474,1185,0,9
1482,1127,1,3
1482,1247,1,307
1492,1211,0,209
1510,1168,1,329
1527,1100,0,198
1527,1252,0,299
1529,1186,1,310
1548,1228,0,124
1561,1193,0,348
1586,1158,0,167
1590,1221,1,38
1591,1099,0,92
1617,1262,0,4
1619,1236,1,317
1629,1181,0,64
1684,1199,0,20
1696,1263,0,346
1698,1264,0,166
1703,1128,0,349
1730,1088,0,193
1726,1209,1,34
1762,1227,0,55
1765,1283,0,95
1771,1141,0,261
1775,1113,1,341
1797,1255,0,92
1806,1082,0,4
1809,1133,0,342
1837,1248,0,254
1857,1098,0,79
1871,1239,0,101
1875,1172,0,247
1899,1123,0,9
1897,1217,0,94
1924,1174,0,116
1929,1269,0,267
1959,1104,0,151
1961,1144,0,159
1957,1284,0,269
1990,1231,0,201
2005,1182,0,148
2042,1121,0,239
2050,1267,0,139
2071,1217,0,313
2098,1262,0,354
2113,1166,0,68
2120,1104,0,358
2148,1221,0,9
2170,1136,0,231
2180,1265,0,3
2212,1185,0,114
2230,1237,0,179
2254,1181,0,307
2263,1279,0,337
2261,1093,0,97
2275,1148,0,350
2303,1222,0,59
2318,1091,0,26
2346,1257,0,290
2421,1239,0,196
2430,1130,0,201
2437,1189,0,328
2453,1261,0,25
