98,1958,0,141
131,1911,1,48
282,2006,1,334
309,1963,1,338
328,1944,0,146
333,2067,1,60
334,1917,1,47
335,2035,1,328
360,1997,0,349
361,1908,0,107
382,2105,0,327
387,1947,1,307
416,2080,0,10
409,1933,1,324
425,1956,0,232
440,2009,1,313
466,1980,0,60
480,2076,0,338
518,2047,0,351
528,1990,0,309
538,1938,0,342
542,2097,1,54
593,2051,0,197
592,1980,1,348
594,1921,1,71
642,1905,0,8
648,2067,1,45
658,2086,0,355
671,1963,1,64
699,1982,1,319
711,2034,0,343
734,2002,0,342
789,1992,0,120
804,1952,1,46
876,2004,0,39
916,1920,0,254
927,2006,0,216
957,1938,0,216
960,2046,0,219
1039,1956,0,194
1671,2068,0,8
2025,1942,0,222
92,2200,0,1
150,2142,0,209
231,2115,0,129
331,2189,1,43
490,2118,0,353
510,2162,0,355
539,2129,1,350
688,2171,0,123
819,2188,0,24
63,2409,0,214
459,2457,0,356
462,2456,0,3
2430,2476,0,45
2451,2518,0,49
395,230,0,184
886,236,0,2
945,165,0,158
2071,219,0,336
2517,216,0,264
141,292,0,89
204,387,0,242
214,339,0,210
255,461,0,12
257,460,0,9
260,354,1,46
259,384,1,80
275,274,0,89
288,374,0,263
340,381,0,119
340,455,0,242
353,282,0,344
359,334,0,99
364,357,1,348
410,363,0,106
418,420,0,193
429,286,0,119
457,393,0,40
484,448,0,348
480,308,0,216
505,263,0,39
501,334,1,76
527,322,1,307
536,289,0,78
538,395,0,248
585,347,0,166
595,281,0,29
632,386,1,38
638,322,0,148
642,416,0,202
656,364,0,182
661,435,1,39
684,445,1,335
699,310,0,144
712,432,0,249
725,277,0,133
756,344,0,20
757,435,0,285
786,419,0,293
790,267,0,91
818,461,1,22
826,384,0,313
848,302,0,23
887,360,0,337
933,272,0,7
948,311,0,335
950,415,0,228
959,359,0,332
1026,421,0,345
1634,447,0,15
1833,453,0,42
108,488,0,3
156,604,0,291
207,536,1,282
208,652,0,42
235,611,1,78
245,529,0,141
278,535,0,286
317,568,0,321
315,626,1,52
319,595,0,29
324,502,0,310
366,578,0,315
371,643,0,349
368,480,1,283
398,527,0,328
396,491,1,299
395,555,1,62
416,466,0,340
448,493,1,55
462,613,0,172
474,537,1,343
485,656,0,55
501,513,0,347
511,578,0,119
531,657,0,252
579,657,1,356
591,534,0,16
604,595,0,283
634,535,0,52
659,552,1,59
685,506,1,50
724,653,0,356
753,523,0,313
793,473,1,348
816,493,0,353
812,553,0,231
833,611,0,114
845,569,1,329
870,538,0,275
914,606,0,338
925,544,0,8
952,471,0,56
951,510,1,336
952,662,0,93
974,553,1,16
974,617,1,61
983,585,0,291
1006,483,0,238
1004,570,1,309
1027,617,1,58
1057,535,0,45
1102,626,0,296
1104,571,1,326
1148,562,0,191
1154,520,0,350
1156,470,0,353
1170,632,0,52
1238,553,0,6
1261,477,0,343
1261,667,0,349
1265,512,0,8
1340,621,0,37
1389,629,0,54
1448,623,0,12
1494,644,1,26
1541,621,0,21
1546,647,1,49
1574,599,1,284
1590,648,0,216
1597,577,0,147
1627,629,1,37
1647,511,0,9
1662,554,0,38
1690,590,0,180
1695,666,0,86
1732,632,1,0
1759,584,0,281
1757,622,1,68
1807,556,0,5
1837,607,0,51
1875,497,0,36
1885,541,0,175
1928,542,0,357
2186,463,0,172
106,1428,0,354
180,1479,0,17
183,1321,0,290
215,1303,0,327
217,1366,0,329
230,1440,0,267
242,1290,0,137
262,1352,0,356
262,1452,1,298
279,1420,0,255
285,1467,1,330
296,1315,0,343
316,1459,0,318
340,1442,0,120
373,1395,0,2
390,1436,1,0
431,1489,0,67
443,1315,1,289
455,1429,0,167
463,1378,0,338
467,1453,1,271
477,1340,0,317
478,1414,0,2
521,1330,1,32
521,1482,1,24
538,1391,0,308
590,1410,0,43
599,1441,0,233
598,1287,1,68
597,1316,1,4
612,1373,0,358
623,1455,1,293
628,1291,0,64
686,1330,0,204
706,1456,0,100
731,1453,1,281
747,1371,0,54
756,1316,0,214
756,1469,0,261
757,1426,0,94
785,1454,1,51
786,1425,0,147
785,1381,0,271
810,1411,0,59
815,1322,0,227
835,1420,1,69
859,1352,0,30
867,1420,0,351
862,1290,1,87
911,1471,1,314
913,1318,1,297
934,1387,0,69
984,1459,1,90
1005,1444,0,286
1079,1297,0,241
1097,1436,0,173
1097,1398,1,41
1123,1340,0,281
1123,1295,0,183
1193,1435,0,340
1196,1318,0,275
1230,1371,0,7
1234,1411,0,358
1273,1464,0,355
1293,1424,0,89
1309,1334,0,258
1338,1451,0,128
1353,1411,1,74
1360,1326,0,304
1383,1418,0,36
1424,1400,1,294
1441,1303,0,257
1488,1489,0,22
1490,1292,0,58
1536,1368,0,23
1542,1417,0,189
1585,1289,0,324
1595,1437,0,215
1613,1463,0,263
1623,1386,0,33
1651,1412,0,69
1654,1305,0,220
1656,1489,0,132
1680,1443,0,103
1688,1374,0,122
1696,1316,0,132
1730,1381,0,306
1736,1457,0,330
1732,1304,0,146
1756,1429,0,341
1754,1346,0,99
1764,1490,0,196
1792,1357,0,263
1802,1419,0,123
1819,1326,1,274
1848,1335,0,332
1846,1434,0,91
1857,1371,0,341
1868,1297,0,210
1889,1444,0,40
1906,1320,0,68
1913,1406,0,175
1923,1485,0,291
1934,1348,0,47
1957,1447,0,247
1980,1339,0,57
1989,1399,0,189
1987,1445,0,40
2005,1465,0,10
2008,1352,0,272
2049,1406,0,18
2053,1479,0,309
2056,1351,0,321
2060,1435,0,6
2107,1335,0,102
2131,1468,0,336
2136,1385,0,259
2172,1362,0,302
2190,1294,0,19
2244,1446,0,357
2318,1435,0,188
2336,1364,0,333
2375,1436,0,70
2385,1351,0,338
2387,1307,0,234
2450,1302,0,37
76,1495,1,273
99,1544,0,261
126,1519,1,330
139,1682,0,127
163,1623,0,108
215,1662,0,329
229,1591,0,354
232,1633,0,334
268,1528,0,101
294,1639,0,21
287,1615,1,74
309,1596,0,3
310,1498,0,351
314,1540,0,221
313,1661,1,17
313,1690,1,324
371,1549,0,2
391,1657,0,68
389,1524,1,349
411,1580,0,22
453,1539,0,10
468,1680,0,2
528,1548,0,306
544,1527,1,311
572,1642,0,296
600,1593,0,196
596,1499,1,0
632,1499,0,184
628,1653,0,354
623,1542,1,58
659,1603,0,82
664,1529,0,236
675,1686,0,0
693,1620,0,85
728,1609,0,250
753,1648,1,10
771,1527,0,230
770,1676,0,290
783,1597,0,346
831,1556,0,78
844,1510,0,352
834,1637,1,283
858,1663,0,2
860,1620,1,347
862,1559,1,77
884,1576,0,32
910,1652,1,3
927,1626,0,121
934,1497,0,82
935,1548,1,19
987,1666,1,2
1039,1640,1,337
1068,1518,0,62
1086,1594,0,193
1093,1669,1,312
1099,1536,0,67
1118,1659,0,104
1144,1623,0,323
1146,1540,0,96
1191,1506,0,335
1200,1671,1,32
1247,1566,0,260
1282,1613,0,63
1296,1678,0,185
1331,1637,0,148
1327,1585,0,271
1350,1620,1,84
1352,1682,1,320
1355,1503,1,304
1375,1615,0,275
1387,1545,0,353
1394,1684,1,290
1429,1661,0,53
1456,1550,0,278
1505,1567,0,198
1507,1529,0,259
1530,1658,0,268
1551,1587,0,131
1564,1497,0,0
1586,1661,0,276
1620,1531,0,262
1697,1517,1,343
1709,1494,0,161
1713,1569,0,279
1748,1661,0,189
1764,1561,0,178
1765,1603,0,20
1802,1534,0,188
1798,1642,0,85
1835,1493,0,9
1845,1581,0,333
1869,1641,0,41
1877,1544,0,327
1895,1512,0,289
1907,1595,0,318
1947,1553,0,235
1964,1596,0,349
1987,1521,0,337
2022,1505,0,329
2025,1640,0,341
2031,1569,0,6
2067,1615,0,1
2099,1661,0,16
2100,1529,0,36
2188,1697,0,338
2223,1574,0,352
2235,1497,0,279
2314,1500,0,273
80,1804,0,44
89,1886,0,3
94,1849,0,30
142,1753,0,294
149,1857,0,257
179,1702,1,89
181,1826,1,275
204,1774,0,62
231,1706,0,246
233,1856,1,32
234,1769,1,41
269,1721,0,55
285,1795,1,313
316,1794,0,354
335,1861,1,52
338,1738,1,281
345,1701,0,99
372,1787,0,61
401,1722,0,141
424,1897,0,158
423,1793,0,312
430,1848,0,148
469,1773,0,303
465,1875,1,69
472,1718,0,175
509,1838,0,71
514,1901,0,18
528,1718,0,6
542,1859,1,28
555,1787,0,57
573,1813,1,55
574,1878,0,96
602,1730,0,318
615,1818,0,216
619,1876,1,337
636,1714,0,325
647,1833,0,46
699,1801,1,42
699,1892,1,337
718,1714,0,10
741,1849,0,163
753,1743,1,57
775,1879,1,320
778,1848,1,60
779,1817,1,338
795,1825,0,321
802,1889,0,283
821,1765,0,159
835,1802,0,7
827,1877,0,325
841,1846,0,342
872,1899,0,322
884,1875,1,336
935,1822,0,89
956,1705,0,273
963,1805,1,285
983,1886,0,24
996,1791,0,309
1000,1704,0,300
1049,1807,0,67
1052,1888,0,333
1073,1742,0,267
1096,1852,0,10
1148,1700,1,329
1194,1810,0,287
1229,1743,0,190
1249,1819,0,25
1318,1718,0,13
1351,1766,0,207
1394,1892,0,2
1395,1861,1,347
1426,1765,0,340
1447,1838,0,136
1476,1742,0,94
1546,1760,0,232
1564,1875,0,12
1584,1733,0,111
1660,1875,0,11
1668,1725,0,153
1740,1822,0,42
1811,1792,0,7
1821,1717,0,266
1880,1708,0,320
2003,1751,0,356
2091,1817,0,341
2134,1748,0,342
2253,1818,0,187
2268,1796,0,104
86,729,0,92
93,864,0,246
131,784,0,71
162,837,0,293
177,762,1,287
201,720,0,12
200,802,0,129
203,749,1,26
201,848,1,88
208,870,0,6
204,687,1,49
226,789,0,302
234,699,1,10
254,740,0,12
257,740,0,10
259,835,0,88
259,716,1,357
280,801,0,288
296,859,0,241
303,679,0,106
313,811,1,55
324,755,0,234
353,682,0,325
348,815,0,194
361,844,0,3
374,779,0,6
369,809,1,307
391,823,1,343
416,697,0,12
436,867,0,306
475,758,0,290
499,735,1,57
498,857,1,90
524,810,1,71
547,848,0,115
550,768,0,297
574,716,0,88
606,815,0,234
620,872,0,32
659,668,0,314
665,796,0,37
686,722,0,238
681,815,1,23
703,855,0,157
742,830,0,353
763,791,0,340
763,706,1,30
806,757,0,341
808,855,0,329
812,678,0,271
842,690,1,284
841,845,1,336
842,723,1,9
866,861,1,293
868,768,1,65
891,813,1,290
903,682,0,46
907,748,0,5
917,794,0,327
937,851,0,85
973,741,1,276
970,864,1,293
987,826,0,72
1005,676,0,227
1025,740,0,357
1026,709,1,271
1032,680,0,311
1051,815,1,293
1051,759,1,13
1053,789,1,319
1080,699,0,37
1105,725,1,323
1105,817,1,81
1149,872,0,106
1159,755,1,45
1185,695,0,259
1238,691,0,324
1248,822,0,351
1301,703,0,265
1314,815,0,152
1316,757,0,355
1328,691,0,270
1359,747,1,314
1385,712,0,356
1406,778,0,284
1413,675,0,127
1430,844,0,182
1448,712,0,244
1486,856,1,321
1491,775,0,148
1491,827,0,145
1491,703,0,110
1502,742,0,321
1534,866,0,0
1540,721,0,111
1557,797,0,144
1566,840,1,281
1568,749,1,0
1599,693,0,91
1607,771,0,287
1618,843,1,85
1617,872,1,302
1648,737,1,344
1653,675,1,10
1661,821,0,251
1676,694,1,313
1676,753,1,59
1706,863,0,189
1706,769,0,262
1755,762,0,235
1754,680,1,272
1788,854,0,351
1803,683,0,321
1801,740,0,97
1833,785,0,222
1830,757,1,49
1871,800,0,71
1878,872,0,125
1890,735,0,0
1908,684,1,280
1917,812,0,356
1917,843,0,0
1930,789,1,314
1971,675,0,347
1977,819,0,253
2030,724,0,12
2069,784,0,32
2157,834,0,6
2262,850,0,4
109,979,0,51
130,1046,0,43
130,896,0,244
151,933,0,84
179,927,0,291
210,930,0,355
206,901,1,59
215,1041,0,13
226,995,0,328
234,1066,1,34
233,946,1,307
259,938,0,302
262,990,1,298
275,902,0,324
284,1065,0,275
320,1025,0,289
337,905,0,346
350,983,0,332
385,888,0,324
393,1038,1,321
456,920,0,18
471,1056,1,0
507,918,0,76
522,999,1,356
551,987,0,348
577,935,1,46
583,1056,0,90
634,993,0,346
632,926,0,275
646,1070,0,12
667,895,0,326
744,962,0,77
768,879,0,346
759,1043,1,306
761,920,1,352
776,1022,0,313
797,977,0,318
814,921,1,5
834,952,0,86
860,896,0,356
859,1063,0,115
872,978,0,288
892,1029,1,356
926,1031,0,108
943,938,1,28
943,969,1,278
1002,1063,0,108
1043,1061,1,74
1058,911,0,203
1068,1060,0,246
1091,890,0,89
1101,970,1,271
1126,1069,0,10
1150,874,0,109
1155,970,1,318
1156,1001,1,305
1223,1053,0,351
1256,977,0,1
1269,938,0,2
1303,1029,0,13
1310,888,0,338
1319,1071,1,83
1332,956,0,279
1348,1067,0,270
1385,923,0,346
1380,1064,1,8
1440,1040,0,140
1457,960,1,33
1486,1011,0,191
1486,948,0,337
1483,976,1,340
1486,916,1,288
1491,1054,0,227
1509,987,1,4
1538,946,1,330
1550,1045,0,305
1593,1020,0,0
1603,959,0,249
1615,1055,0,5
1617,904,1,350
1655,1010,0,349
1656,940,0,310
1665,1070,0,248
1703,1007,0,21
1712,1054,0,300
1740,1043,1,48
1768,920,0,230
1777,1050,0,117
1798,1005,0,273
1806,893,1,328
1834,1060,0,71
1845,906,0,183
1848,951,0,192
1868,985,0,200
1880,1077,0,189
1906,939,0,114
1915,910,0,58
1938,988,0,209
1934,935,1,323
1941,1071,0,269
1955,952,0,320
1960,914,0,42
1985,1011,0,351
2011,974,0,6
2010,1067,0,252
2038,926,0,3
2047,1078,0,44
2057,996,0,40
2065,895,0,349
2114,932,0,161
2121,978,0,12
2128,890,0,102
2146,1007,0,345
2184,934,0,356
2205,1069,0,93
2215,986,0,350
2229,903,0,11
2261,1051,0,357
2276,920,0,12
2282,1026,0,359
2283,972,0,66
2344,951,0,22
2352,994,0,11
2361,1043,0,0
2384,899,0,111
2438,921,0,307
2463,988,0,351
2468,1077,0,326
2470,879,0,357
71,1235,0,82
91,1175,0,177
120,1097,0,147
117,1248,0,270
121,1163,1,37
158,1148,0,336
160,1197,0,205
165,1080,0,13
182,1104,0,355
178,1218,1,285
178,1251,1,288
206,1236,0,335
207,1144,0,323
229,1281,1,293
231,1189,1,12
246,1216,0,189
253,1264,0,338
258,1174,1,285
293,1155,0,22
299,1209,0,11
310,1253,0,300
356,1218,0,125
370,1277,0,314
390,1162,0,138
394,1217,0,123
436,1110,0,2
439,1240,0,271
461,1081,0,326
464,1172,0,358
471,1208,1,343
472,1240,0,327
496,1132,1,332
529,1096,0,341
525,1247,0,62
547,1128,1,0
585,1127,0,23
611,1204,0,14
676,1114,0,63
681,1276,0,262
697,1233,0,56
708,1256,1,277
746,1273,0,212
744,1125,0,72
768,1082,0,344
769,1179,0,255
811,1234,0,20
806,1183,0,268
818,1104,0,216
824,1270,0,190
853,1139,0,37
863,1258,1,0
897,1280,0,19
906,1116,0,98
916,1228,1,47
943,1122,1,325
996,1171,0,4
999,1282,0,145
995,1122,1,329
995,1150,1,339
1022,1199,1,1
1043,1213,0,213
1096,1206,0,232
1098,1155,1,86
1128,1119,0,346
1137,1271,0,315
1153,1153,1,52
1152,1183,1,282
1179,1177,0,11
1192,1236,0,146
1243,1142,0,342
1242,1283,0,138
1256,1098,0,104
1284,1086,0,296
1305,1129,0,179
1313,1273,0,353
1320,1094,0,108
1345,1159,0,338
1374,1209,0,2
1409,1100,0,351
1450,1200,0,90
1482,1127,1,51
1482,1246,1,4
1508,1172,1,331
1513,1099,0,80
1528,1261,0,69
1535,1218,1,330
1576,1154,0,160
1589,1222,1,50
1618,1114,0,351
1616,1267,0,306
1617,1237,1,314
1619,1206,0,306
1641,1186,0,307
1653,1267,1,41
1658,1099,1,284
1674,1163,0,326
1685,1273,0,349
1688,1242,0,5
1693,1118,0,173
1724,1209,1,282
1731,1257,0,218
1764,1256,0,91
1764,1168,0,83
1774,1099,0,130
1808,1132,0,331
1807,1273,0,64
1814,1184,0,34
1864,1202,0,24
1879,1133,0,271
1897,1237,0,9
1923,1134,0,97
1940,1275,0,350
1974,1095,0,92
1987,1156,0,318
1994,1253,0,146
2034,1202,0,258
2038,1130,0,161
2066,1251,0,299
2070,1105,0,29
2095,1153,0,12
2101,1231,0,2
2113,1200,0,358
2132,1270,0,118
2163,1242,0,157
2160,1086,0,15
2156,1172,0,101
2205,1224,0,171
2216,1183,0,63
2249,1122,0,35
2258,1089,0,9
2269,1204,0,187
2266,1270,0,300
2289,1154,0,347
2317,1255,0,193
2340,1213,0,358
2344,1115,0,8
2371,1167,0,8
2398,1240,0,19
2447,1186,0,178
2451,1259,0,24
