96,1956,0,130
283,2008,1,289
309,1962,1,304
333,2066,1,71
336,2035,1,10
350,1940,0,142
361,1997,0,349
364,1906,0,125
382,2105,0,326
388,1946,1,304
416,2080,0,9
408,1932,1,31
425,1955,0,233
440,2008,1,315
466,1981,0,56
480,2077,0,337
518,2040,0,342
528,1989,0,306
538,1938,0,346
542,2097,1,54
590,2050,0,201
592,1980,1,335
594,1921,1,68
648,2066,1,22
658,2086,0,348
671,1963,1,61
699,1982,1,318
716,2036,0,344
733,2002,0,341
789,1993,0,121
804,1952,1,36
876,2003,0,39
915,1919,0,253
927,2005,0,214
953,1942,0,228
966,2045,0,205
1036,1956,0,187
1073,1954,1,49
1666,2074,0,26
2033,1932,0,228
92,2200,0,357
145,2143,0,213
230,2115,0,128
331,2186,1,349
491,2117,0,356
498,2159,0,354
539,2129,1,345
688,2172,0,99
819,2187,0,23
62,2410,0,211
450,2453,0,346
2430,2476,0,46
2451,2518,0,50
395,230,0,176
886,236,0,1
955,172,0,162
2070,216,0,338
2517,217,0,265
139,294,0,87
203,387,0,228
218,335,0,221
255,461,0,13
257,460,0,8
260,354,1,81
259,384,1,274
278,277,0,87
286,369,0,272
339,380,0,115
341,455,0,233
353,282,0,342
359,333,0,99
411,363,0,109
418,419,0,15
431,284,0,122
459,396,0,54
483,452,0,341
481,307,0,216
505,263,0,40
501,335,1,74
534,397,0,246
539,288,0,73
593,361,0,171
595,286,0,32
629,381,1,87
643,423,0,203
643,322,0,131
666,373,0,209
668,373,0,210
685,444,1,332
700,311,0,143
713,433,0,247
724,276,0,133
756,344,0,20
756,434,0,283
787,420,0,297
790,268,0,90
819,461,1,37
814,405,1,332
827,382,0,314
848,302,0,23
846,356,1,80
885,359,0,342
933,272,0,7
946,312,0,332
955,353,0,327
954,412,0,239
1023,422,0,351
1634,446,0,14
1833,453,0,45
107,488,0,3
156,604,0,296
207,536,1,287
210,652,0,25
235,611,1,17
246,529,0,140
277,533,0,284
317,568,0,325
315,626,1,57
320,497,0,308
320,595,0,21
365,578,0,313
371,642,0,350
368,481,1,285
398,527,0,334
395,491,1,296
394,555,1,49
416,465,0,340
447,493,1,47
463,613,0,173
474,536,1,7
486,658,0,59
498,512,0,348
511,578,0,122
532,656,0,246
579,657,1,5
592,533,0,20
604,595,0,283
628,537,0,51
659,552,1,48
685,506,1,48
685,627,1,76
718,647,0,348
753,523,0,305
792,473,1,17
818,492,0,353
820,553,0,229
818,462,1,61
821,519,0,190
833,610,0,113
845,569,1,337
869,539,0,271
879,466,0,60
913,606,0,339
922,544,0,211
954,474,0,46
952,511,1,330
955,664,0,85
974,617,1,292
989,580,0,293
1007,482,0,237
1027,617,1,300
1057,535,0,47
1098,621,0,300
1105,570,1,288
1154,520,0,351
1156,470,0,353
1156,570,0,184
1172,636,0,60
1238,553,0,6
1261,477,0,344
1261,667,0,349
1265,512,0,8
1339,627,0,42
1386,630,0,48
1448,626,0,9
1494,644,1,48
1519,629,1,295
1537,623,0,19
1546,647,1,61
1574,600,1,285
1590,644,0,222
1598,577,0,150
1626,629,1,7
1646,511,0,8
1662,554,0,40
1689,590,0,180
1731,632,1,28
1759,582,0,276
1757,622,1,69
1807,556,0,6
1837,608,0,48
1875,497,0,36
1928,542,0,356
2189,464,0,172
106,1428,0,356
179,1478,0,18
182,1320,0,291
215,1303,0,326
218,1367,0,328
230,1434,0,265
242,1289,0,153
262,1353,0,357
264,1452,1,18
278,1418,0,253
273,1443,0,22
299,1315,0,344
313,1460,0,306
356,1460,0,96
364,1395,0,358
390,1436,1,322
429,1490,0,67
443,1314,1,29
456,1429,0,166
460,1381,0,345
467,1453,1,288
478,1341,0,316
521,1330,1,60
521,1482,1,45
538,1390,0,304
599,1435,0,234
598,1286,1,64
598,1316,1,25
616,1376,0,348
623,1455,1,295
626,1292,0,70
667,1396,0,20
706,1455,0,100
726,1425,0,336
731,1453,1,283
741,1380,0,51
760,1314,0,203
755,1468,0,261
783,1423,0,153
785,1454,1,74
807,1411,0,63
820,1326,0,236
860,1353,0,31
868,1417,0,331
911,1471,1,335
913,1318,1,296
929,1396,0,75
982,1490,0,251
1005,1444,0,286
1101,1436,0,185
1097,1398,1,55
1117,1328,0,281
1123,1411,1,298
1189,1434,0,338
1197,1318,0,275
1230,1370,0,9
1238,1404,0,3
1244,1286,0,140
1271,1463,0,355
1293,1424,0,89
1309,1334,0,258
1338,1453,0,129
1352,1412,1,47
1360,1326,0,303
1382,1420,0,40
1424,1400,1,296
1450,1293,0,244
1488,1489,0,23
1499,1300,0,43
1534,1371,0,22
1542,1417,0,190
1586,1291,0,322
1592,1435,0,210
1587,1462,1,16
1613,1465,0,276
1623,1386,0,31
1649,1414,0,67
1655,1303,0,232
1657,1489,0,127
1681,1450,0,116
1685,1378,0,120
1697,1315,0,136
1728,1375,0,307
1730,1448,0,319
1752,1346,0,104
1757,1426,0,334
1762,1489,0,192
1792,1357,0,263
1807,1420,0,119
1819,1325,1,272
1837,1490,0,7
1849,1334,0,334
1850,1425,0,95
1856,1373,0,342
1873,1294,0,215
1889,1442,0,37
1909,1403,0,192
1907,1317,0,252
1923,1480,0,285
1936,1349,0,46
1956,1446,0,243
1981,1337,0,58
1986,1446,0,43
1992,1400,0,188
2006,1465,0,15
2007,1351,0,270
2051,1407,0,24
2053,1351,0,315
2052,1481,0,306
2059,1436,0,11
2099,1349,0,107
2128,1464,0,346
2154,1379,0,296
2182,1361,0,314
2191,1293,0,26
2241,1448,0,6
2323,1433,0,13
2334,1365,0,328
2371,1453,0,68
2385,1350,0,344
2386,1308,0,230
2451,1298,0,29
77,1494,1,272
99,1544,0,261
126,1519,1,337
139,1681,0,127
160,1624,0,106
215,1662,0,332
229,1591,0,355
230,1631,0,332
270,1531,0,93
294,1639,0,21
286,1615,1,287
302,1499,0,334
309,1597,0,1
315,1540,0,222
313,1661,1,33
313,1690,1,340
372,1549,0,186
361,1659,1,335
391,1656,0,73
390,1524,1,337
410,1581,0,20
405,1503,0,320
451,1538,0,6
469,1679,0,1
528,1547,0,306
544,1527,1,309
573,1644,0,296
604,1595,0,206
596,1498,1,346
631,1499,0,184
627,1654,0,0
659,1601,0,81
664,1529,0,233
670,1687,0,354
693,1620,0,81
727,1609,0,250
770,1527,0,232
770,1672,0,294
782,1597,0,345
806,1530,1,353
831,1556,0,81
841,1508,0,347
834,1637,1,322
856,1663,0,4
860,1619,1,352
884,1580,0,33
927,1627,0,124
934,1499,0,82
936,1548,1,21
987,1666,1,9
1039,1640,1,323
1044,1551,1,336
1066,1521,0,60
1084,1595,0,193
1092,1669,1,307
1097,1537,0,69
1119,1660,0,105
1143,1625,0,327
1143,1541,0,99
1183,1492,0,313
1200,1672,1,24
1246,1565,0,260
1282,1615,0,59
1300,1681,0,359
1322,1655,0,335
1327,1584,0,265
1336,1635,0,124
1355,1503,1,305
1352,1682,1,270
1354,1621,1,311
1386,1545,0,352
1385,1607,0,302
1394,1684,1,273
1427,1664,0,60
1454,1545,0,273
1505,1567,0,195
1507,1528,0,258
1530,1659,0,265
1551,1587,0,131
1563,1497,0,4
1586,1660,0,277
1622,1530,0,264
1694,1516,1,340
1709,1495,0,169
1713,1570,0,273
1748,1663,0,193
1763,1561,0,175
1765,1603,0,20
1803,1534,0,193
1799,1641,0,85
1845,1581,0,335
1869,1633,0,55
1876,1544,0,323
1895,1510,0,288
1906,1596,0,312
1947,1554,0,234
1962,1598,0,351
1986,1520,0,343
2020,1504,0,330
2025,1571,0,2
2027,1641,0,341
2059,1610,0,346
2098,1661,0,14
2100,1529,0,36
2223,1574,0,353
2234,1499,0,280
2314,1499,0,273
79,1804,0,45
91,1886,0,5
94,1849,0,208
143,1752,0,295
149,1858,0,258
179,1702,1,270
181,1826,1,90
204,1774,0,62
224,1724,0,27
230,1704,0,242
233,1856,1,32
234,1768,1,51
268,1722,0,53
284,1796,1,358
316,1794,0,1
335,1860,1,38
338,1738,1,294
347,1703,0,91
371,1790,0,62
401,1722,0,143
423,1895,0,157
425,1793,0,311
431,1850,0,149
469,1774,0,303
465,1875,1,83
509,1900,0,16
505,1845,0,71
528,1718,0,5
541,1859,1,31
554,1789,0,63
572,1881,0,88
574,1812,1,62
595,1730,0,310
609,1828,0,57
619,1876,1,12
633,1715,0,322
644,1900,0,16
643,1834,0,45
638,1856,0,300
699,1801,1,8
699,1892,1,323
714,1717,0,11
741,1849,0,163
753,1743,1,65
775,1879,1,310
778,1848,1,58
779,1817,1,338
795,1826,0,323
802,1889,0,283
821,1767,0,160
831,1801,0,4
841,1847,0,343
873,1898,0,315
885,1874,1,310
937,1825,0,87
955,1709,0,276
963,1804,1,286
986,1886,0,26
996,1790,0,309
1000,1703,0,299
1052,1888,0,334
1050,1808,0,68
1073,1739,0,266
1093,1850,0,11
1148,1700,1,330
1191,1804,0,291
1231,1744,0,189
1250,1820,0,25
1320,1719,0,14
1352,1767,0,210
1394,1892,0,2
1395,1861,1,356
1425,1762,0,351
1459,1842,0,148
1476,1743,0,89
1546,1760,0,234
1564,1875,0,12
1586,1740,0,120
1660,1876,0,12
1666,1725,0,154
1736,1825,0,39
1811,1792,0,8
1817,1719,0,260
1877,1707,0,347
2003,1750,0,356
2091,1817,0,341
2134,1747,0,343
2272,1799,0,118
87,735,0,79
92,863,0,252
130,784,0,64
160,835,0,288
176,792,1,48
178,762,1,270
197,717,0,20
200,849,1,275
203,749,1,28
209,870,0,9
205,687,1,48
213,812,0,122
228,787,0,312
251,737,0,355
258,842,0,89
279,800,0,294
292,857,0,234
303,679,0,104
313,812,1,60
325,753,0,240
355,682,0,325
358,813,0,186
359,847,0,11
375,779,0,8
391,824,1,348
415,697,0,15
435,867,0,306
450,855,1,2
475,758,0,291
499,735,1,70
498,857,1,312
524,810,1,71
546,848,0,116
548,770,0,305
573,711,0,87
606,815,0,235
622,869,0,29
658,670,0,314
663,796,0,38
680,814,1,90
692,714,0,247
704,855,0,159
742,820,0,350
761,790,0,338
763,706,1,38
806,756,0,342
807,855,0,330
812,679,0,276
842,690,1,289
840,845,1,337
842,723,1,1
866,861,1,314
867,768,1,57
891,813,1,289
905,677,0,52
907,746,0,6
915,792,0,331
937,851,0,82
972,741,1,330
970,865,1,54
987,825,0,68
1005,673,0,223
1025,740,0,355
1026,710,1,90
1051,815,1,298
1053,789,1,319
1051,759,1,3
1079,701,0,34
1076,745,0,357
1105,725,1,300
1105,817,1,75
1159,755,1,37
1183,696,0,253
1239,692,0,324
1248,822,0,349
1301,703,0,264
1316,757,0,355
1317,817,0,148
1329,690,0,271
1359,748,1,319
1391,711,0,356
1407,778,0,285
1413,675,0,125
1430,846,0,186
1450,758,0,29
1454,706,0,249
1486,856,1,330
1490,702,0,111
1493,827,0,152
1498,773,0,155
1500,739,0,322
1517,809,1,27
1534,865,0,358
1542,724,0,110
1559,797,0,138
1566,840,1,275
1567,750,1,42
1599,693,0,91
1607,771,0,287
1617,842,1,72
1617,872,1,302
1648,737,1,344
1653,675,1,15
1663,822,0,255
1676,753,1,66
1677,694,1,318
1697,669,0,83
1706,863,0,191
1706,763,0,258
1752,759,0,245
1754,679,1,89
1789,855,0,353
1803,683,0,329
1808,749,0,87
1829,784,0,224
1869,797,0,68
1889,735,0,1
1908,684,1,276
1917,841,0,359
1924,808,0,335
1931,788,1,82
1971,675,0,348
1980,820,0,265
2030,724,0,13
2069,785,0,38
2156,834,0,7
2262,850,0,5
109,979,0,49
131,1046,0,38
131,888,0,239
153,935,0,86
180,927,0,292
210,930,0,354
211,1040,0,12
206,901,1,43
224,990,0,343
234,1066,1,34
232,946,1,290
246,888,0,142
259,934,0,310
262,989,1,288
274,902,0,323
283,1061,0,280
317,1025,0,287
336,904,0,347
348,983,0,329
385,888,0,320
393,1038,1,301
452,919,0,11
471,1056,1,345
506,919,0,76
523,997,1,308
552,986,0,335
577,936,1,51
583,1058,0,82
615,1030,0,22
631,995,0,358
631,930,0,279
642,1074,0,26
638,1049,0,27
709,1043,1,58
744,962,0,77
759,1043,1,306
761,920,1,11
770,877,0,153
777,1023,0,315
796,975,0,312
790,909,1,323
813,921,1,27
833,953,0,99
852,896,0,355
862,1064,0,118
871,978,0,287
892,1030,1,351
925,1031,0,107
943,938,1,17
943,969,1,281
1001,1064,0,112
1043,1061,1,300
1060,913,0,189
1067,1062,0,252
1088,894,0,97
1101,970,1,90
1126,1069,0,8
1150,879,0,106
1155,970,1,323
1156,1001,1,310
1223,1053,0,353
1252,976,0,358
1265,936,0,159
1281,1075,0,305
1306,1027,0,12
1309,886,0,342
1331,955,0,281
1357,1058,0,256
1388,921,0,340
1382,1065,1,13
1441,1040,0,137
1457,960,1,31
1482,1012,0,194
1486,948,0,336
1483,976,1,359
1486,917,1,293
1491,1053,0,230
1509,988,1,7
1534,998,0,153
1538,946,1,334
1544,1041,0,300
1587,1015,0,349
1599,959,0,247
1615,1055,0,6
1617,903,1,352
1654,1010,0,349
1653,940,0,305
1667,1068,0,248
1704,1007,0,20
1711,1052,0,297
1741,1043,1,55
1770,922,0,231
1780,1054,0,119
1797,1004,0,269
1807,892,1,324
1834,1062,0,71
1841,951,0,166
1844,908,0,186
1855,887,1,320
1870,984,0,190
1880,874,0,105
1882,1078,0,191
1907,940,0,113
1915,911,0,64
1938,988,0,208
1935,937,1,353
1944,1062,0,272
1957,952,0,321
1960,915,0,42
1985,1011,0,352
2012,976,0,7
2010,1067,0,252
2038,925,0,0
2048,1078,0,43
2057,996,0,42
2064,894,0,348
2115,929,0,148
2121,976,0,12
2123,891,0,118
2145,1010,0,345
2186,934,0,356
2205,1074,0,87
2215,986,0,352
2232,900,0,8
2261,1051,0,358
2277,920,0,13
2282,1024,0,1
2283,976,0,68
2344,951,0,20
2354,991,0,7
2362,1044,0,358
2383,897,0,114
2439,925,0,305
2462,988,0,350
2467,1077,0,329
2471,879,0,357
73,1235,0,72
90,1176,0,180
119,1104,0,346
115,1247,0,266
120,1163,1,59
159,1148,0,338
163,1080,0,10
166,1195,0,206
182,1103,0,356
178,1218,1,90
178,1251,1,87
206,1236,0,339
207,1143,0,322
229,1281,1,305
231,1189,1,9
252,1214,0,193
254,1264,0,338
258,1174,1,284
293,1155,0,22
310,1249,0,294
354,1218,0,119
368,1278,0,310
389,1162,0,134
394,1217,0,124
435,1110,0,4
439,1240,0,270
461,1171,0,1
464,1172,0,358
471,1208,1,324
472,1240,0,335
496,1132,1,343
531,1096,0,338
525,1247,0,62
547,1127,1,56
580,1132,0,25
610,1200,0,11
676,1115,0,66
680,1280,0,272
706,1256,1,310
736,1126,0,82
747,1273,0,215
761,1134,1,299
768,1081,0,344
775,1171,0,243
809,1240,0,21
808,1189,0,261
820,1106,0,209
826,1267,0,205
851,1137,0,46
893,1282,0,27
906,1115,0,92
916,1228,1,47
943,1121,1,307
996,1170,0,358
999,1282,0,146
995,1122,1,320
1040,1211,0,215
1095,1206,0,230
1099,1155,1,78
1122,1119,0,348
1137,1269,0,323
1152,1183,1,90
1153,1153,1,58
1179,1177,0,9
1182,1273,0,115
1193,1237,0,146
1242,1140,0,330
1243,1285,0,134
1265,1109,0,100
1310,1124,0,214
1316,1271,0,354
1318,1093,0,95
1345,1159,0,340
1371,1210,0,4
1407,1103,0,358
1453,1200,0,104
1482,1247,1,17
1482,1127,1,16
1508,1172,1,339
1512,1110,0,93
1534,1218,1,328
1538,1259,0,73
1577,1157,0,171
1584,1130,1,304
1589,1222,1,52
1615,1118,0,12
1615,1268,0,313
1616,1203,0,311
1617,1238,1,314
1636,1181,0,307
1654,1268,1,1
1672,1160,0,329
1679,1241,0,8
1690,1273,0,349
1694,1120,0,354
1724,1209,1,282
1733,1245,0,328
1764,1254,0,93
1768,1169,0,82
1772,1104,0,136
1809,1133,0,338
1807,1273,0,62
1812,1185,0,32
1861,1204,0,27
1875,1133,0,282
1895,1237,0,354
1924,1132,0,99
1946,1273,0,350
1972,1101,0,78
1987,1156,0,320
1993,1256,0,141
2035,1131,0,342
2034,1201,0,257
2065,1251,0,302
2070,1105,0,25
2095,1153,0,11
2099,1234,0,348
2104,1191,0,348
2132,1281,0,106
2160,1085,0,13
2159,1177,0,108
2170,1245,0,150
2204,1227,0,166
2217,1182,0,56
2250,1122,0,39
2266,1092,0,343
2267,1270,0,297
2271,1203,0,192
2302,1160,0,143
2314,1251,0,202
2342,1214,0,359
2344,1114,0,3
2373,1169,0,6
2396,1240,0,22
2448,1185,0,173
2451,1259,0,26
1077,1285,0,232
2189,1697,0,335
