98,1962,0,335
131,1911,1,51
282,2005,1,70
311,1962,1,16
333,2067,1,65
333,1918,1,309
336,2035,1,271
358,1992,0,348
382,2105,0,328
386,1946,1,297
417,2080,0,16
410,1932,1,322
423,1959,0,243
439,2009,1,308
466,1975,0,68
476,2069,0,327
522,2003,0,346
531,2044,0,27
537,1943,0,339
542,2099,0,78
588,2063,0,180
593,1921,1,279
592,1980,1,337
623,2054,1,74
677,2025,0,334
675,2084,0,55
671,1963,1,45
699,1982,1,312
732,2004,0,331
789,1991,0,121
804,1952,1,53
877,2007,0,32
908,1927,0,225
928,2006,0,215
950,1943,0,215
953,2076,0,235
1012,1967,0,251
1007,1994,1,322
1708,2066,0,280
1952,1990,0,200
98,2200,0,187
153,2140,0,207
218,2111,0,142
332,2187,1,23
495,2112,0,356
539,2133,1,22
587,2130,0,38
667,2153,0,219
668,2152,0,217
797,2191,1,348
819,2187,0,25
64,2409,0,221
482,2446,0,65
2427,2476,0,225
2451,2518,0,43
383,233,0,193
886,236,0,2
897,151,0,161
2123,252,0,288
2517,217,0,267
133,281,0,59
212,395,0,307
221,337,0,185
255,461,0,15
257,460,0,9
260,384,1,76
260,354,1,41
279,264,0,61
319,375,0,4
330,414,0,346
350,280,0,342
358,334,0,96
369,384,1,30
408,275,0,63
411,357,0,102
421,424,0,352
453,407,0,9
469,317,0,226
505,263,0,39
501,334,1,70
509,445,0,336
527,383,1,68
534,409,0,203
534,289,0,49
557,356,0,148
603,331,0,238
606,399,1,49
619,280,0,20
630,382,1,28
639,408,0,210
641,334,0,254
656,429,1,41
685,445,1,85
694,311,0,132
695,410,0,230
712,435,0,266
712,401,1,87
724,287,0,137
755,345,0,22
756,436,0,281
788,273,0,84
799,421,0,315
816,403,1,315
831,385,0,310
848,303,0,27
870,461,0,2
887,359,0,339
913,433,0,266
933,272,0,8
924,342,1,334
957,327,0,23
977,393,0,301
1028,412,0,289
1634,446,0,14
1829,455,0,36
107,488,0,2
156,605,0,122
208,652,0,31
207,536,1,283
235,611,1,61
247,527,0,145
276,529,0,260
316,567,0,334
313,505,1,85
315,626,1,60
319,594,1,31
314,536,1,90
316,658,1,287
336,470,0,296
341,552,1,25
355,529,0,320
370,644,0,349
369,480,1,277
373,587,0,309
395,491,1,283
396,555,1,7
415,535,0,346
423,462,0,340
447,492,1,37
468,619,0,225
474,536,1,344
489,652,0,42
503,577,0,343
514,499,0,334
579,657,1,36
592,535,0,13
609,595,0,297
640,540,0,40
660,554,1,28
685,506,1,59
756,524,0,312
788,576,0,203
792,474,1,10
814,496,0,357
817,463,1,343
818,552,1,305
832,613,0,124
846,570,1,327
869,539,0,275
917,610,0,333
921,652,0,349
924,544,0,191
948,463,0,95
951,509,1,333
975,555,1,333
989,631,0,319
1003,489,0,248
1002,571,1,338
1027,615,1,74
1061,535,0,40
1104,569,1,34
1113,648,0,299
1132,579,0,216
1154,520,0,350
1157,469,0,351
1170,620,0,21
1239,551,0,5
1261,477,0,343
1265,513,0,5
1353,611,0,47
1405,667,0,80
1416,611,0,20
1463,638,0,330
1547,644,1,89
1556,618,0,331
1573,599,1,336
1606,565,0,184
1625,630,1,5
1648,503,0,356
1662,553,0,30
1688,589,0,178
1689,641,0,37
1732,633,1,90
1761,581,0,327
1757,620,1,85
1806,552,0,357
1839,599,0,57
1875,497,0,37
1928,542,0,356
2185,469,0,165
106,1428,0,355
178,1481,0,24
185,1318,0,311
214,1365,0,328
216,1303,0,327
232,1463,0,288
262,1350,0,195
260,1453,1,79
277,1426,0,251
284,1465,1,280
323,1319,0,332
322,1388,0,60
334,1436,0,348
334,1287,0,315
386,1397,0,17
390,1436,1,348
429,1488,0,57
449,1428,0,166
441,1375,1,292
443,1314,1,48
468,1452,1,20
479,1384,0,349
477,1340,0,317
521,1330,1,4
530,1356,0,25
558,1400,0,306
568,1465,0,232
580,1371,0,138
598,1317,1,328
610,1375,0,276
612,1476,0,315
614,1428,0,44
623,1454,1,293
626,1289,0,73
671,1325,0,271
707,1456,0,101
725,1330,0,236
731,1453,1,287
752,1471,0,257
758,1379,1,336
771,1324,0,50
784,1454,1,324
806,1345,0,224
812,1404,0,35
834,1483,1,61
854,1429,0,16
865,1346,0,42
911,1471,1,342
913,1318,1,299
942,1465,0,78
951,1367,0,65
987,1470,0,228
1005,1445,0,284
1070,1320,1,44
1097,1397,1,46
1103,1337,0,273
1110,1430,0,354
1121,1409,1,15
1161,1387,0,304
1197,1325,0,263
1232,1448,0,12
1234,1366,0,26
1227,1488,0,90
1244,1413,0,4
1275,1469,0,11
1296,1340,0,277
1295,1413,0,90
1311,1297,0,71
1332,1448,0,145
1359,1333,0,337
1353,1414,1,84
1382,1418,0,80
1424,1400,1,290
1435,1319,0,214
1488,1489,0,28
1494,1324,0,54
1542,1363,0,18
1542,1417,0,191
1578,1442,0,199
1586,1463,1,16
1627,1387,0,29
1645,1471,0,136
1651,1348,0,348
1653,1313,0,173
1670,1394,0,50
1690,1326,0,142
1691,1435,0,74
1721,1378,0,276
1728,1450,0,231
1748,1303,0,90
1762,1490,0,194
1762,1387,0,112
1768,1453,0,37
1793,1357,0,263
1820,1326,1,284
1835,1430,0,156
1839,1488,0,338
1847,1335,0,333
1842,1375,1,282
1859,1291,0,250
1871,1383,0,350
1889,1447,0,22
1903,1318,0,102
1908,1410,0,206
1925,1478,0,329
1947,1451,0,298
1950,1333,0,62
1972,1399,0,106
1986,1447,0,23
1993,1317,0,59
2003,1467,0,349
2004,1351,0,257
2038,1419,0,3
2057,1358,0,328
2060,1453,0,29
2118,1289,0,150
2115,1375,0,250
2126,1461,0,353
2167,1326,0,23
2175,1385,0,269
2253,1432,0,316
2308,1385,0,157
2322,1433,0,194
2338,1349,0,326
2386,1310,0,235
2441,1331,1,353
2452,1297,0,15
2457,1335,0,349
2475,1356,0,355
2521,1291,0,30
78,1494,1,89
99,1544,0,261
126,1519,1,358
139,1681,0,127
170,1619,0,156
215,1662,0,331
229,1591,0,354
247,1641,0,318
256,1539,0,128
287,1615,1,87
296,1638,0,0
310,1596,0,5
311,1536,0,199
313,1661,1,6
313,1568,1,343
325,1494,0,352
313,1689,1,333
345,1696,0,97
363,1549,0,224
392,1653,0,58
418,1570,0,17
463,1530,0,18
473,1675,0,14
534,1556,0,299
545,1527,1,313
572,1642,0,299
599,1592,0,146
596,1499,1,20
632,1500,0,180
633,1650,0,335
647,1541,0,213
655,1595,0,75
674,1667,1,271
685,1618,0,75
719,1663,0,14
726,1609,0,238
768,1532,0,218
786,1600,0,346
832,1557,0,71
857,1495,0,329
859,1620,1,317
864,1661,0,343
882,1571,0,24
923,1612,0,126
935,1548,1,14
951,1692,0,279
987,1666,1,10
1016,1503,1,72
1040,1640,1,0
1041,1519,1,295
1042,1549,1,82
1066,1496,0,38
1093,1588,0,202
1093,1670,1,320
1095,1516,1,8
1097,1544,0,96
1117,1660,0,127
1156,1530,0,137
1149,1608,1,61
1162,1638,0,325
1202,1611,1,41
1227,1517,0,33
1240,1578,0,283
1277,1681,0,354
1289,1605,0,57
1313,1647,0,120
1327,1590,0,289
1352,1623,1,279
1354,1503,1,309
1371,1660,0,284
1388,1546,0,354
1397,1684,1,70
1438,1654,0,27
1461,1575,0,234
1499,1569,1,21
1506,1532,0,272
1529,1658,0,258
1552,1588,0,136
1567,1509,0,358
1586,1662,0,272
1622,1546,0,262
1693,1516,1,326
1711,1494,0,146
1715,1569,0,253
1754,1648,0,240
1764,1563,0,179
1765,1602,0,23
1793,1639,0,86
1810,1532,0,196
1843,1582,0,336
1884,1541,0,325
1895,1628,0,339
1913,1593,0,327
1917,1509,0,329
1947,1554,0,235
1988,1597,0,348
1995,1540,0,315
2028,1642,0,348
2028,1519,0,307
2051,1568,0,9
2056,1505,0,316
2071,1609,0,12
2105,1514,0,76
2119,1654,0,48
2224,1574,0,351
2235,1496,0,282
2259,1693,0,72
2317,1496,0,276
80,1804,0,45
88,1889,0,182
95,1848,0,202
143,1757,0,290
149,1857,0,256
179,1703,1,271
181,1825,1,84
204,1772,0,46
231,1705,0,251
233,1855,1,27
282,1707,0,15
299,1901,0,96
325,1791,0,337
337,1738,1,74
337,1859,1,62
346,1701,0,100
356,1888,0,82
375,1772,0,86
402,1721,0,140
416,1897,0,167
423,1790,0,305
431,1849,0,159
468,1774,0,308
465,1875,1,40
507,1880,0,343
514,1811,0,83
532,1719,0,7
566,1870,0,120
570,1816,0,358
569,1754,1,24
578,1776,0,25
603,1833,0,231
611,1745,0,333
618,1875,1,46
635,1723,0,346
652,1899,0,316
656,1826,0,49
699,1893,1,11
700,1801,1,342
709,1700,0,3
741,1849,0,163
753,1743,1,70
775,1879,1,319
778,1846,1,61
779,1817,1,359
790,1702,0,292
802,1891,0,290
823,1768,0,159
835,1851,0,149
850,1816,0,356
871,1899,0,332
884,1875,1,335
933,1804,0,112
963,1805,1,297
986,1883,0,16
995,1792,0,308
1002,1704,0,303
1046,1728,1,37
1051,1887,0,332
1050,1807,0,60
1074,1749,0,305
1101,1843,0,335
1149,1700,1,312
1176,1783,1,45
1196,1750,0,220
1196,1816,0,261
1246,1821,0,20
1290,1770,0,85
1309,1715,0,20
1350,1765,0,201
1390,1801,0,183
1393,1893,0,1
1395,1862,1,86
1425,1761,0,334
1473,1737,0,94
1545,1755,0,218
1557,1721,0,176
1564,1875,0,12
1656,1716,0,347
1675,1865,0,359
1751,1817,0,120
1812,1789,0,9
1837,1732,0,244
1891,1778,0,46
2003,1751,0,356
2091,1817,0,342
2133,1751,0,333
2197,1699,0,332
88,720,0,113
127,775,0,58
169,797,0,201
166,864,0,294
178,762,1,275
186,821,0,30
207,717,0,4
204,748,1,39
205,688,1,49
205,846,1,55
211,870,0,350
218,796,0,274
246,819,0,98
265,738,0,21
260,715,1,20
276,813,0,256
284,858,1,310
309,812,1,0
308,852,0,277
322,761,0,235
349,682,0,313
357,838,0,345
373,775,0,13
368,811,1,350
392,824,1,326
412,691,0,8
435,868,0,305
475,757,0,287
499,736,1,307
498,857,1,318
513,681,0,246
523,810,1,73
547,848,0,114
574,708,0,148
588,768,0,337
605,815,0,236
620,872,0,38
661,753,0,235
669,680,0,294
703,855,0,156
708,786,0,17
738,826,0,356
743,674,0,241
763,706,1,25
759,855,1,19
776,787,0,29
816,853,0,329
809,680,0,275
823,767,0,294
841,690,1,314
842,722,1,8
843,844,1,317
867,861,1,279
875,794,0,228
891,814,1,306
899,689,0,42
913,749,0,6
922,799,0,332
933,850,0,48
973,741,1,306
970,864,1,290
984,701,0,4
991,825,0,61
1022,735,0,352
1027,708,1,11
1051,815,1,296
1051,757,1,0
1053,789,1,317
1074,691,0,28
1104,725,1,310
1105,817,1,67
1152,860,0,108
1159,755,1,77
1189,710,0,283
1226,693,0,300
1249,822,0,354
1316,811,0,153
1316,757,0,353
1330,671,0,281
1328,708,0,83
1360,748,1,313
1381,712,0,352
1401,784,0,271
1406,668,0,83
1417,846,0,187
1422,752,0,280
1453,728,0,112
1475,814,0,138
1487,856,1,338
1490,703,0,105
1491,754,0,255
1492,707,0,104
1514,810,1,21
1515,726,0,52
1522,670,0,92
1531,777,0,194
1536,864,0,1
1560,676,0,242
1565,840,1,355
1568,749,1,317
1599,693,0,95
1607,771,0,286
1617,843,1,271
1617,872,1,306
1648,737,1,334
1653,676,1,23
1659,815,0,254
1672,785,1,44
1676,753,1,51
1677,693,1,87
1722,802,0,312
1730,752,1,355
1744,779,0,147
1754,680,1,84
1783,865,0,339
1802,682,0,271
1811,731,0,359
1842,856,0,125
1855,772,0,1
1854,741,1,271
1869,801,0,8
1891,737,0,6
1908,823,0,17
1910,855,0,26
1908,684,1,270
1930,789,1,74
1971,675,0,345
1966,847,0,246
2029,724,0,11
2069,779,0,15
2154,833,0,7
2261,850,0,2
78,942,0,251
88,893,0,222
104,976,0,87
130,1050,0,47
138,922,0,74
178,929,0,285
210,929,0,166
206,901,1,55
213,1045,0,21
231,1005,1,71
236,1065,1,14
236,912,1,6
260,990,1,10
263,946,0,299
266,1017,0,5
277,907,0,325
318,1045,0,268
336,905,0,345
339,1009,1,350
357,988,0,323
386,890,0,315
393,1037,1,301
457,1078,0,332
465,918,0,45
470,1055,1,0
517,911,0,85
524,996,1,307
538,1034,0,175
548,919,1,23
561,1005,0,353
577,935,1,37
631,929,0,286
647,991,0,334
653,1060,0,353
665,894,0,327
750,962,0,59
759,1043,1,309
769,879,0,196
775,1021,0,322
795,981,0,310
814,921,1,24
812,1044,1,27
819,949,0,155
844,939,0,53
845,998,0,254
861,1065,0,129
892,1030,1,39
909,901,0,353
921,1040,0,96
943,938,1,38
943,969,1,281
1000,1051,0,119
1046,1060,1,0
1059,909,0,207
1073,1049,0,259
1092,885,0,85
1101,970,1,271
1129,1071,0,13
1155,970,1,322
1156,1001,1,357
1206,1029,1,341
1226,1053,0,356
1246,956,0,175
1265,983,0,3
1268,938,0,156
1314,963,1,288
1325,906,0,5
1337,1059,0,20
1341,970,0,256
1378,925,0,354
1382,1066,0,340
1379,946,1,52
1404,1014,0,143
1457,960,1,40
1486,948,0,338
1483,976,1,333
1490,1056,0,199
1486,916,1,278
1495,1019,0,183
1510,989,1,16
1538,946,1,332
1590,951,0,229
1614,1054,0,4
1617,903,1,347
1639,969,0,347
1654,1039,0,321
1663,1006,0,336
1695,877,0,205
1703,1007,0,20
1713,1052,0,302
1743,1043,1,90
1765,923,0,260
1772,1020,0,277
1801,1016,0,291
1808,896,1,13
1834,958,0,211
1831,1041,0,72
1841,913,0,192
1867,984,0,212
1900,941,0,116
1912,913,0,61
1935,985,0,195
1955,953,0,333
1967,905,0,47
1986,1009,0,154
2009,974,0,14
2010,1064,0,246
2042,923,0,11
2056,997,0,39
2063,888,0,349
2061,1069,0,41
2119,890,0,100
2125,977,0,13
2148,1007,0,352
2183,932,0,347
2200,1055,0,150
2216,985,0,355
2226,903,0,13
2268,1050,0,2
2277,921,0,13
2281,1018,0,4
2287,971,0,70
2344,951,0,20
2361,1042,0,354
2382,898,0,133
2409,963,0,49
2451,924,0,221
2463,987,0,351
2472,879,0,13
71,1225,0,23
89,1174,0,177
120,1100,0,204
123,1162,1,48
125,1250,0,267
154,1144,0,141
166,1192,0,198
178,1218,1,72
178,1252,1,302
191,1082,0,3
188,1107,1,346
206,1236,0,340
207,1144,0,334
229,1282,1,316
232,1189,1,22
254,1229,0,346
255,1270,0,325
256,1271,0,324
259,1174,1,286
273,1082,0,264
293,1155,0,23
358,1218,0,95
370,1273,0,324
387,1149,0,130
396,1221,0,125
438,1113,0,358
444,1244,0,279
460,1171,0,181
464,1172,0,358
470,1208,1,356
474,1240,1,345
497,1132,1,47
527,1095,0,346
528,1247,0,62
547,1129,1,1
586,1117,0,35
595,1174,0,356
652,1224,1,21
666,1280,0,39
678,1116,0,48
723,1228,0,314
727,1146,0,106
739,1272,0,214
768,1087,0,191
760,1134,1,311
759,1226,1,41
800,1134,0,227
807,1263,0,137
804,1192,0,264
852,1132,0,31
856,1215,0,16
862,1258,1,321
886,1213,1,327
906,1114,0,100
912,1269,0,18
917,1228,1,80
942,1122,1,15
967,1174,0,350
995,1122,1,312
1000,1281,0,148
1026,1224,0,208
1095,1206,0,246
1098,1155,1,273
1121,1258,1,37
1135,1271,0,315
1153,1154,1,327
1152,1244,1,58
1175,1132,0,354
1180,1227,0,333
1197,1174,0,36
1239,1279,0,151
1247,1127,0,187
1249,1172,0,298
1267,1094,0,94
1305,1155,0,292
1311,1096,0,111
1316,1276,0,346
1358,1150,0,2
1371,1117,0,330
1383,1207,0,351
1427,1096,0,356
1451,1189,0,47
1481,1247,1,353
1483,1127,1,315
1509,1172,1,344
1516,1092,0,39
1534,1242,0,21
1534,1216,1,353
1582,1157,0,160
1582,1085,0,309
1587,1283,0,338
1589,1223,1,74
1619,1234,1,324
1620,1267,0,308
1629,1166,0,297
1653,1098,0,287
1655,1235,0,304
1668,1117,1,44
1681,1146,0,181
1683,1284,0,341
1686,1196,0,317
1712,1242,0,343
1746,1194,0,331
1765,1168,0,156
1763,1253,0,113
1770,1119,0,105
1807,1132,0,352
1808,1274,0,61
1814,1176,0,44
1888,1085,0,182
1886,1132,0,239
1894,1214,0,18
1890,1266,0,1
1909,1244,0,359
1926,1132,0,100
1944,1275,0,62
1962,1126,0,291
1965,1230,0,153
1968,1082,0,123
1988,1157,0,312
2021,1127,0,125
2035,1195,0,255
2068,1105,0,32
2065,1248,0,299
2096,1152,0,14
2108,1230,0,1
2110,1230,0,0
2118,1100,0,114
2137,1195,0,8
2155,1252,0,229
2173,1089,0,16
2183,1141,0,148
2200,1269,0,19
2203,1221,0,277
2240,1179,0,244
2249,1121,0,45
2260,1089,0,358
2268,1261,0,243
2272,1188,0,237
2322,1259,0,183
2338,1213,0,351
2344,1117,0,8
2371,1165,0,46
2398,1243,0,13
2451,1184,0,172
2453,1260,0,23
2463,1096,0,317
291,667,0,121
598,1285,1,57
