104,1941,0,233
111,2100,0,315
277,1983,0,90
310,1962,1,20
334,1917,1,37
334,2066,1,313
335,2035,1,292
357,1962,0,78
389,1914,0,107
400,2018,0,24
412,1970,0,36
415,2105,0,177
419,2075,0,16
450,1918,0,11
445,2011,1,311
463,1991,0,343
491,2068,0,15
492,1963,0,321
507,2035,0,177
507,2107,0,235
519,1935,1,75
554,1974,0,141
570,1916,0,64
581,2026,0,7
595,2065,0,11
593,1979,1,304
597,1922,1,75
592,1950,1,0
672,1963,1,45
699,1982,1,311
714,1925,0,220
733,2003,0,330
777,1956,0,341
793,2072,0,160
805,2013,0,238
805,1946,1,315
844,2020,0,41
912,1933,0,83
924,2008,0,235
945,1990,0,339
939,1909,1,86
1417,1984,0,309
1671,1953,0,72
1680,1974,0,9
1711,2001,0,355
90,2182,0,211
301,2153,0,123
360,2191,0,273
455,2182,0,218
540,2126,1,68
545,2226,0,147
614,2119,0,43
787,2186,0,146
78,2398,1,293
162,2437,0,306
2341,2477,0,158
2407,2476,0,339
2452,2518,0,50
94,253,0,275
886,237,0,2
904,191,0,197
1300,225,0,320
1529,129,0,28
2517,217,0,267
156,294,0,144
175,413,0,93
206,388,0,262
205,407,1,90
235,438,0,20
253,398,0,8
264,305,0,2
260,354,1,82
301,357,0,18
338,442,0,275
348,282,0,341
360,335,0,96
368,384,1,20
414,428,0,15
423,376,0,60
501,335,1,75
507,261,0,43
509,435,0,178
527,452,0,250
527,383,1,54
575,333,0,348
578,394,0,260
581,282,0,101
607,400,1,44
607,340,1,63
619,446,0,212
630,383,1,64
692,320,0,152
721,276,0,134
723,445,0,286
740,416,1,297
757,357,0,25
766,460,0,267
791,273,0,87
794,412,0,279
817,461,1,14
818,404,1,297
839,310,0,28
849,393,0,271
894,406,0,63
938,313,0,352
940,367,0,310
945,262,0,22
990,451,0,197
1423,379,0,129
1634,447,0,16
1836,454,0,40
106,490,0,352
157,601,0,304
180,504,0,261
208,653,0,34
207,536,1,287
235,611,1,67
244,527,0,145
264,476,0,19
278,541,0,255
315,505,1,24
315,567,1,320
315,627,1,34
315,658,1,277
321,595,0,7
342,552,1,276
343,582,1,57
371,632,0,171
368,479,1,285
390,596,0,135
395,492,1,295
394,553,1,73
439,463,0,21
450,553,0,345
448,491,1,57
456,648,0,8
465,602,0,237
474,533,1,356
554,462,1,327
560,526,0,74
578,659,1,2
596,529,0,279
606,591,0,298
617,656,0,172
632,520,0,122
658,553,1,38
661,523,1,320
668,471,0,81
682,597,0,207
677,560,0,344
686,506,1,28
715,542,0,288
738,507,1,42
737,660,1,45
766,462,0,269
785,521,0,48
790,628,0,44
792,477,1,62
815,553,1,335
837,631,0,39
847,580,0,345
841,529,0,271
869,556,1,12
885,473,0,346
908,547,0,80
920,613,0,210
923,646,1,20
951,510,1,312
973,554,1,41
975,617,1,307
984,658,0,347
990,626,0,335
999,588,0,129
1013,513,0,94
1028,619,1,283
1052,566,0,182
1093,523,0,110
1104,619,0,155
1106,572,1,285
1109,481,1,60
1143,572,0,297
1149,524,0,327
1159,474,0,350
1221,531,0,34
1258,474,0,1
1260,665,0,352
1265,526,1,36
1297,518,0,9
1364,666,0,142
1438,665,0,357
1483,621,0,19
1544,606,0,69
1546,646,1,69
1575,601,1,67
1623,599,0,237
1627,633,1,0
1644,507,0,350
1689,589,0,177
1731,631,1,11
1752,654,0,358
1757,620,1,76
1798,557,0,356
1830,616,0,18
1874,499,0,38
1922,621,0,148
1928,543,0,352
104,1427,0,349
107,1479,0,236
173,1318,0,228
197,1292,0,100
206,1361,0,321
217,1426,0,32
226,1309,0,327
230,1476,0,188
261,1450,1,328
282,1292,0,309
281,1421,0,266
285,1464,1,346
324,1409,0,103
371,1368,0,343
366,1445,0,220
384,1477,0,60
391,1304,0,358
391,1404,1,296
435,1463,0,318
440,1359,0,144
443,1317,1,1
467,1425,0,351
464,1307,0,45
469,1451,1,15
484,1347,0,309
499,1291,0,305
511,1480,0,6
506,1451,0,10
513,1401,0,356
521,1331,1,57
563,1343,0,18
581,1291,0,116
623,1455,1,289
708,1455,0,100
731,1363,1,5
737,1290,0,300
744,1446,0,274
758,1380,1,338
769,1339,0,228
779,1299,0,287
800,1458,0,293
817,1407,0,89
836,1286,0,359
835,1454,1,312
854,1401,0,253
860,1336,0,339
864,1471,0,53
912,1318,1,285
912,1471,1,5
963,1441,0,158
960,1312,0,355
964,1412,1,273
990,1458,1,71
1016,1411,1,322
1016,1444,0,271
1097,1398,1,40
1132,1432,0,242
1201,1365,0,348
1204,1295,0,356
1199,1489,0,99
1260,1455,0,349
1276,1340,0,153
1309,1403,0,325
1315,1304,0,357
1327,1327,0,344
1330,1445,0,270
1349,1351,0,14
1354,1414,1,75
1369,1469,0,335
1385,1304,0,40
1390,1381,0,356
1411,1432,0,149
1424,1403,1,74
1437,1314,0,294
1448,1364,0,339
1482,1482,0,60
1507,1313,0,2
1506,1373,0,221
1532,1411,0,193
1541,1472,0,351
1575,1345,0,283
1585,1298,0,301
1584,1457,0,275
1604,1364,0,53
1619,1392,0,50
1640,1491,0,1
1642,1332,0,357
1680,1378,0,197
1691,1411,0,212
1715,1479,0,236
1749,1437,0,354
1774,1315,0,92
1796,1391,0,96
1800,1490,0,313
1829,1355,0,159
1832,1300,0,38
1873,1402,0,188
1875,1480,0,204
1887,1351,0,82
1916,1304,0,214
1931,1481,0,202
1935,1426,0,335
1942,1350,0,219
1970,1292,0,132
1984,1445,0,25
2001,1375,0,217
2002,1339,0,116
2016,1289,0,337
2021,1467,0,353
2027,1414,0,2
2055,1346,0,249
2074,1445,0,352
2092,1419,0,325
2103,1368,0,350
2136,1298,0,25
2169,1448,0,346
2163,1347,0,271
2196,1364,0,269
2243,1416,0,101
2246,1293,0,48
2278,1329,0,269
2311,1464,0,298
2326,1344,0,312
2337,1406,0,15
2423,1358,0,148
2439,1301,0,103
96,1546,0,231
138,1681,0,129
148,1561,0,114
190,1613,0,15
198,1548,0,80
212,1666,0,317
234,1582,1,282
246,1546,0,22
251,1654,0,343
251,1506,0,15
287,1612,1,73
298,1634,0,10
310,1660,1,351
313,1690,1,16
336,1576,0,352
337,1536,0,315
337,1644,0,39
350,1689,0,307
387,1608,0,347
383,1659,0,322
399,1537,0,343
454,1659,0,353
522,1633,0,238
545,1513,0,242
586,1565,0,114
599,1629,0,151
596,1498,1,350
602,1696,0,322
612,1500,0,359
636,1500,0,168
643,1544,0,246
647,1632,0,320
651,1677,0,354
683,1494,0,313
727,1604,0,230
781,1567,0,331
833,1637,1,337
845,1562,0,43
858,1620,1,24
865,1697,0,135
879,1532,0,144
879,1617,0,84
901,1522,0,317
930,1549,1,316
941,1669,0,285
938,1607,1,336
950,1534,0,114
972,1595,0,203
974,1513,0,121
1019,1664,0,345
1022,1508,0,151
1014,1688,1,15
1042,1558,0,342
1041,1639,1,334
1061,1603,0,1
1058,1647,0,335
1067,1685,1,346
1097,1549,0,54
1095,1668,1,31
1122,1605,0,299
1123,1656,1,2
1156,1545,0,21
1201,1671,1,0
1298,1667,0,76
1310,1501,0,71
1331,1684,0,55
1352,1624,1,87
1355,1503,1,312
1360,1588,0,197
1377,1541,0,350
1394,1685,1,311
1416,1622,0,340
1417,1663,0,355
1477,1534,0,150
1470,1586,0,286
1502,1567,1,10
1545,1655,0,60
1571,1518,0,329
1602,1555,0,224
1641,1492,0,0
1696,1517,1,321
1699,1646,0,214
1745,1688,0,1
1741,1520,0,263
1743,1582,0,242
1763,1655,0,208
1777,1608,0,28
1784,1541,0,86
1811,1671,0,93
1831,1558,0,36
1866,1625,0,307
1890,1540,0,284
1903,1684,0,0
1945,1518,0,229
1946,1557,0,227
1984,1597,0,29
2000,1688,0,21
2000,1492,0,147
2035,1540,0,243
2052,1616,0,67
2095,1511,0,31
2113,1566,0,263
2210,1572,0,344
2257,1509,0,150
79,1809,0,49
88,1884,0,359
86,1722,0,114
97,1847,0,202
127,1775,0,154
135,1850,0,312
143,1750,0,303
180,1703,1,277
181,1825,1,79
193,1761,0,301
218,1888,0,347
232,1766,1,334
233,1856,1,28
282,1756,0,221
318,1808,0,220
332,1852,0,254
338,1736,1,55
369,1761,0,162
418,1857,0,56
428,1740,0,96
430,1891,0,35
435,1807,0,308
465,1874,1,26
465,1752,1,292
489,1768,0,256
514,1900,0,100
527,1718,0,1
515,1785,1,82
541,1799,0,253
542,1741,1,3
567,1814,1,333
607,1764,0,22
620,1876,1,320
672,1714,0,14
678,1809,0,152
699,1892,1,5
700,1799,1,327
712,1737,0,24
742,1852,0,160
754,1743,1,60
774,1805,0,65
780,1846,1,293
798,1893,0,354
818,1769,0,122
833,1855,0,175
890,1798,0,145
884,1876,1,6
910,1773,1,12
910,1708,1,0
935,1734,0,304
962,1804,1,298
992,1780,0,114
1010,1895,0,238
1028,1710,0,15
1039,1760,0,268
1055,1887,0,337
1073,1781,0,288
1091,1737,0,262
1149,1700,1,322
1182,1718,0,216
1197,1790,0,336
1257,1851,0,147
1290,1798,0,276
1291,1822,0,9
1304,1730,0,348
1308,1773,0,335
1364,1773,0,112
1395,1888,0,11
1395,1860,1,359
1414,1714,0,20
1434,1781,0,6
1484,1834,0,338
1517,1712,0,145
1519,1788,0,329
1564,1875,0,12
1583,1780,0,324
1756,1805,0,294
1809,1746,0,352
1812,1806,0,76
1860,1701,0,299
1921,1767,0,209
1927,1716,0,27
2000,1768,0,8
2035,1721,0,10
2091,1817,0,345
2130,1738,0,333
2194,1703,0,335
65,814,0,270
83,696,0,248
134,766,0,240
184,819,0,42
199,768,0,24
208,721,0,358
209,870,0,0
206,842,1,67
205,688,1,279
233,700,1,313
263,834,0,187
264,763,0,223
266,677,0,216
261,719,1,335
268,799,0,194
303,708,0,200
312,812,1,18
336,769,1,330
349,676,0,347
356,840,0,358
352,728,0,251
367,811,1,358
378,752,0,254
392,823,1,339
429,687,0,358
446,734,0,1
449,865,0,327
470,846,0,140
478,765,0,297
498,694,0,332
499,735,1,286
519,824,0,57
541,668,0,331
548,855,0,112
550,769,0,131
562,733,0,304
576,838,0,86
608,815,0,55
615,757,0,57
612,863,0,329
620,710,0,40
652,826,0,15
651,861,0,28
679,696,0,277
694,802,0,342
706,856,0,150
730,715,0,98
762,706,1,316
763,737,1,33
787,832,0,271
804,682,0,333
823,751,0,222
840,846,1,325
844,688,1,81
848,788,0,235
866,861,1,275
891,813,1,293
891,754,1,356
895,783,0,207
921,756,0,351
922,675,1,274
929,859,0,125
969,723,0,130
991,837,0,19
1026,709,1,278
1037,871,0,317
1039,742,0,355
1051,815,1,299
1053,788,1,317
1051,760,1,44
1088,675,0,218
1103,766,0,88
1103,722,1,337
1147,791,0,284
1159,693,0,6
1160,754,1,68
1159,846,1,327
1189,814,0,76
1199,867,0,344
1215,817,1,80
1245,823,0,359
1260,781,0,63
1278,724,0,156
1321,759,0,4
1333,701,0,7
1334,812,0,235
1403,745,0,278
1433,855,1,309
1460,736,0,354
1457,869,1,60
1464,810,0,87
1488,855,1,338
1488,702,1,278
1516,809,1,2
1523,843,0,147
1523,782,0,189
1544,706,1,3
1556,764,0,108
1571,826,0,171
1586,799,0,344
1604,691,0,96
1606,769,0,282
1617,872,1,305
1618,842,1,72
1644,790,0,270
1648,737,1,6
1653,675,1,20
1679,869,0,155
1677,753,1,327
1678,693,1,82
1695,821,0,17
1730,754,1,0
1754,681,1,75
1764,853,0,19
1766,734,0,318
1804,747,0,73
1818,816,0,106
1820,685,0,252
1845,781,0,153
1873,832,0,30
1890,738,0,6
1908,684,1,67
1911,845,0,72
1931,785,0,332
1961,836,0,36
1970,675,0,350
2030,723,0,12
2040,782,0,32
2077,867,0,348
2147,836,0,11
2176,695,0,49
2261,850,0,16
107,1033,0,345
99,993,1,39
122,927,0,50
169,977,0,193
172,1026,0,333
174,899,0,99
174,1066,1,10
206,900,1,304
221,929,0,176
234,1005,1,30
235,946,1,51
263,973,0,348
259,894,0,297
260,995,1,338
287,1038,1,17
318,882,0,73
324,1048,0,215
374,880,0,40
397,1000,0,156
393,1038,1,297
429,890,0,311
451,1056,0,355
468,1009,0,78
530,908,0,340
525,995,1,84
576,937,1,43
594,961,0,203
592,1030,0,273
611,901,0,128
610,978,0,225
648,1000,0,339
667,894,0,328
711,1054,0,236
760,919,1,27
774,947,0,168
779,1031,0,152
775,1003,0,352
781,1067,0,192
808,895,0,206
814,922,1,21
837,976,0,43
843,1059,0,64
840,937,1,90
891,1029,1,0
925,969,0,192
943,938,1,23
941,1029,1,48
951,1068,0,125
984,889,0,228
1003,1031,0,135
1046,1060,1,355
1086,1072,0,197
1097,998,0,267
1156,1011,0,241
1154,969,1,320
1179,1046,1,72
1222,1056,0,173
1208,905,1,277
1225,951,0,140
1250,1023,0,195
1262,914,0,314
1278,1015,0,68
1302,1059,0,17
1354,954,0,312
1381,1037,1,305
1401,894,0,352
1457,959,1,58
1489,884,0,351
1487,948,0,341
1484,977,1,329
1486,917,1,303
1510,992,1,22
1513,1021,1,276
1523,1064,0,237
1533,1012,0,25
1555,973,0,154
1563,1075,0,230
1585,1025,0,43
1612,1056,0,6
1617,902,1,342
1663,1057,0,50
1689,966,0,144
1701,1008,0,15
1718,1059,0,287
1737,941,0,228
1740,1045,1,271
1762,1032,0,122
1792,981,0,140
1807,893,1,351
1828,1047,0,111
1840,960,0,350
1845,915,0,353
1853,883,0,340
1863,1014,0,325
1911,905,0,80
1925,990,0,347
1943,938,0,237
1946,883,0,34
1952,1053,0,125
1963,957,1,318
1998,1032,0,200
2006,1070,0,226
2009,982,0,107
2014,897,0,15
2053,922,0,25
2060,1001,0,61
2071,953,0,7
2084,1037,0,253
2111,1074,0,95
2129,962,0,250
2133,895,0,50
2157,982,0,281
2161,1055,0,70
2184,938,0,343
2207,1058,0,29
2204,896,0,10
2218,983,0,354
2234,894,0,357
2274,917,0,22
2323,923,0,30
2341,953,0,14
2354,1051,0,349
2384,1019,0,125
2451,907,0,354
2464,985,0,173
2469,879,0,355
76,1184,0,200
76,1108,0,251
115,1241,0,291
122,1161,0,229
142,1090,0,296
153,1143,1,47
178,1218,1,295
178,1252,1,295
188,1095,0,9
206,1143,1,66
206,1235,1,332
236,1211,0,222
233,1161,0,67
233,1279,1,85
241,1094,0,79
260,1175,1,301
294,1182,0,350
307,1151,0,12
316,1273,0,315
352,1104,0,58
392,1206,0,198
390,1281,1,346
425,1114,0,8
438,1269,0,94
442,1223,1,347
460,1172,0,0
462,1172,0,357
466,1237,0,336
471,1208,1,344
497,1132,1,345
514,1091,0,358
549,1130,1,286
601,1283,1,76
643,1102,0,147
664,1272,0,300
682,1200,0,327
694,1123,0,249
706,1256,1,359
734,1148,1,1
757,1109,0,340
757,1228,0,134
760,1137,1,346
774,1172,0,170
805,1230,0,107
815,1195,1,332
863,1259,1,335
884,1092,0,199
888,1184,0,348
916,1118,0,10
911,1249,0,248
920,1150,0,359
943,1245,1,73
960,1192,0,244
995,1122,1,300
1000,1271,0,122
1012,1177,0,66
1016,1231,1,294
1073,1216,0,351
1070,1260,1,348
1098,1155,1,85
1154,1152,1,65
1222,1216,0,255
1232,1154,0,3
1297,1240,0,234
1312,1089,0,253
1354,1099,0,243
1364,1203,0,294
1402,1282,1,23
1442,1234,0,129
1456,1154,0,356
1474,1285,0,354
1483,1107,0,104
1484,1248,1,322
1490,1219,0,139
1508,1172,1,315
1531,1138,0,92
1566,1241,0,337
1588,1161,0,307
1590,1220,1,59
1610,1103,0,127
1617,1236,1,305
1648,1164,0,337
1659,1206,0,345
1673,1121,0,304
1708,1253,0,179
1727,1181,0,196
1724,1209,1,24
1735,1149,0,13
1756,1246,0,300
1773,1115,0,5
1778,1176,1,270
1785,1229,0,111
1791,1080,0,359
1803,1193,0,320
1807,1136,0,348
1836,1244,0,131
1840,1173,0,252
1862,1093,0,28
1871,1204,0,242
1876,1137,0,254
1910,1261,0,10
1912,1209,0,47
1917,1151,0,204
1959,1186,0,269
1991,1154,0,333
1992,1240,0,1
1995,1112,0,25
2005,1195,0,139
2061,1177,0,53
2069,1107,0,21
2088,1211,0,227
2088,1268,0,61
2122,1150,0,26
2124,1103,0,39
2146,1239,0,336
2151,1202,0,348
2178,1127,0,322
2184,1174,0,192
2217,1249,0,118
2242,1209,0,94
2254,1097,0,338
2283,1163,0,26
2299,1212,0,226
2328,1086,0,354
2325,1277,0,39
2349,1217,0,24
2395,1257,0,329
2428,1146,0,102
2441,1202,0,14
2461,1090,0,353
2461,1250,0,330
667,383,0,217
1654,1697,0,345
667,766,0,22
1920,1079,0,74
