97,2096,0,353
139,1924,0,232
280,2008,1,40
310,1961,1,55
322,1920,0,284
334,2066,1,286
335,2036,1,339
382,2040,0,341
386,1946,1,338
400,2001,0,110
415,2080,0,23
438,2012,1,316
438,2036,1,326
439,1977,1,5
463,2083,1,40
491,1954,0,357
523,2006,0,339
544,2100,0,23
592,1979,1,325
593,1921,1,82
593,1950,1,325
627,1926,0,280
637,2009,0,206
661,2060,0,255
671,1963,1,11
700,1982,1,313
733,2003,0,329
794,2073,0,163
803,1950,1,20
822,1981,0,342
836,2026,0,350
858,1914,0,190
881,2056,0,53
887,1984,0,84
916,1946,0,344
929,2002,0,209
937,1908,1,13
1570,1913,0,351
110,2182,0,165
104,2294,0,262
312,2258,0,122
347,2170,0,180
489,2124,0,41
516,2217,0,123
533,2173,0,156
538,2127,1,305
604,2194,0,108
649,2182,0,78
781,2183,0,327
78,2375,0,258
2386,2449,0,103
2424,2497,0,310
2454,2515,0,64
2458,2473,0,94
446,216,0,107
887,236,0,358
1394,245,0,33
2517,216,0,263
112,302,0,46
152,429,0,104
180,399,0,277
212,414,0,121
234,428,0,47
255,308,0,167
259,355,1,79
263,384,1,346
295,353,0,4
313,455,0,0
340,369,1,6
344,281,0,324
369,384,1,53
388,351,0,354
422,390,0,213
452,323,0,190
500,334,1,76
505,263,0,41
502,377,0,267
529,383,1,270
546,283,0,70
552,422,0,205
562,360,0,323
596,314,0,14
615,368,0,120
654,380,0,227
667,454,0,325
669,297,0,110
687,443,1,323
711,288,0,89
735,438,0,261
765,354,0,352
763,439,0,279
773,282,0,62
794,420,0,284
817,402,1,285
824,307,0,23
846,364,0,325
888,415,0,37
946,371,0,55
952,267,0,34
970,418,0,357
1200,349,0,108
1316,261,0,250
1639,445,0,11
1833,454,0,39
92,645,0,331
107,490,0,353
159,603,0,307
207,536,1,290
209,651,0,20
245,526,0,328
263,605,0,341
270,498,0,122
295,553,0,228
319,595,0,6
315,626,1,88
314,507,1,303
316,659,1,76
322,569,1,322
345,502,0,308
342,581,1,329
342,552,1,84
370,624,0,41
368,480,1,284
395,492,1,288
395,554,1,270
415,628,0,85
436,541,0,341
447,492,1,59
482,463,0,198
487,659,0,191
499,514,0,350
540,644,0,118
550,523,0,106
579,657,1,315
600,541,0,245
614,605,0,291
645,647,0,6
658,553,1,312
685,506,1,79
684,630,1,353
714,565,0,301
714,624,0,128
757,499,0,199
768,542,0,50
765,651,0,112
781,614,0,334
793,474,1,279
815,554,1,279
817,463,1,308
817,529,0,87
824,615,0,114
842,508,1,42
848,465,0,295
848,544,0,72
905,474,0,264
908,544,0,333
924,602,0,271
937,648,0,8
950,509,1,317
959,574,0,82
975,617,1,331
1004,535,0,154
1001,571,1,273
1006,662,0,36
1021,490,0,322
1027,617,1,303
1076,616,0,94
1106,572,1,339
1139,509,0,1
1161,466,0,352
1202,637,0,116
1219,520,0,38
1235,572,0,208
1259,473,0,2
1263,667,0,118
1287,585,0,233
1299,522,0,3
1382,587,0,38
1407,643,0,188
1467,637,0,73
1494,644,1,40
1546,646,1,274
1573,599,1,282
1613,666,0,310
1626,629,1,347
1643,509,0,355
1672,551,0,189
1691,589,0,182
1732,633,1,24
1751,604,0,356
1799,559,0,350
1821,605,0,343
1875,500,0,34
1927,543,0,354
102,1429,0,355
153,1389,0,290
182,1348,0,2
213,1303,0,326
215,1364,0,323
215,1481,0,122
257,1449,0,335
262,1323,0,226
283,1419,0,264
285,1464,1,312
294,1351,0,318
333,1327,0,333
338,1467,0,97
338,1404,1,343
372,1393,0,19
368,1311,0,306
364,1480,1,282
389,1434,1,349
391,1410,1,17
412,1455,0,359
442,1375,1,283
443,1316,1,338
476,1487,0,0
469,1451,1,284
496,1375,0,204
504,1408,0,25
521,1441,0,11
521,1330,1,315
555,1398,0,264
575,1368,0,21
588,1311,0,160
599,1442,0,250
641,1483,0,287
667,1449,0,286
690,1329,0,224
702,1356,0,71
708,1453,0,114
719,1404,0,295
736,1293,0,306
737,1343,0,104
759,1380,1,54
782,1454,1,63
862,1424,0,344
864,1288,0,213
892,1311,0,223
911,1470,1,39
915,1322,1,43
917,1293,1,344
963,1412,1,59
1020,1317,0,155
1021,1389,0,355
1015,1411,1,41
1018,1441,0,271
1036,1293,0,336
1048,1358,0,151
1097,1396,1,36
1097,1462,0,282
1127,1359,0,148
1139,1424,0,295
1162,1488,0,227
1195,1432,0,323
1257,1471,0,352
1303,1364,0,191
1294,1428,0,87
1316,1474,0,99
1316,1331,0,341
1334,1295,0,18
1327,1418,0,101
1338,1328,0,220
1353,1414,1,274
1355,1325,1,339
1371,1473,0,26
1379,1435,0,17
1386,1311,0,24
1394,1387,0,18
1402,1486,0,237
1425,1402,1,30
1450,1468,0,264
1483,1485,0,58
1521,1312,0,232
1548,1467,0,145
1566,1420,0,216
1562,1351,0,260
1586,1461,1,280
1613,1362,0,16
1632,1476,0,45
1636,1320,0,25
1654,1417,0,347
1661,1379,0,192
1689,1487,0,9
1701,1316,0,104
1723,1398,0,65
1725,1449,0,12
1768,1296,1,35
1779,1481,0,119
1785,1412,0,146
1789,1303,0,243
1808,1362,0,2
1834,1462,0,69
1862,1394,0,102
1874,1457,0,136
1883,1292,0,31
1887,1339,0,197
1916,1380,0,93
1930,1306,0,184
1935,1416,0,9
1953,1464,0,151
1958,1367,0,37
1960,1329,0,42
1979,1420,0,285
2003,1334,0,96
2006,1392,0,315
2054,1340,0,262
2086,1383,0,215
2089,1327,0,130
2086,1426,0,238
2129,1458,0,262
2149,1367,0,51
2167,1300,0,33
2183,1441,0,6
2264,1416,0,1
2291,1377,0,150
2319,1455,0,244
2349,1301,0,263
2381,1428,0,228
2387,1302,0,238
2438,1298,0,25
2455,1394,0,4
2461,1440,0,226
2459,1335,0,35
2513,1466,0,2
75,1495,1,21
76,1527,1,46
96,1549,0,226
138,1681,0,122
170,1617,0,17
196,1573,0,21
197,1653,0,78
225,1673,0,147
232,1584,1,42
234,1524,1,68
276,1551,0,153
299,1639,0,18
302,1606,0,354
308,1513,0,138
312,1661,1,310
312,1690,1,36
341,1561,0,78
348,1676,0,252
362,1600,0,56
392,1536,0,337
402,1492,0,24
403,1616,0,230
434,1576,0,345
446,1517,0,0
461,1652,0,23
463,1652,0,19
545,1528,1,315
562,1604,0,0
588,1523,0,331
598,1642,0,152
597,1499,1,302
645,1593,0,86
694,1671,0,301
728,1606,0,234
745,1496,0,24
757,1558,1,90
785,1632,0,289
792,1509,0,210
826,1600,0,358
858,1620,1,50
866,1647,0,58
920,1504,0,62
935,1549,1,20
947,1606,0,334
955,1671,0,143
991,1570,0,353
989,1667,1,318
999,1640,0,185
1022,1500,0,211
1015,1597,1,90
1040,1640,1,324
1059,1650,0,324
1068,1583,0,304
1077,1688,0,163
1091,1636,0,328
1093,1667,1,353
1097,1547,0,45
1111,1674,0,338
1125,1605,0,302
1155,1544,0,19
1185,1581,0,349
1185,1671,0,47
1215,1509,0,4
1325,1524,0,4
1351,1674,0,2
1353,1597,0,201
1353,1625,1,13
1380,1541,0,8
1396,1684,1,283
1457,1559,0,231
1466,1613,0,339
1479,1680,0,179
1499,1567,1,4
1515,1502,0,16
1524,1598,0,346
1533,1551,0,338
1543,1655,0,55
1631,1654,0,203
1640,1522,0,191
1647,1693,0,355
1660,1535,0,192
1694,1516,1,324
1698,1658,0,296
1700,1531,0,112
1745,1619,0,334
1748,1525,0,261
1782,1591,0,37
1798,1536,0,186
1806,1645,0,302
1858,1554,0,219
1873,1510,0,354
1876,1655,0,3
1875,1605,0,315
1898,1567,0,201
1912,1693,0,184
1936,1492,0,353
1945,1526,0,356
1942,1561,1,271
1955,1637,0,91
2012,1492,0,25
2045,1564,0,1
2047,1620,0,19
2208,1514,0,351
2212,1574,0,339
60,1818,0,35
76,1711,0,89
91,1879,0,180
90,1839,0,89
107,1780,0,289
130,1757,0,125
144,1853,0,330
157,1749,0,301
180,1702,1,80
180,1824,1,74
199,1753,0,320
214,1886,0,346
232,1855,1,342
268,1764,0,56
324,1866,0,180
329,1801,0,200
337,1737,1,71
363,1814,1,37
380,1754,0,166
384,1847,0,332
394,1902,0,338
401,1701,0,303
411,1879,0,321
429,1812,0,284
443,1766,0,133
464,1730,0,311
465,1874,1,300
503,1830,0,324
508,1892,0,124
526,1719,0,358
568,1814,1,332
578,1735,0,59
619,1877,1,7
626,1728,0,44
632,1775,0,4
638,1852,0,157
697,1857,0,309
699,1801,1,14
699,1893,1,340
746,1854,0,153
751,1742,1,83
774,1739,0,262
779,1845,1,315
779,1817,1,29
820,1777,0,102
855,1890,1,86
872,1803,0,232
884,1876,1,283
923,1753,0,214
957,1835,0,172
963,1805,1,312
981,1769,0,18
993,1722,0,344
1053,1886,0,330
1050,1742,0,286
1054,1800,0,314
1093,1833,0,228
1111,1726,0,54
1127,1769,0,97
1151,1700,1,302
1150,1881,1,75
1174,1833,0,336
1183,1725,0,240
1197,1799,0,353
1243,1740,0,25
1239,1723,0,329
1251,1699,0,2
1296,1836,0,334
1316,1771,0,347
1372,1808,0,227
1392,1762,0,354
1395,1888,0,8
1394,1860,1,57
1439,1743,0,355
1563,1872,0,17
1583,1727,0,264
1764,1798,0,232
1805,1743,0,331
1822,1849,0,138
1845,1807,0,292
1881,1724,0,348
1891,1770,0,350
1977,1792,0,338
2010,1750,0,348
2092,1821,0,346
2130,1743,0,331
2193,1703,0,335
65,809,0,269
146,673,0,249
163,730,0,25
177,792,1,48
178,762,1,57
182,820,0,51
203,748,1,47
208,868,0,357
226,690,0,327
235,767,0,188
241,730,0,328
240,825,0,329
248,797,0,47
262,687,1,68
269,797,0,185
289,674,1,90
299,848,0,197
311,812,1,40
337,712,0,352
346,670,0,3
361,780,0,181
369,862,0,169
367,811,1,7
390,825,1,46
414,690,0,358
434,745,0,341
440,845,0,333
496,771,0,231
498,857,1,301
499,735,1,292
518,793,0,50
545,710,0,227
548,851,0,119
563,793,0,92
585,738,0,36
610,811,0,232
623,855,0,180
678,863,0,121
707,853,0,145
720,697,0,278
763,740,0,129
763,705,1,284
785,669,0,357
786,784,1,79
822,805,0,316
842,730,0,218
839,846,1,298
841,690,1,336
849,854,0,317
867,861,1,68
865,743,1,36
891,773,0,13
891,813,1,311
923,676,1,352
935,870,0,242
942,815,1,27
968,865,1,7
973,741,1,319
975,821,0,59
986,712,0,1
1019,853,0,350
1027,709,1,103
1047,816,1,311
1051,755,1,305
1069,805,0,298
1087,849,0,43
1104,724,1,278
1132,858,0,42
1160,755,1,59
1187,869,0,6
1195,823,0,129
1244,774,0,4
1257,808,0,352
1256,863,0,98
1300,699,0,271
1317,756,0,354
1327,816,0,277
1359,747,1,332
1381,697,0,347
1399,800,0,140
1431,856,1,315
1456,854,0,97
1464,762,0,352
1471,801,0,19
1485,724,0,4
1489,699,1,358
1489,857,1,316
1512,843,0,138
1516,809,1,354
1527,685,0,98
1540,860,1,15
1547,707,1,348
1565,841,1,32
1574,782,0,356
1568,750,1,90
1578,717,0,60
1617,842,1,288
1617,872,1,296
1652,816,0,182
1649,737,1,349
1655,675,1,18
1677,753,1,350
1678,693,1,89
1717,781,0,16
1726,870,0,153
1737,818,0,15
1754,680,1,272
1776,722,0,271
1782,867,0,178
1798,820,0,223
1809,749,0,75
1836,863,0,3
1831,758,1,282
1838,687,0,28
1854,773,1,14
1884,730,0,0
1889,841,0,137
1908,684,1,60
1931,830,0,134
1931,789,1,78
1968,675,0,348
1990,769,0,190
2003,811,0,358
2008,849,0,325
2027,726,0,6
2072,777,0,18
2083,867,0,11
2139,834,0,356
2214,873,0,335
2221,807,0,91
2264,850,0,13
99,991,0,6
118,926,0,52
145,1069,0,99
172,1027,0,332
173,1068,1,58
180,894,0,153
179,972,0,121
214,929,0,359
236,1031,0,16
231,1006,0,35
235,1065,1,35
242,948,0,322
261,991,1,279
280,897,0,20
287,1039,1,4
299,941,0,207
326,1059,0,124
339,992,0,135
346,893,0,320
369,965,0,318
393,1034,0,60
413,1060,0,42
434,955,0,359
454,997,0,314
483,1076,0,19
485,909,0,123
504,996,0,92
506,941,0,235
522,1055,1,328
555,912,0,20
560,1019,0,315
598,966,0,298
634,923,0,0
660,890,0,325
681,965,1,32
714,990,0,169
710,1043,1,6
718,910,0,105
743,1055,0,218
758,1015,0,205
780,940,0,26
805,978,0,337
821,888,0,198
813,921,1,57
840,1026,0,335
854,1078,0,317
865,916,0,42
891,1028,1,324
917,1013,1,315
943,938,1,26
962,950,0,347
989,1023,0,29
1008,976,0,146
1015,888,0,197
1034,930,0,63
1046,1060,1,35
1079,983,0,338
1081,983,0,156
1084,929,0,116
1153,973,1,79
1162,925,0,194
1168,1001,0,211
1191,1050,0,355
1206,1030,1,328
1235,918,0,298
1276,1011,0,19
1327,905,0,4
1345,993,0,262
1380,1037,1,303
1397,900,0,347
1400,877,0,12
1411,1077,0,26
1432,1022,0,143
1426,907,0,181
1457,960,1,39
1469,1000,0,342
1483,976,1,310
1488,947,0,341
1493,902,0,31
1505,1038,0,63
1511,989,1,348
1538,945,1,328
1542,1047,0,259
1596,1022,0,68
1617,903,1,341
1657,962,0,245
1676,891,0,130
1704,1008,0,18
1719,935,0,64
1728,1053,0,46
1740,990,0,117
1771,1048,0,240
1777,912,0,255
1801,994,0,8
1811,893,1,33
1828,1038,0,185
1833,910,0,242
1859,1010,0,182
1859,955,1,0
1871,940,0,50
1884,1042,0,37
1904,995,0,151
1910,913,0,78
1930,1060,0,251
1932,964,0,116
1958,906,0,82
1963,955,1,320
1969,1021,0,72
1976,997,0,180
2001,1044,0,239
2005,900,0,295
2012,963,0,12
2054,906,0,330
2053,1007,0,68
2072,1057,0,23
2083,942,0,34
2104,995,0,9
2133,884,0,83
2161,1056,0,77
2182,1012,0,344
2189,910,0,19
2211,988,0,336
2226,1045,0,41
2281,907,0,14
2288,1050,1,87
2300,946,0,6
2306,1045,0,14
2319,1078,0,13
2328,973,0,13
2388,1048,0,21
2384,972,0,310
2419,957,0,69
2447,1018,0,318
2465,984,0,170
2471,879,0,353
74,1187,0,204
85,1137,0,8
118,1240,0,285
125,1157,0,229
153,1143,1,75
182,1097,0,1
177,1218,1,275
178,1252,1,273
201,1233,0,333
206,1174,0,50
205,1141,1,42
233,1279,0,329
229,1204,0,262
241,1102,0,151
254,1248,0,4
259,1174,1,67
296,1269,0,12
310,1145,0,341
313,1193,0,0
325,1109,0,124
373,1092,0,323
394,1248,0,213
393,1285,1,14
429,1200,0,204
434,1134,0,311
439,1095,0,345
468,1172,0,356
467,1238,0,339
470,1208,1,82
511,1116,0,359
522,1147,1,44
549,1132,1,33
561,1249,0,228
572,1208,0,150
599,1285,1,70
617,1122,0,188
631,1233,0,212
643,1167,0,11
676,1112,0,136
703,1091,0,113
705,1256,1,77
727,1192,0,141
734,1148,1,349
766,1264,0,334
760,1134,1,338
787,1087,0,42
800,1149,0,245
813,1196,1,18
826,1112,0,341
835,1257,0,357
838,1213,1,90
866,1140,0,9
873,1206,0,353
877,1206,0,352
877,1235,0,327
914,1102,0,111
943,1121,1,300
952,1241,0,159
978,1090,0,168
995,1122,1,294
1015,1166,0,150
1035,1238,0,9
1050,1151,0,322
1067,1088,0,14
1072,1263,0,30
1083,1260,0,60
1098,1156,1,273
1115,1282,0,10
1155,1153,1,355
1199,1264,0,54
1233,1177,0,9
1244,1271,0,52
1287,1092,0,4
1286,1278,0,235
1363,1112,0,299
1407,1217,0,86
1446,1118,0,195
1447,1178,0,307
1466,1275,0,347
1483,1247,1,346
1483,1128,1,52
1508,1172,1,336
1516,1256,0,70
1540,1149,0,123
1560,1223,0,277
1597,1284,0,3
1592,1223,0,261
1603,1143,0,53
1618,1236,1,288
1639,1190,0,339
1658,1252,0,12
1683,1080,0,193
1687,1166,0,184
1725,1208,1,3
1734,1120,0,113
1738,1246,0,243
1761,1184,0,147
1781,1239,0,229
1797,1097,0,347
1806,1132,0,343
1808,1192,0,313
1828,1232,0,45
1838,1178,0,149
1842,1267,0,252
1859,1082,0,339
1883,1215,0,265
1892,1138,0,136
1917,1233,0,54
1931,1183,0,350
1940,1130,0,115
1958,1275,0,349
1963,1214,0,47
1986,1253,0,344
1991,1161,0,322
2003,1103,0,134
2015,1219,0,102
2046,1169,0,121
2066,1106,0,5
2071,1216,0,32
2074,1258,0,64
2101,1152,0,90
2119,1119,0,253
2125,1162,0,53
2132,1229,0,358
2142,1281,0,49
2172,1192,0,290
2186,1129,0,300
2239,1123,0,338
2257,1095,0,346
2256,1228,0,313
2261,1169,0,338
2298,1285,0,181
2326,1211,0,225
2346,1165,0,335
2348,1114,0,17
2353,1241,0,0
2384,1212,0,310
2425,1258,0,173
2438,1144,0,15
2442,1101,0,147
461,2002,0,314
