91,2083,0,91
141,1926,0,265
281,2006,1,39
311,1961,1,28
334,1917,1,358
334,2066,1,297
348,2012,0,27
397,2044,0,356
386,1946,1,306
390,2009,1,348
419,2079,0,22
435,1967,0,12
439,2009,1,304
439,2037,1,315
463,2082,1,26
480,2051,0,9
511,1954,0,1
517,2008,0,357
543,2098,0,11
543,1920,1,17
565,1936,1,19
588,1955,0,319
594,1922,1,293
671,1963,1,46
697,2074,0,354
699,1982,1,292
733,2004,0,330
772,1967,0,353
794,2072,0,157
804,1951,1,314
820,1915,0,29
836,2104,0,265
857,2048,0,357
857,1953,1,347
887,1989,0,73
889,1946,0,157
885,2026,1,12
929,2004,0,210
935,1908,1,329
970,1912,0,307
1031,1906,0,146
1209,2007,0,355
1380,1948,0,115
114,2173,0,179
111,2294,0,283
331,2187,1,87
385,2263,0,351
512,2165,1,54
533,2186,0,317
539,2127,1,305
621,2162,0,184
708,2295,0,176
1502,2125,0,24
76,2366,0,150
909,2419,0,46
2428,2484,0,51
2451,2515,0,98
755,229,0,87
887,236,0,359
1142,246,0,354
2517,216,0,265
127,343,0,78
153,432,0,16
209,395,0,256
237,360,0,222
243,330,0,19
261,385,1,271
279,434,0,348
296,354,0,18
332,389,0,106
345,278,0,355
356,448,0,238
358,408,0,157
368,383,1,59
415,410,0,265
450,385,0,107
463,457,0,329
472,348,0,96
506,262,0,39
507,409,0,208
501,335,1,59
521,359,0,225
536,296,0,25
531,382,1,270
569,460,0,47
588,313,0,26
604,393,0,250
636,444,0,264
650,294,0,134
661,352,0,166
678,421,0,301
699,299,0,123
720,433,0,250
765,358,0,358
758,426,0,275
780,286,0,69
790,424,0,282
815,400,1,26
818,461,1,49
822,309,0,41
817,273,1,280
842,388,1,318
852,422,0,315
858,366,0,345
917,433,0,33
919,345,0,93
1828,452,0,308
109,490,0,359
162,610,0,307
207,653,0,32
208,536,1,304
234,611,1,0
245,527,0,145
278,573,0,51
281,498,0,99
310,634,0,110
314,505,1,338
322,593,0,352
320,570,0,319
342,552,1,78
343,580,1,0
369,473,0,242
381,608,0,28
394,492,1,281
395,552,1,76
428,526,0,291
437,589,0,314
448,490,1,88
474,537,1,342
489,497,0,29
524,588,0,69
552,530,0,170
579,657,1,17
651,631,0,156
671,546,0,126
685,506,1,60
724,511,0,239
741,585,0,0
779,548,0,10
788,632,1,295
792,477,1,45
821,620,0,147
816,559,1,41
838,481,0,222
846,512,1,68
844,572,1,305
858,541,0,42
901,623,0,30
899,507,1,312
908,541,0,282
941,485,0,173
943,665,0,62
952,511,1,336
973,554,1,57
974,619,1,317
985,580,0,66
1014,667,0,285
1044,619,0,100
1096,466,0,125
1106,571,1,329
1116,603,0,178
1139,510,0,1
1160,466,0,354
1217,529,0,28
1249,566,0,357
1260,478,0,351
1298,512,0,0
1321,465,0,138
1324,586,0,4
1412,662,0,0
1444,623,0,150
1531,538,0,159
1546,646,1,73
1568,601,0,98
1611,649,0,315
1624,513,0,12
1628,628,1,5
1677,637,0,1
1676,667,0,19
1693,584,0,348
1705,463,0,182
1732,632,1,303
1745,554,0,347
1759,619,1,275
1788,647,0,318
1805,548,0,342
1876,500,0,36
1927,543,0,354
83,1327,0,245
104,1436,0,356
131,1366,0,161
182,1345,0,328
216,1302,0,328
215,1363,0,327
260,1369,0,50
260,1451,1,317
283,1311,0,117
282,1421,0,266
283,1448,0,117
285,1466,1,32
305,1370,0,70
316,1450,0,284
356,1399,0,7
376,1487,0,355
391,1333,0,24
388,1287,1,319
390,1436,1,322
438,1427,0,122
439,1379,1,70
444,1315,1,348
453,1361,0,337
466,1452,1,9
484,1311,0,117
504,1453,0,354
522,1330,1,88
547,1458,0,305
571,1348,0,359
579,1412,0,254
593,1312,0,348
624,1455,1,298
672,1287,0,280
683,1491,0,319
697,1351,0,213
719,1462,0,132
744,1301,0,357
730,1447,1,285
751,1359,0,32
760,1382,1,27
782,1454,1,338
800,1412,0,326
809,1320,1,69
838,1472,0,72
848,1334,0,310
911,1471,1,48
913,1319,1,300
940,1355,0,357
945,1397,0,4
946,1455,0,332
996,1391,0,17
1007,1478,0,39
1014,1431,0,44
1053,1325,0,181
1084,1470,0,0
1096,1397,1,34
1132,1427,0,172
1138,1378,0,49
1159,1465,0,329
1164,1298,0,36
1182,1401,0,257
1179,1313,1,7
1199,1335,0,288
1226,1286,0,49
1234,1412,0,57
1256,1470,0,359
1294,1438,0,89
1300,1382,0,118
1323,1294,0,350
1324,1335,0,285
1353,1414,1,275
1355,1324,1,313
1367,1463,0,93
1407,1451,0,302
1414,1293,0,158
1423,1346,0,148
1422,1399,1,287
1457,1409,0,337
1454,1441,0,340
1476,1490,0,176
1482,1286,0,340
1499,1385,0,331
1558,1343,0,180
1554,1456,0,52
1586,1461,1,358
1604,1428,0,100
1604,1474,0,352
1640,1372,1,289
1652,1311,0,190
1662,1454,0,328
1668,1358,0,32
1678,1287,0,182
1742,1465,0,105
1748,1372,0,53
1782,1290,0,223
1786,1390,0,246
1804,1316,0,64
1837,1402,0,252
1857,1318,0,296
1900,1309,0,259
1913,1469,0,104
1917,1367,0,67
1931,1417,0,22
1943,1312,0,145
1963,1293,0,153
1966,1365,0,302
1980,1446,0,32
2000,1486,0,24
2008,1331,0,100
2014,1432,0,93
2021,1353,0,358
2036,1397,0,109
2054,1449,0,229
2075,1317,0,337
2077,1383,0,354
2099,1460,0,172
2105,1361,0,334
2117,1415,0,63
2163,1333,0,357
2181,1451,0,19
2224,1476,0,29
2349,1359,0,195
2384,1419,0,228
2390,1336,0,358
2415,1433,0,217
2445,1488,0,329
2448,1333,0,224
2451,1384,0,22
2454,1452,0,20
2453,1291,0,359
2485,1402,0,62
98,1552,0,244
130,1676,0,99
154,1546,0,68
166,1615,0,7
174,1671,0,51
221,1664,0,327
217,1569,0,70
233,1523,1,41
235,1583,1,60
278,1656,0,349
285,1619,0,154
286,1496,0,163
286,1555,0,309
313,1690,1,305
329,1534,0,359
349,1612,0,293
365,1660,1,340
393,1600,0,121
390,1527,1,291
416,1686,0,23
421,1646,0,194
428,1545,0,16
457,1600,0,347
497,1671,0,53
495,1498,0,269
555,1512,0,18
568,1672,0,9
593,1567,0,294
597,1500,1,275
621,1636,1,0
636,1497,0,162
652,1605,0,247
697,1635,0,277
743,1614,0,286
786,1512,0,310
796,1676,0,184
833,1637,1,11
877,1622,0,50
911,1687,0,307
935,1549,1,12
953,1524,0,331
965,1678,0,148
988,1666,1,319
1002,1641,0,185
1017,1568,0,3
1043,1507,0,2
1061,1625,0,10
1061,1655,0,8
1095,1671,1,15
1097,1547,1,28
1109,1696,0,24
1138,1560,0,19
1147,1520,0,339
1184,1580,0,254
1201,1639,0,227
1296,1586,0,41
1349,1682,0,354
1354,1599,0,329
1352,1626,1,315
1354,1504,1,302
1384,1537,0,244
1396,1684,1,283
1412,1602,0,77
1428,1518,0,139
1462,1642,0,205
1487,1595,0,163
1494,1547,0,116
1514,1660,0,259
1526,1526,0,100
1543,1589,0,248
1547,1660,0,43
1581,1494,0,349
1594,1631,0,295
1604,1577,0,104
1637,1511,0,249
1669,1532,0,161
1694,1496,0,1
1702,1537,0,129
1711,1680,0,228
1731,1601,0,95
1752,1571,0,102
1765,1529,0,321
1771,1632,0,323
1774,1695,0,263
1784,1601,0,347
1815,1528,0,127
1819,1679,0,310
1869,1500,0,246
1871,1578,0,71
1889,1659,0,304
1913,1542,0,276
1919,1618,0,302
1944,1562,1,84
1966,1531,0,335
1989,1596,0,276
2037,1520,0,350
2038,1643,0,358
2044,1590,0,327
2092,1497,0,174
2165,1500,0,339
2208,1620,0,150
2220,1580,0,344
2238,1516,0,216
2309,1509,0,342
61,1818,0,50
83,1870,0,355
115,1803,0,198
137,1745,0,318
140,1843,0,309
180,1723,0,264
179,1826,1,87
209,1885,0,333
219,1820,0,68
224,1729,0,287
234,1856,1,80
264,1718,0,83
286,1769,0,24
283,1876,0,102
329,1844,0,250
337,1796,0,228
338,1737,1,81
353,1875,0,37
385,1753,0,260
397,1878,0,250
413,1829,0,316
428,1791,0,111
441,1715,0,62
466,1874,1,48
473,1779,0,72
503,1846,0,166
519,1897,0,123
526,1719,0,3
528,1806,0,340
571,1814,1,74
576,1753,0,117
620,1876,1,340
629,1717,0,10
642,1758,0,350
656,1820,0,191
689,1877,0,0
700,1801,1,344
699,1898,1,90
727,1764,0,68
747,1855,0,152
757,1742,1,273
779,1817,1,5
779,1845,1,313
807,1770,0,113
836,1731,0,97
867,1708,0,264
882,1850,0,193
883,1774,0,186
891,1890,0,22
952,1748,0,253
962,1805,1,311
960,1713,1,14
1018,1793,0,321
1032,1748,0,351
1052,1884,0,332
1049,1700,0,347
1043,1850,1,58
1078,1850,0,7
1083,1849,0,9
1094,1792,0,35
1149,1700,1,305
1149,1849,1,64
1150,1881,1,45
1168,1737,0,213
1194,1852,0,4
1232,1793,0,330
1236,1704,0,350
1242,1735,0,16
1241,1826,0,1
1256,1864,0,45
1315,1880,0,14
1380,1783,0,293
1395,1862,1,352
1418,1896,0,40
1445,1831,0,334
1454,1732,0,105
1548,1715,0,194
1564,1871,0,14
1567,1812,0,66
1637,1712,0,327
1742,1737,0,142
1781,1752,0,345
1808,1791,0,232
1827,1746,0,17
1887,1766,0,359
1893,1716,0,347
1907,1832,0,246
2028,1774,0,344
2091,1821,0,348
2121,1720,0,284
2195,1699,0,314
68,811,0,262
82,690,0,359
163,832,0,294
167,728,0,59
178,763,1,3
178,791,1,23
195,816,0,20
201,749,1,31
207,868,0,5
204,688,1,284
210,787,0,312
233,702,1,273
232,675,0,110
233,764,1,270
248,734,0,3
262,685,0,13
263,799,0,199
300,813,0,39
323,836,0,214
345,670,0,52
354,702,0,52
367,811,1,5
377,760,0,189
375,846,0,358
390,823,1,291
407,719,0,319
440,698,0,335
443,838,0,342
515,869,0,314
522,736,0,344
526,811,1,277
548,852,0,115
550,793,0,299
578,750,1,342
588,853,0,149
608,814,0,232
681,763,0,207
702,852,0,147
708,725,0,98
737,694,1,347
752,674,0,2
762,707,1,357
769,742,0,355
831,866,0,341
844,781,0,356
841,690,1,1
842,845,1,354
868,858,1,306
891,813,1,286
916,762,0,356
952,836,0,287
972,740,1,279
999,709,0,310
1000,772,0,106
1000,864,0,256
1015,672,0,290
1050,821,1,315
1058,743,0,36
1072,801,0,0
1108,850,0,359
1105,724,1,311
1160,756,1,19
1205,746,0,58
1206,841,0,301
1210,787,1,348
1242,776,0,17
1258,805,0,9
1300,703,0,268
1317,764,0,336
1318,839,0,124
1352,680,0,125
1376,772,0,98
1382,828,0,30
1426,716,0,339
1425,770,0,44
1440,838,0,258
1466,868,0,75
1472,702,0,137
1476,794,0,3
1489,736,1,59
1494,856,1,59
1505,831,0,337
1514,673,0,0
1516,809,1,11
1542,705,1,273
1550,744,0,354
1555,794,0,133
1567,840,1,3
1578,695,0,49
1599,705,1,41
1616,872,1,307
1618,843,1,88
1632,772,0,215
1648,736,1,357
1656,676,1,40
1661,826,0,111
1678,693,1,41
1675,752,1,69
1692,813,0,307
1701,765,0,272
1720,668,0,215
1742,711,0,18
1748,824,0,331
1760,792,0,337
1755,679,1,320
1789,749,0,115
1829,683,0,1
1832,751,0,281
1832,867,0,287
1880,720,0,7
1902,760,0,239
1906,833,0,349
1909,862,0,344
1908,683,1,59
1931,807,0,147
1952,779,0,151
1967,674,0,348
1968,739,0,31
1999,828,0,314
1997,727,0,163
2021,784,0,129
2032,725,0,2
2053,849,0,96
2114,860,0,128
2120,704,0,5
2139,821,0,352
2195,782,0,148
2275,846,0,355
106,999,0,323
118,924,0,56
144,1071,0,111
171,1033,0,347
170,961,0,37
172,1068,1,32
207,896,0,346
206,1018,1,306
215,931,0,6
231,1009,0,46
235,1060,1,350
244,948,1,82
261,991,1,284
318,963,0,341
313,1021,1,318
329,925,0,354
343,893,0,335
378,876,0,354
391,1038,1,270
399,960,0,257
413,1030,0,89
475,984,0,308
524,995,1,274
543,1072,0,55
550,919,1,26
575,936,1,296
593,911,0,331
641,996,0,168
666,894,0,329
655,947,0,253
680,1002,0,50
680,966,1,1
717,943,0,101
744,1059,0,217
752,1004,0,340
780,943,0,32
788,875,1,40
814,920,1,20
815,891,1,356
827,1058,0,106
839,936,1,287
888,924,0,353
891,1029,1,350
916,1013,1,272
922,1043,0,213
943,980,0,0
944,937,1,296
944,877,1,34
977,1067,0,183
989,1027,0,327
1022,961,0,343
1042,1018,0,349
1033,893,0,205
1052,970,1,45
1072,1047,0,0
1074,993,0,112
1114,982,0,48
1128,1077,1,25
1149,911,0,18
1204,977,0,121
1254,922,0,195
1267,981,0,122
1271,1045,0,197
1273,903,0,137
1318,960,0,326
1327,1015,0,288
1332,927,0,121
1375,1028,0,259
1382,954,0,301
1392,899,0,345
1397,924,0,324
1406,1065,0,89
1433,982,0,99
1439,1045,0,51
1458,960,1,2
1471,929,0,5
1484,977,1,28
1490,1056,0,7
1492,1056,0,8
1511,995,1,275
1528,962,0,358
1523,906,0,78
1574,878,0,132
1617,902,1,333
1654,892,0,143
1703,1006,0,24
1712,1036,0,1
1709,886,0,291
1744,1048,1,48
1749,989,0,285
1780,879,0,230
1800,950,0,327
1803,1052,0,0
1809,894,1,354
1809,1005,0,293
1863,1032,0,193
1854,894,1,64
1885,941,0,354
1895,1001,0,355
1906,1062,0,18
1910,912,0,56
1959,1028,0,352
1957,955,1,314
1969,922,0,150
1996,879,0,156
2002,984,0,327
2031,968,0,131
2034,1074,0,8
2042,1037,0,161
2066,953,0,116
2083,914,0,359
2124,1028,0,71
2138,938,0,213
2157,1058,0,87
2190,984,0,1
2199,931,0,343
2212,894,0,355
2214,1029,0,340
2240,1074,0,186
2287,924,0,355
2295,888,0,357
2313,1036,0,14
2316,1035,0,11
2331,977,0,7
2367,1025,1,66
2391,986,0,21
2397,1052,0,11
2400,1022,0,14
2465,983,0,172
2472,879,0,359
80,1133,0,77
117,1239,0,290
122,1160,1,45
147,1143,1,54
158,1179,0,71
178,1218,1,286
178,1252,1,276
201,1233,0,336
218,1188,0,176
219,1081,0,178
218,1141,0,295
230,1279,0,322
244,1223,0,172
259,1174,1,281
273,1255,0,31
278,1100,0,199
282,1136,0,17
313,1208,0,196
315,1169,0,14
314,1272,0,65
363,1115,0,50
361,1228,0,257
390,1192,1,64
404,1270,0,300
425,1094,0,50
431,1137,0,22
430,1227,0,102
470,1240,0,344
476,1179,0,4
471,1209,1,347
474,1083,0,29
470,1270,1,19
497,1133,1,315
501,1222,0,185
524,1247,0,231
547,1201,0,352
555,1280,0,30
554,1156,0,106
600,1083,0,2
600,1285,1,4
619,1154,0,345
633,1122,0,158
648,1225,1,61
690,1230,0,19
687,1107,0,84
706,1255,1,73
730,1124,0,48
736,1152,1,26
760,1135,1,276
759,1256,1,30
787,1150,1,51
793,1266,0,98
811,1195,1,314
835,1216,0,276
862,1258,1,4
862,1197,1,90
887,1127,0,105
893,1283,0,177
915,1229,1,337
924,1115,0,303
953,1241,0,154
971,1198,0,340
981,1101,0,348
995,1125,1,356
1019,1153,0,8
1035,1284,0,205
1036,1241,0,6
1055,1205,0,182
1098,1155,1,272
1152,1101,0,64
1155,1152,1,347
1226,1284,0,57
1236,1177,0,13
1300,1126,0,91
1326,1167,0,321
1335,1106,0,114
1365,1246,0,4
1388,1244,0,183
1387,1154,0,294
1394,1093,0,350
1407,1080,0,274
1447,1158,0,300
1481,1247,1,338
1483,1127,1,285
1508,1175,1,355
1529,1148,0,10
1556,1207,0,197
1597,1241,0,292
1612,1155,0,207
1622,1237,1,296
1638,1217,0,326
1656,1188,0,335
1669,1106,0,47
1686,1153,0,147
1690,1232,0,58
1714,1097,0,98
1727,1205,1,310
1734,1264,0,349
1757,1229,0,1
1753,1156,0,277
1787,1098,0,326
1785,1137,0,90
1803,1197,0,309
1820,1177,0,132
1818,1134,1,315
1828,1235,0,28
1857,1116,0,112
1862,1182,0,308
1865,1083,0,314
1871,1265,0,274
1910,1226,0,178
1939,1259,0,353
1951,1081,0,162
1954,1186,0,97
2004,1110,0,357
2000,1226,0,261
2017,1153,0,6
2031,1271,0,189
2039,1217,0,50
2068,1097,0,46
2077,1211,0,111
2090,1168,0,2
2104,1115,0,70
2133,1281,0,71
2141,1212,0,145
2184,1279,0,46
2188,1128,0,310
2214,1219,0,106
2254,1092,0,272
2260,1272,0,51
2265,1197,0,1
2303,1092,0,167
2307,1128,0,25
2338,1202,0,209
2341,1159,0,355
2357,1240,0,13
2366,1109,0,95
2398,1175,0,284
2408,1118,0,266
2451,1152,0,337
2453,1232,0,313
2456,1209,0,38
668,2109,0,184
683,873,1,22
