85,2061,0,211
98,1922,0,347
230,2047,0,167
282,2010,1,80
311,2050,0,54
310,1961,1,36
333,1918,1,272
335,2068,1,307
390,2070,0,22
389,2034,0,359
386,1947,1,327
388,2007,1,340
409,1990,0,340
410,1932,1,318
421,2082,0,30
441,1966,0,330
467,2025,0,12
463,2051,1,72
463,2082,1,27
485,1950,0,178
513,2098,0,68
548,2100,0,6
556,1920,0,313
571,1905,1,326
592,1980,1,298
594,1921,1,287
591,1950,1,29
662,1914,0,209
672,1963,1,46
699,1982,1,302
719,1927,0,88
722,2004,0,287
771,1966,0,25
780,2013,0,40
795,2072,0,160
806,1910,0,180
805,1950,1,77
861,1916,0,209
886,2026,1,32
894,1992,0,204
906,1961,0,179
928,2006,0,213
936,1909,1,329
984,1935,0,1
1013,1906,0,6
1186,1913,0,299
81,2176,0,8
110,2282,0,283
165,2177,0,72
281,2298,0,202
344,2174,0,178
402,2193,0,230
433,2117,0,349
538,2126,1,285
592,2201,0,4
595,2249,0,338
612,2149,0,318
821,2167,0,353
59,2378,1,47
74,2369,0,209
578,2461,0,24
1597,2359,0,223
1973,2437,0,3
2453,2519,0,61
886,232,0,9
2517,217,0,268
154,373,0,191
156,443,0,334
183,422,0,316
184,329,0,123
205,387,0,243
201,403,1,0
230,376,0,81
273,376,0,295
291,448,0,18
316,351,0,53
350,282,0,318
370,441,0,351
367,384,1,84
381,336,0,39
400,407,0,62
456,451,0,313
463,334,0,95
504,417,0,357
507,261,0,47
528,383,1,70
567,364,0,148
601,320,0,120
661,415,0,189
667,327,0,131
685,444,1,4
686,354,1,315
696,299,0,121
713,433,0,302
739,406,0,198
756,357,0,5
754,294,0,73
810,422,0,285
827,309,0,42
857,367,0,347
863,433,0,322
915,444,0,93
950,389,0,333
1160,461,0,356
1832,435,0,9
109,494,0,347
208,567,0,214
207,535,1,300
217,657,0,94
235,611,1,53
246,527,0,145
260,637,0,87
317,569,1,322
315,627,1,336
316,658,1,327
326,599,0,350
326,463,0,9
330,513,0,276
341,554,1,23
344,579,1,36
366,477,0,237
378,595,0,77
394,645,0,8
393,488,1,10
396,552,1,10
400,509,0,228
428,563,0,71
421,600,1,276
447,490,1,80
475,536,1,341
473,660,1,347
488,623,0,26
499,573,0,142
553,494,0,128
579,658,1,25
616,516,0,253
643,584,0,116
658,552,1,299
685,506,1,52
709,470,0,297
718,639,0,352
735,537,0,32
761,523,1,71
778,555,0,224
791,477,1,332
821,600,0,355
817,554,1,314
819,463,1,40
844,509,1,306
845,571,1,342
866,642,0,335
865,579,0,347
889,533,0,2
893,494,0,331
905,603,0,120
951,510,1,315
958,465,0,67
975,581,0,16
973,555,1,11
999,637,0,328
998,518,0,221
1033,603,0,199
1095,525,0,146
1107,572,1,282
1162,501,0,351
1215,536,0,5
1259,477,0,349
1271,544,0,273
1289,657,0,174
1298,515,0,3
1303,571,0,13
1305,621,0,94
1331,601,0,60
1384,530,0,28
1491,663,0,15
1493,662,0,10
1493,639,1,341
1526,497,0,19
1546,646,1,81
1573,599,1,277
1595,559,0,10
1610,642,0,8
1620,506,0,9
1657,553,0,146
1731,632,1,57
1760,515,0,165
1757,620,1,87
1764,559,0,10
1787,466,0,139
1819,568,0,258
1864,653,0,168
1866,474,0,216
1865,561,0,280
1894,494,0,44
1927,543,0,356
2110,656,0,7
99,1438,0,339
117,1391,0,105
175,1402,0,80
178,1326,0,104
212,1302,0,323
215,1362,0,325
224,1465,0,216
231,1411,0,321
255,1357,0,108
277,1312,0,352
284,1416,0,257
321,1444,0,26
346,1373,0,13
385,1333,0,356
388,1406,1,292
390,1436,1,339
395,1286,1,71
423,1395,0,343
439,1296,0,19
440,1468,0,174
442,1373,1,329
443,1318,1,34
469,1449,1,324
520,1330,1,21
525,1465,0,111
538,1361,0,5
561,1464,0,271
570,1318,0,183
598,1287,1,22
606,1405,0,186
623,1454,1,289
658,1377,0,282
661,1433,0,204
688,1329,0,210
688,1302,0,179
694,1355,0,42
707,1394,0,50
720,1456,0,128
726,1296,0,46
756,1336,0,13
757,1378,1,327
758,1426,0,285
803,1288,0,352
809,1371,0,258
831,1453,0,90
834,1394,1,299
911,1471,1,299
913,1319,1,293
933,1353,0,1
996,1339,0,86
1050,1399,0,61
1054,1491,0,298
1062,1314,0,339
1097,1396,1,39
1107,1477,0,166
1103,1298,0,132
1128,1357,0,42
1150,1433,0,246
1166,1296,0,26
1184,1387,0,216
1189,1488,0,306
1197,1426,0,57
1208,1313,0,263
1244,1473,0,3
1240,1348,0,218
1266,1393,0,320
1294,1443,0,90
1318,1389,0,338
1324,1335,0,267
1354,1415,1,72
1355,1323,1,295
1396,1474,0,278
1424,1400,1,289
1453,1430,0,3
1493,1482,0,165
1501,1288,0,328
1557,1348,0,122
1560,1446,0,229
1586,1461,1,32
1636,1319,0,281
1636,1487,0,281
1668,1447,1,80
1703,1460,0,357
1737,1398,0,174
1750,1302,0,215
1770,1310,0,260
1804,1386,0,278
1814,1293,0,267
1821,1440,0,181
1850,1359,0,137
1856,1405,0,1
1882,1453,0,95
1897,1292,0,145
1919,1342,0,165
1925,1485,0,269
1931,1386,0,198
1932,1415,0,24
1984,1445,0,25
1999,1320,0,134
1999,1351,0,233
2016,1296,0,135
2040,1458,0,120
2062,1410,0,356
2071,1331,0,201
2088,1467,0,238
2111,1378,0,309
2138,1320,0,48
2143,1462,0,68
2147,1373,0,272
2190,1377,0,349
2185,1448,0,322
2242,1302,0,331
2252,1443,0,15
2255,1370,0,277
2303,1398,0,343
2311,1344,0,270
2400,1373,0,94
2412,1483,0,317
2434,1455,0,324
2462,1429,0,334
2458,1331,0,327
2473,1391,0,357
101,1549,0,230
162,1689,0,1
166,1545,0,245
213,1662,0,331
241,1561,0,341
238,1636,0,117
234,1523,1,78
235,1584,1,47
285,1651,0,309
300,1496,0,159
301,1619,0,300
313,1691,1,283
335,1569,0,346
355,1540,0,332
354,1666,0,263
389,1526,1,281
387,1587,1,84
422,1673,0,330
425,1543,0,157
434,1585,0,332
451,1505,0,157
455,1647,0,148
475,1572,0,326
496,1613,0,202
502,1499,0,133
543,1639,0,45
545,1528,1,25
569,1663,1,345
582,1496,0,32
591,1681,0,19
593,1563,0,286
633,1620,0,24
659,1681,0,349
666,1495,0,238
700,1661,0,350
703,1600,0,85
746,1594,0,43
750,1680,0,31
761,1626,0,45
755,1499,1,16
827,1548,0,34
826,1623,0,310
839,1676,0,175
860,1620,1,291
884,1580,0,337
897,1674,0,241
936,1548,1,346
934,1605,1,43
958,1665,0,333
951,1509,0,0
968,1616,0,15
997,1640,0,196
1016,1503,1,60
1055,1492,0,300
1057,1569,0,331
1062,1665,0,82
1093,1608,0,153
1094,1669,1,340
1097,1547,1,44
1130,1516,0,301
1197,1532,0,336
1199,1686,0,346
1221,1635,0,341
1237,1666,0,349
1306,1670,0,331
1330,1542,0,334
1352,1623,1,276
1354,1503,1,309
1393,1673,0,355
1413,1551,0,142
1447,1664,0,95
1509,1588,0,206
1513,1544,0,351
1558,1678,0,359
1586,1562,0,51
1606,1664,0,283
1614,1596,0,103
1672,1683,0,324
1713,1642,0,348
1743,1589,0,290
1761,1560,0,149
1768,1505,0,325
1778,1616,0,64
1805,1652,0,311
1825,1540,0,93
1834,1615,0,21
1862,1494,0,334
1871,1557,0,272
1902,1606,0,271
1934,1613,0,273
1946,1556,0,224
1951,1696,0,323
1976,1523,0,327
1979,1609,0,166
2022,1586,0,354
2022,1494,0,354
2040,1647,0,358
2052,1613,0,18
2057,1527,0,15
2062,1559,0,184
2163,1602,0,301
2191,1530,0,10
2218,1581,0,346
2284,1505,0,246
64,1815,0,35
80,1872,0,189
108,1823,0,44
127,1744,0,308
152,1723,0,342
159,1864,0,232
181,1825,1,74
187,1706,1,354
215,1883,0,275
230,1741,0,14
233,1767,1,46
294,1884,0,104
324,1775,0,3
339,1810,0,172
338,1737,1,78
346,1880,0,306
363,1868,1,90
384,1888,0,90
394,1708,1,356
408,1784,0,354
421,1732,0,15
424,1894,0,301
440,1831,0,219
466,1875,1,26
491,1834,0,32
498,1775,0,348
495,1741,1,345
519,1869,0,3
527,1718,0,1
568,1815,1,295
576,1765,0,15
632,1876,0,168
629,1816,0,100
653,1721,0,319
684,1847,0,135
698,1799,0,153
699,1891,1,71
720,1749,0,317
753,1742,1,24
780,1729,0,308
778,1847,1,358
779,1817,1,15
883,1878,1,322
889,1853,0,122
909,1773,1,47
916,1815,0,124
935,1729,0,213
946,1886,0,145
963,1804,1,310
963,1715,1,305
1015,1840,0,103
1058,1735,0,336
1056,1887,0,334
1074,1849,0,316
1101,1830,0,93
1148,1700,1,307
1196,1787,0,3
1216,1857,0,357
1256,1707,0,201
1290,1831,0,86
1312,1781,0,188
1317,1881,0,21
1323,1739,0,181
1360,1698,0,173
1382,1743,0,80
1395,1862,1,354
1415,1890,0,34
1425,1781,0,252
1473,1732,0,353
1482,1822,0,28
1564,1874,0,17
1565,1792,0,325
1575,1718,0,241
1655,1762,0,11
1794,1704,0,84
1825,1752,0,202
1891,1738,0,345
1959,1820,0,24
2012,1764,0,315
2092,1821,0,346
2099,1740,0,78
2163,1736,0,21
2216,1888,0,245
67,808,0,264
100,712,0,83
139,746,0,33
149,838,0,329
178,791,1,349
177,762,1,73
187,818,0,27
203,691,1,305
211,786,0,318
235,741,0,354
232,702,1,50
232,767,1,78
241,853,0,150
263,787,0,319
257,689,1,74
260,719,1,78
288,735,1,62
307,713,0,95
321,774,0,198
345,672,0,1
352,724,0,189
354,868,0,343
359,840,0,150
366,813,1,283
367,750,1,87
394,811,0,104
400,701,0,318
420,767,0,297
445,698,0,92
453,841,0,354
502,687,0,12
500,772,0,318
499,857,1,341
513,803,0,338
526,752,0,141
531,716,0,163
548,850,0,112
572,710,0,34
578,751,1,312
588,785,0,32
602,823,0,66
626,732,0,135
635,839,0,53
660,675,0,8
706,854,0,160
708,734,0,63
719,803,1,277
741,838,0,322
736,783,1,42
762,707,1,70
762,827,1,314
805,727,0,348
816,672,0,13
842,777,0,354
847,831,0,340
842,693,1,10
864,718,0,6
866,863,1,358
906,730,0,234
923,789,0,327
921,677,1,330
928,855,0,35
956,670,0,144
975,777,0,85
974,802,1,24
988,723,0,330
996,842,0,335
1032,686,0,340
1025,711,1,306
1049,814,1,337
1051,755,1,29
1083,818,0,30
1110,678,0,311
1105,725,1,332
1154,811,0,24
1159,756,1,39
1189,716,0,348
1200,784,0,290
1229,694,0,140
1251,865,0,344
1265,677,0,343
1259,749,0,255
1313,748,0,10
1314,678,0,98
1353,820,0,163
1387,678,0,34
1393,789,0,130
1413,733,0,349
1419,701,0,192
1445,858,0,139
1484,801,0,219
1487,857,1,271
1496,824,0,222
1507,718,0,36
1515,810,1,32
1534,768,0,303
1545,831,0,217
1566,753,1,0
1574,784,1,304
1578,688,0,353
1579,728,0,193
1580,864,0,351
1597,808,0,67
1618,841,1,279
1644,835,0,274
1653,700,0,139
1652,756,0,320
1656,672,1,357
1676,747,1,341
1678,691,1,60
1689,816,0,137
1691,872,0,207
1701,738,1,89
1706,676,0,306
1716,785,0,355
1731,748,0,342
1759,805,0,29
1754,679,1,272
1771,839,0,12
1786,706,0,325
1811,869,0,351
1817,786,0,106
1836,715,0,246
1862,823,0,285
1872,750,0,19
1896,704,0,149
1920,836,0,344
1907,682,1,26
1919,757,0,284
1928,790,1,85
1960,670,0,345
1971,802,0,309
2026,856,0,101
2041,755,0,359
2044,715,0,358
2125,870,0,358
2129,714,0,176
2135,823,0,8
2185,732,0,191
2186,781,0,162
2273,844,0,350
111,997,0,332
114,927,0,66
147,1075,0,279
175,1067,1,32
181,1022,0,60
204,1044,0,49
210,927,0,183
208,900,1,285
233,1066,1,81
234,1006,1,355
233,949,1,90
255,900,0,341
246,972,0,11
275,1027,0,276
307,875,0,319
303,938,0,94
314,1021,1,286
337,1065,0,294
365,915,0,206
369,971,0,357
393,1038,1,349
427,1065,0,152
441,947,0,327
446,979,1,315
459,1030,0,211
470,892,0,185
470,1055,1,24
472,994,1,88
500,888,1,292
510,989,0,147
514,1057,0,60
549,919,1,9
555,1014,0,328
577,935,1,37
608,901,0,353
629,966,1,43
651,1069,0,181
674,895,0,349
681,961,0,146
746,1004,0,323
760,1044,1,310
779,929,0,134
817,969,0,202
814,921,1,66
814,891,1,85
839,937,1,327
840,877,1,44
885,979,0,121
889,897,0,1
890,937,1,86
891,1029,1,329
916,1014,1,282
919,958,0,279
918,920,1,0
945,937,1,86
974,897,0,69
974,986,0,77
997,1051,0,11
1027,972,0,29
1034,883,0,15
1072,1041,0,197
1079,941,0,339
1081,941,0,339
1084,1003,0,19
1089,910,0,338
1125,1019,1,347
1131,917,0,94
1142,992,0,59
1166,1003,0,353
1180,895,1,298
1209,901,0,335
1208,1063,1,72
1242,1059,0,19
1304,1012,0,293
1356,908,0,25
1370,1055,0,322
1383,995,0,78
1405,888,0,265
1414,1078,0,228
1417,960,0,256
1441,912,0,24
1446,1023,0,109
1447,955,0,238
1445,878,0,198
1486,977,0,23
1486,940,0,119
1482,1041,0,258
1512,999,1,63
1516,908,0,314
1521,1065,0,25
1523,940,0,171
1548,986,0,263
1560,908,0,80
1559,1032,0,54
1592,919,0,260
1596,1058,0,337
1612,1003,0,103
1619,903,1,86
1640,1067,1,292
1649,984,0,93
1673,1073,0,347
1701,947,0,347
1704,1007,0,14
1704,1038,0,1
1737,1050,0,42
1763,911,0,328
1756,951,1,285
1779,1078,0,350
1791,950,0,345
1788,1022,0,249
1838,914,0,227
1838,1002,0,114
1888,947,0,171
1912,909,0,67
1931,1045,0,53
1952,987,0,194
1958,935,0,3
1963,959,1,341
1988,896,0,118
2008,1031,0,37
2028,968,0,148
2040,1062,0,56
2087,906,0,308
2097,1016,0,327
2097,977,0,144
2125,1071,0,145
2124,932,0,84
2148,1032,0,171
2152,969,0,201
2175,1037,1,311
2182,964,0,151
2205,1014,0,345
2209,972,0,348
2215,932,0,348
2234,881,0,2
2257,1053,0,81
2286,934,0,345
2319,884,0,356
2329,967,0,18
2337,1001,0,1
2340,1066,0,75
2400,1063,0,14
2464,986,0,171
2471,879,0,356
93,1193,0,160
99,1237,0,327
98,1094,0,44
123,1160,1,63
154,1119,0,315
149,1144,1,312
178,1219,1,282
178,1250,1,89
186,1094,0,35
207,1236,0,335
224,1127,0,343
233,1284,0,330
241,1226,0,327
245,1261,0,335
259,1175,1,78
284,1154,0,294
286,1095,0,303
298,1245,0,257
326,1129,0,274
331,1270,0,257
354,1191,0,0
368,1121,0,161
371,1276,0,72
407,1085,0,340
425,1145,0,9
427,1255,0,305
449,1118,0,177
452,1177,0,350
470,1209,1,344
472,1240,1,324
475,1084,1,46
471,1269,1,19
493,1097,0,312
497,1132,1,30
525,1269,0,329
545,1225,1,44
548,1130,1,322
574,1177,1,79
600,1128,0,337
620,1264,0,349
651,1169,0,215
651,1222,0,249
696,1225,0,24
694,1117,0,220
705,1256,1,34
734,1149,1,4
762,1102,0,22
759,1256,1,79
808,1145,0,83
812,1194,1,320
819,1226,0,140
853,1146,0,57
862,1258,1,317
890,1217,0,146
898,1153,0,270
948,1190,0,353
942,1121,1,337
996,1229,0,0
995,1122,1,318
1017,1259,1,281
1062,1100,0,45
1071,1261,1,324
1083,1214,0,351
1098,1155,1,274
1227,1150,0,358
1227,1212,0,350
1228,1182,0,353
1301,1170,0,354
1300,1213,0,203
1326,1271,0,16
1351,1138,0,184
1351,1097,0,188
1365,1210,0,332
1374,1169,0,43
1419,1159,0,229
1423,1201,0,41
1453,1104,0,204
1456,1223,0,212
1472,1150,0,244
1472,1266,0,250
1489,1180,0,213
1528,1149,0,13
1530,1194,0,3
1531,1271,0,143
1541,1231,0,3
1536,1102,0,225
1583,1282,0,301
1598,1198,0,67
1606,1127,0,266
1617,1235,1,345
1634,1256,0,18
1641,1202,0,357
1674,1235,1,335
1692,1180,0,113
1705,1124,0,352
1726,1206,1,318
1726,1257,0,99
1778,1238,0,189
1776,1177,1,319
1805,1133,0,355
1802,1195,1,83
1878,1205,0,306
1899,1136,0,240
1935,1093,0,158
1940,1260,0,147
1940,1197,0,113
1963,1164,0,118
1975,1084,0,138
1980,1130,0,105
2004,1227,0,193
2005,1171,0,76
2003,1103,1,332
2029,1252,0,182
2024,1091,1,26
2065,1207,0,190
2068,1101,0,45
2067,1156,0,109
2083,1146,0,212
2089,1268,0,66
2129,1108,0,24
2130,1282,0,48
2166,1237,0,1
2189,1171,0,203
2201,1099,0,8
2250,1244,0,4
2256,1152,0,341
2277,1125,0,1
2295,1203,0,32
2303,1087,0,113
2329,1147,0,37
2361,1257,0,1
2365,1193,0,179
2417,1173,0,2
1697,1517,1,19
667,1131,0,27
