85,2062,0,209
95,1927,0,338
142,2014,0,82
180,2041,0,257
281,2011,1,78
313,2051,0,17
311,1961,1,34
334,1918,1,5
379,2042,0,18
384,2073,0,20
386,1946,1,275
388,2006,1,89
421,2082,0,34
415,1960,1,8
429,1985,0,353
451,2009,0,2
463,2051,1,277
463,2082,1,60
470,1947,0,155
494,1950,1,75
516,2050,0,28
528,1983,0,312
520,2084,1,90
543,2098,0,358
568,1913,0,267
592,1980,1,311
595,1922,1,85
672,1963,1,58
699,1982,1,320
721,2005,0,273
744,1914,0,36
794,2072,0,159
804,1952,1,28
810,1918,0,208
831,1987,0,41
880,1907,0,28
886,2026,1,40
894,1993,0,20
906,1962,0,183
915,1927,0,20
928,2005,0,213
936,1908,1,46
985,1933,0,3
1017,1955,1,27
1214,1940,0,355
2225,1941,0,273
110,2291,0,280
125,2207,0,350
279,2280,0,33
343,2171,0,173
400,2195,0,257
497,2133,0,334
540,2127,1,277
593,2129,1,294
610,2145,0,318
662,2238,0,359
668,2185,0,73
817,2167,0,348
74,2369,0,190
676,2437,0,34
1486,2389,0,162
2052,2471,0,355
2453,2518,0,62
886,232,0,8
2517,217,0,268
137,403,0,226
155,450,0,359
194,301,0,76
207,388,0,247
212,429,0,321
235,376,0,81
262,355,1,300
302,368,0,23
313,438,0,164
305,461,0,29
338,277,0,309
370,439,0,7
367,383,1,57
396,396,0,72
411,456,0,14
421,299,0,70
475,353,0,84
507,261,0,46
510,456,0,154
514,352,0,82
529,384,1,36
555,419,0,334
581,315,0,342
660,417,0,6
657,315,0,93
686,445,1,279
697,303,0,115
711,402,1,7
741,422,0,255
736,447,1,63
741,327,1,3
756,358,0,5
757,300,0,60
768,451,0,264
812,424,0,316
824,307,0,38
819,399,1,316
851,376,0,358
864,420,0,266
928,399,0,69
954,456,0,88
1134,417,0,5
1829,440,0,355
109,494,0,346
187,569,0,184
206,651,0,117
207,535,1,283
235,613,1,282
246,527,0,143
259,581,0,325
302,462,0,40
312,504,1,58
316,567,0,311
319,612,0,294
316,658,1,354
336,509,0,267
342,553,1,9
359,600,0,84
366,473,0,242
392,489,1,2
399,511,0,213
394,552,1,59
420,585,0,12
441,537,0,24
447,489,1,72
518,517,0,209
545,608,0,32
550,556,0,243
579,657,1,304
623,555,0,130
659,552,1,312
684,605,0,209
685,506,1,67
715,655,0,359
740,556,0,195
769,550,1,300
785,661,0,214
792,478,1,90
816,554,1,308
832,477,0,349
841,599,0,197
843,509,1,277
845,570,1,46
869,642,0,326
891,518,0,9
911,566,0,353
914,638,0,115
951,509,1,338
959,603,0,15
978,656,0,326
975,559,1,8
976,621,1,16
995,532,0,194
1002,572,1,352
1020,613,0,217
1055,573,1,288
1087,592,0,281
1109,571,1,288
1108,481,1,301
1160,575,0,329
1159,501,0,351
1160,462,0,357
1179,646,0,93
1215,535,0,5
1259,477,0,348
1266,664,0,7
1270,545,0,285
1298,515,0,3
1302,571,0,77
1320,582,0,35
1354,654,0,37
1372,507,0,61
1414,655,0,43
1496,664,0,24
1492,641,1,59
1546,646,1,61
1557,474,0,28
1573,599,1,301
1607,637,0,338
1611,567,0,345
1617,513,0,3
1658,555,0,146
1679,495,0,125
1710,555,0,147
1745,641,0,152
1757,618,1,349
1784,580,0,193
1792,493,0,144
1811,623,0,205
1823,537,0,352
1863,630,0,279
1875,497,0,30
1927,543,0,354
2022,661,0,128
2101,650,0,20
68,1302,0,95
102,1434,0,352
170,1405,0,163
187,1345,0,355
210,1302,0,317
216,1362,0,324
219,1453,0,272
248,1319,0,62
250,1438,0,286
282,1414,0,251
282,1335,0,264
284,1463,1,331
316,1291,0,279
322,1421,0,59
353,1371,0,20
351,1297,0,273
368,1473,0,288
388,1404,1,287
390,1435,1,337
427,1411,0,337
443,1307,0,24
442,1375,1,283
457,1343,0,5
468,1449,1,342
469,1391,1,41
491,1473,0,146
523,1290,0,335
521,1330,1,272
521,1484,1,71
535,1361,0,18
556,1460,0,339
596,1486,0,53
598,1288,1,325
598,1316,1,9
636,1389,0,235
691,1328,0,223
711,1389,0,120
719,1454,0,135
754,1339,0,308
758,1379,1,287
771,1301,0,358
775,1475,0,297
803,1435,0,259
837,1393,1,18
845,1451,0,106
911,1471,1,299
913,1319,1,297
934,1353,0,2
966,1290,1,33
1022,1287,0,18
1062,1425,0,203
1066,1316,0,348
1097,1347,0,18
1097,1397,1,26
1103,1473,0,339
1136,1373,0,74
1146,1434,0,219
1185,1478,0,272
1201,1343,0,245
1227,1400,0,8
1245,1473,0,359
1295,1417,0,267
1307,1470,0,274
1322,1391,0,356
1323,1334,0,288
1354,1414,1,70
1355,1324,1,315
1365,1368,0,0
1424,1400,1,290
1447,1443,0,19
1457,1488,0,198
1452,1324,1,310
1461,1292,0,250
1499,1289,0,318
1528,1327,0,187
1543,1479,0,253
1578,1359,0,252
1575,1313,0,125
1585,1460,1,279
1600,1300,0,312
1606,1388,0,237
1643,1396,0,212
1665,1399,0,249
1714,1479,0,23
1739,1296,0,116
1768,1392,0,210
1793,1456,0,0
1815,1326,0,84
1825,1422,0,151
1840,1485,0,97
1853,1387,0,319
1872,1326,0,188
1877,1370,0,138
1880,1446,0,84
1916,1365,0,328
1931,1415,0,25
1947,1310,0,51
1979,1448,0,27
1976,1357,0,251
2004,1352,0,255
2032,1455,0,183
2034,1311,0,326
2033,1383,0,223
2051,1409,0,224
2063,1464,0,295
2084,1433,0,1
2085,1486,0,273
2097,1331,0,252
2107,1400,0,293
2127,1463,0,7
2137,1316,0,86
2174,1402,0,334
2191,1354,0,2
2190,1484,0,249
2195,1307,0,10
2230,1428,0,246
2276,1442,0,31
2336,1395,0,280
2388,1338,0,296
2417,1480,0,359
2434,1304,0,285
2452,1452,0,345
2459,1394,0,336
102,1546,0,206
150,1570,0,241
161,1689,0,1
186,1518,0,122
197,1593,0,67
213,1661,0,331
231,1524,1,341
257,1559,0,100
286,1657,0,263
295,1495,0,147
313,1690,1,290
321,1621,0,322
329,1569,0,205
354,1521,0,20
356,1681,0,281
389,1558,0,298
412,1511,0,86
414,1549,1,315
424,1598,0,275
437,1659,0,353
453,1553,0,203
459,1521,0,210
474,1622,0,196
483,1575,0,304
545,1527,1,350
547,1596,0,61
592,1607,0,239
619,1667,0,73
628,1558,0,150
649,1689,0,65
664,1615,0,66
682,1535,0,104
706,1652,0,328
760,1613,0,30
755,1499,1,20
786,1550,0,23
797,1625,0,38
826,1681,0,308
845,1560,0,32
849,1652,0,279
859,1619,1,315
893,1588,0,353
888,1697,0,246
936,1547,1,349
950,1509,0,2
995,1615,0,358
988,1668,1,291
1016,1503,1,277
1042,1519,1,8
1042,1550,1,34
1064,1502,0,321
1068,1655,0,28
1092,1607,1,309
1096,1670,1,25
1097,1548,1,44
1128,1581,0,1
1135,1637,0,317
1176,1564,1,80
1196,1687,0,327
1201,1543,1,28
1203,1640,1,26
1231,1550,0,331
1234,1657,0,330
1311,1655,0,343
1329,1543,0,340
1353,1623,1,285
1352,1681,1,296
1382,1500,0,170
1395,1661,0,356
1396,1685,1,333
1416,1564,0,89
1430,1624,0,139
1506,1595,0,307
1518,1547,0,356
1555,1676,0,6
1594,1565,0,16
1607,1630,0,297
1618,1507,0,14
1651,1526,0,210
1679,1645,0,224
1701,1516,0,353
1729,1687,0,299
1737,1580,0,78
1756,1666,0,106
1772,1599,0,29
1787,1628,0,50
1802,1670,0,268
1813,1570,0,329
1825,1538,0,135
1842,1638,0,329
1872,1694,0,201
1893,1569,0,303
1903,1499,0,223
1904,1498,0,228
1911,1636,0,257
1947,1561,0,247
1968,1610,0,342
1970,1544,0,129
2012,1545,0,329
2019,1590,0,345
2041,1636,0,0
2041,1502,0,349
2081,1562,0,13
2132,1519,0,104
2147,1599,0,310
2209,1522,0,33
2217,1581,0,346
2285,1505,0,254
64,1813,0,38
73,1861,0,30
127,1743,0,314
145,1790,0,19
147,1844,0,97
167,1732,0,332
180,1825,1,82
186,1709,1,27
224,1876,0,297
233,1766,1,20
255,1733,0,7
256,1732,0,7
295,1866,0,91
331,1772,0,0
333,1857,1,29
342,1806,0,185
338,1737,1,81
377,1857,0,15
405,1702,0,18
432,1895,0,350
436,1747,0,337
449,1834,0,175
466,1874,1,0
475,1790,0,349
496,1742,1,341
512,1820,0,62
516,1873,0,357
527,1718,0,2
540,1855,1,340
572,1775,0,357
569,1813,1,339
563,1873,0,147
577,1848,0,142
595,1801,1,315
622,1736,0,324
638,1790,0,135
634,1894,0,262
670,1714,0,355
672,1849,0,285
687,1791,0,141
699,1893,1,326
730,1759,0,344
738,1709,0,338
778,1846,1,65
779,1817,1,16
779,1729,1,314
803,1709,0,137
805,1892,1,17
813,1766,0,303
883,1826,0,130
884,1876,1,51
888,1699,0,246
904,1746,0,221
935,1727,1,0
968,1712,0,155
962,1805,1,322
975,1882,0,108
1001,1808,0,121
1016,1886,0,93
1056,1884,0,331
1053,1841,0,256
1118,1800,0,68
1144,1840,0,268
1148,1700,1,324
1202,1798,0,3
1219,1860,0,0
1232,1733,0,192
1267,1776,0,247
1290,1829,0,88
1315,1715,0,186
1316,1881,0,22
1320,1773,0,210
1348,1891,1,80
1379,1733,0,64
1394,1862,1,359
1415,1890,0,38
1418,1775,0,282
1472,1739,0,152
1482,1792,0,225
1520,1810,0,37
1564,1873,0,17
1615,1818,0,352
1660,1758,0,7
1700,1703,0,290
1878,1776,0,344
1956,1712,0,301
1961,1818,0,32
2006,1766,0,339
2091,1822,0,346
2170,1730,0,23
68,807,0,261
88,685,0,38
163,729,0,66
179,841,0,10
177,791,1,37
178,763,1,15
189,813,0,14
205,692,1,88
207,781,0,315
231,735,0,1
229,862,0,43
231,763,1,55
232,703,1,85
260,689,1,291
268,783,0,149
271,871,0,39
288,735,1,49
294,821,0,342
318,828,0,167
317,701,0,57
335,783,0,334
346,672,0,348
355,868,0,351
355,722,0,217
366,813,1,40
367,746,1,45
390,758,0,31
394,814,0,260
435,710,0,356
443,845,0,350
453,778,0,306
496,774,0,332
499,856,1,294
521,747,0,125
538,673,0,41
542,803,0,18
548,852,0,119
569,711,0,20
593,758,0,73
607,818,0,231
646,679,0,203
648,783,0,2
655,827,0,140
702,854,0,351
709,734,0,65
712,819,0,50
736,783,1,60
755,863,0,19
762,707,1,356
800,716,0,305
839,674,0,7
842,695,1,348
846,794,0,317
864,864,1,331
883,713,0,19
881,851,0,315
899,759,0,214
921,677,1,81
928,825,0,47
941,782,0,13
942,866,0,63
957,709,0,51
973,741,1,320
969,802,1,327
1009,850,0,336
1005,777,0,251
1026,709,1,298
1034,764,0,333
1050,815,1,320
1053,751,1,320
1086,828,0,37
1104,724,1,324
1135,707,0,269
1153,794,0,357
1159,755,1,40
1186,837,0,40
1192,717,0,336
1252,822,0,310
1253,862,0,357
1307,799,0,352
1301,698,0,263
1320,744,0,3
1327,697,0,275
1386,835,0,134
1400,759,0,152
1418,704,0,198
1435,806,0,201
1449,772,0,350
1461,744,0,330
1463,681,1,47
1479,843,0,271
1482,793,0,340
1501,690,0,276
1506,715,0,94
1543,736,0,140
1556,779,0,32
1556,839,0,147
1566,699,0,313
1572,812,0,188
1603,678,0,346
1614,744,0,68
1614,845,1,307
1617,872,1,301
1626,825,0,315
1650,737,1,310
1653,675,1,12
1681,778,0,351
1677,693,1,79
1677,751,1,276
1687,816,0,139
1691,869,0,184
1702,738,1,291
1731,691,0,300
1737,746,0,327
1756,679,1,282
1765,837,0,10
1790,749,0,113
1808,679,0,18
1827,813,0,357
1830,721,0,260
1870,852,0,242
1889,719,0,8
1908,754,0,289
1909,683,1,77
1923,826,0,34
1961,670,0,350
1981,800,0,343
1991,750,0,98
2042,756,0,17
2051,716,0,357
2069,790,0,242
2135,822,0,9
2187,780,0,159
2270,841,0,349
112,995,0,335
114,927,0,65
148,1079,0,111
175,1066,1,48
179,1012,0,73
204,1045,0,48
211,928,0,359
208,901,1,281
233,1007,1,18
233,1066,1,61
242,948,1,77
258,907,0,0
262,1035,0,354
260,991,1,288
257,933,1,43
307,974,0,12
309,895,0,347
314,1021,1,287
346,1079,0,308
354,922,0,247
391,936,0,251
393,1039,1,352
411,1062,0,192
440,988,0,326
451,949,0,350
457,1029,0,193
505,971,0,39
517,1030,0,72
523,991,1,350
564,890,0,212
577,934,1,39
599,1061,0,85
629,966,1,37
662,925,0,340
697,889,0,330
706,921,1,352
709,1043,1,59
710,980,1,344
746,1007,0,314
765,972,0,199
759,949,1,74
760,1046,1,90
773,935,0,43
814,921,1,82
814,891,1,68
840,937,1,303
849,1033,0,69
891,935,1,302
891,1029,1,0
897,977,0,139
917,1015,1,31
917,922,1,0
917,956,1,288
942,938,1,12
961,979,0,323
967,900,0,84
965,949,0,315
971,1076,1,89
989,944,0,68
1000,1044,0,21
1026,974,0,29
1021,951,1,18
1055,921,0,331
1046,1061,1,82
1073,1026,0,177
1103,884,0,48
1101,969,1,311
1138,934,0,5
1145,893,0,27
1154,1000,1,333
1174,1003,0,347
1185,896,1,357
1215,894,0,339
1253,1043,0,26
1311,923,0,129
1365,960,0,219
1370,908,0,356
1370,995,0,41
1370,1055,0,321
1410,1029,0,357
1421,1073,0,237
1425,980,0,81
1434,880,0,191
1440,909,0,19
1471,935,0,327
1458,977,0,263
1480,1033,0,310
1487,915,1,315
1511,997,0,230
1520,966,0,355
1523,1068,0,15
1526,932,0,357
1529,880,0,92
1592,918,0,326
1608,972,0,220
1608,1004,0,40
1617,903,1,339
1642,1019,0,40
1669,907,0,355
1669,1068,0,126
1688,972,0,3
1700,1008,0,7
1707,1039,0,357
1749,1041,1,61
1760,909,0,352
1797,950,0,342
1796,1023,0,241
1804,877,0,143
1834,913,0,215
1855,992,0,97
1909,912,0,73
1927,980,0,346
1930,1034,0,91
1937,931,0,90
1962,960,1,280
1971,890,0,91
1978,1078,0,124
1997,948,0,64
2005,1032,0,354
2038,971,0,347
2045,1073,0,50
2085,910,0,298
2098,1013,0,341
2097,962,0,189
2103,1049,0,161
2124,908,0,117
2126,984,0,75
2152,961,0,37
2154,880,0,334
2181,1025,0,308
2198,1061,0,13
2207,982,0,357
2220,908,0,1
2217,937,0,354
2263,1009,0,77
2286,932,0,349
2292,879,1,339
2298,1052,0,50
2318,890,0,342
2327,969,0,17
2326,1072,0,41
2385,1014,0,357
2401,1064,0,12
2464,986,0,171
2472,879,0,355
93,1192,0,341
100,1236,0,326
99,1091,0,83
124,1159,1,59
151,1142,1,277
175,1189,0,214
179,1220,1,65
179,1250,1,65
182,1095,1,32
198,1122,0,220
206,1236,1,317
233,1281,0,317
236,1125,0,300
243,1232,0,324
259,1173,1,349
288,1190,0,17
302,1140,0,341
304,1254,0,351
336,1223,0,155
359,1175,0,274
393,1114,0,65
391,1285,1,90
391,1191,1,304
423,1142,0,26
420,1259,0,291
435,1220,0,125
441,1090,0,55
453,1178,0,353
470,1209,1,359
469,1269,1,345
475,1241,1,310
482,1120,0,352
477,1083,1,40
547,1226,0,248
549,1130,1,316
560,1267,0,353
574,1177,1,82
624,1271,0,337
625,1198,0,171
637,1144,0,30
651,1220,0,249
654,1170,0,5
695,1223,0,18
701,1128,0,81
705,1256,1,13
719,1179,0,45
734,1149,1,37
750,1261,0,43
758,1225,1,332
772,1112,0,37
788,1150,1,18
791,1209,0,84
815,1197,1,15
826,1233,0,240
837,1090,1,345
873,1085,0,354
867,1140,0,261
880,1237,0,18
906,1189,0,8
942,1121,1,334
995,1121,1,311
1012,1227,0,271
1056,1099,0,45
1073,1229,0,314
1084,1282,0,19
1098,1155,1,272
1155,1275,0,12
1223,1212,0,357
1231,1182,0,4
1247,1146,0,38
1274,1103,0,138
1281,1229,0,234
1323,1160,0,350
1313,1185,0,17
1322,1276,0,23
1325,1102,0,129
1369,1193,0,2
1370,1266,0,287
1376,1125,0,231
1409,1228,0,168
1429,1145,0,113
1459,1227,0,253
1483,1127,1,331
1484,1247,1,307
1494,1180,0,279
1530,1264,0,103
1535,1174,0,278
1535,1219,1,290
1564,1121,0,143
1587,1211,0,307
1621,1234,1,5
1630,1081,0,334
1632,1258,0,2
1662,1153,0,339
1675,1187,0,354
1672,1235,1,346
1714,1146,0,295
1724,1207,1,359
1745,1106,0,301
1775,1177,1,299
1791,1277,0,192
1806,1133,0,348
1802,1196,0,338
1834,1093,0,358
1853,1273,0,80
1877,1205,0,349
1878,1161,0,3
1911,1257,0,339
1919,1105,0,211
1955,1233,0,337
1956,1171,0,107
2003,1141,0,272
2023,1095,1,315
2052,1107,1,73
2065,1185,0,202
2067,1276,0,118
2071,1098,0,28
2106,1112,0,359
2125,1166,0,142
2178,1270,0,44
2202,1098,0,15
2202,1166,0,300
2202,1236,0,78
2244,1147,0,0
2264,1240,0,357
2276,1118,0,358
2298,1205,0,32
2334,1143,0,82
2360,1260,0,0
2365,1193,0,169
2417,1175,0,347
