85,2061,0,212
98,1923,0,342
229,2048,0,173
282,2010,1,78
312,2048,0,57
307,2019,1,67
310,1961,1,34
333,1918,1,79
335,2068,1,310
385,2037,0,12
389,2070,0,22
386,1947,1,327
385,1975,1,275
388,2007,1,310
411,1990,0,334
421,2082,0,30
445,1970,0,332
464,2025,0,15
463,2051,1,64
463,2082,1,13
485,1949,0,351
514,2097,0,66
548,2100,0,16
558,1920,0,311
592,1980,1,279
594,1921,1,285
591,1950,1,43
662,1915,0,203
672,1963,1,45
699,1982,1,309
719,1924,0,100
723,2003,0,278
728,1971,0,184
773,1962,0,17
783,2010,0,33
795,2072,0,161
806,1912,0,178
863,1917,0,23
886,2026,1,42
894,1992,0,22
906,1961,0,179
928,2006,0,213
935,1909,1,314
984,1935,0,1
1015,1907,0,1
1188,1914,0,301
78,2174,0,356
111,2282,0,284
165,2169,0,80
279,2301,0,193
344,2173,0,178
401,2194,0,230
434,2123,0,349
538,2126,1,280
596,2202,0,5
594,2247,0,335
596,2130,1,307
612,2149,0,318
820,2167,0,352
71,2371,0,211
582,2459,0,23
1593,2367,0,219
1983,2442,0,9
2453,2518,0,61
886,232,0,9
2517,217,0,267
156,444,0,333
156,376,0,198
182,421,0,325
185,329,0,123
205,386,0,244
201,402,1,276
231,377,0,80
275,376,0,296
288,450,0,21
316,352,0,59
329,460,0,4
348,281,0,320
371,442,0,343
367,384,1,270
380,336,0,39
397,405,0,64
455,456,0,319
464,337,0,96
506,417,0,359
507,261,0,46
528,384,1,18
567,364,0,152
600,318,0,121
660,415,0,194
668,328,0,132
686,444,1,358
686,355,1,315
696,299,0,121
713,436,0,340
739,408,0,202
756,357,0,4
756,293,0,74
811,422,0,287
827,308,0,40
858,366,0,350
864,434,0,316
917,442,0,89
958,389,0,340
1160,461,0,355
1832,435,0,11
109,494,0,346
207,567,0,209
207,535,1,299
219,657,0,92
235,611,1,43
246,527,0,146
261,637,0,85
317,569,1,321
315,627,1,50
316,658,1,4
325,599,0,348
332,516,0,278
340,555,1,8
366,477,1,68
367,507,1,80
380,595,0,77
397,645,0,12
393,487,1,5
400,510,0,228
397,552,1,39
426,561,0,62
448,491,1,58
475,536,1,345
494,624,0,19
500,570,0,141
553,492,0,128
579,657,1,36
617,515,0,255
642,583,0,118
659,552,1,343
685,506,1,52
711,478,0,297
718,640,0,352
713,552,1,290
750,526,0,27
776,557,0,221
791,477,1,340
819,597,0,184
817,554,1,310
819,463,1,278
844,509,1,305
845,570,1,55
866,643,0,334
892,524,0,14
893,494,0,334
904,597,0,131
947,663,0,140
951,510,1,331
957,464,0,68
976,580,0,19
973,555,1,12
995,638,0,326
997,519,0,218
1031,603,0,203
1086,521,0,340
1107,572,1,278
1108,481,1,47
1162,501,0,352
1215,535,0,5
1259,476,0,349
1281,651,0,162
1268,580,1,329
1270,544,0,285
1287,651,0,174
1298,515,0,3
1304,573,0,13
1324,605,0,18
1384,530,0,27
1491,663,0,13
1493,662,0,11
1493,639,1,333
1526,497,0,19
1546,646,1,77
1573,599,1,272
1595,557,0,13
1609,642,0,3
1620,506,0,10
1656,552,0,334
1731,632,1,53
1750,515,0,157
1757,620,1,273
1772,556,0,12
1786,466,0,134
1819,569,0,250
1846,652,0,184
1854,483,0,243
1868,564,0,281
1892,489,0,43
1927,543,0,356
2109,655,0,11
98,1438,0,338
117,1389,0,101
174,1402,0,81
206,1357,0,331
213,1302,0,324
221,1464,0,223
232,1411,0,323
237,1287,0,152
255,1355,0,101
276,1312,0,344
284,1418,0,259
321,1445,0,32
346,1372,0,14
386,1331,0,358
388,1406,1,295
390,1436,1,350
423,1395,0,343
439,1296,0,18
440,1467,0,178
441,1373,1,325
444,1319,1,33
469,1449,1,320
502,1455,0,6
520,1330,1,33
527,1467,0,110
539,1361,0,2
568,1317,0,180
565,1464,0,262
593,1407,0,199
598,1287,1,284
623,1454,1,290
655,1383,0,274
687,1328,0,214
687,1301,0,169
682,1435,0,84
695,1354,0,43
713,1392,0,46
720,1455,0,131
728,1289,0,48
755,1336,0,6
758,1378,1,308
759,1427,0,287
773,1305,0,12
787,1425,1,90
805,1376,0,255
829,1454,0,95
833,1394,1,297
911,1471,1,298
913,1319,1,292
933,1353,0,1
998,1339,0,81
1049,1397,0,63
1062,1314,0,341
1077,1410,0,217
1097,1397,1,35
1107,1477,0,167
1105,1294,0,122
1129,1357,0,45
1151,1431,0,250
1166,1296,0,23
1172,1387,0,211
1191,1486,0,304
1197,1425,0,54
1208,1315,0,264
1204,1370,1,279
1244,1473,0,2
1273,1398,0,325
1294,1436,0,270
1317,1389,0,338
1324,1335,0,270
1354,1415,1,60
1355,1323,1,294
1396,1479,0,282
1424,1400,1,289
1452,1430,0,2
1492,1485,0,168
1500,1289,0,326
1554,1347,0,124
1558,1449,0,227
1586,1461,1,26
1589,1287,0,297
1633,1321,0,289
1636,1489,0,275
1702,1464,0,354
1725,1398,0,359
1774,1298,0,260
1803,1386,0,273
1811,1295,0,270
1826,1438,0,190
1854,1401,0,4
1853,1360,0,142
1882,1453,0,90
1892,1292,0,139
1907,1338,0,331
1931,1385,0,204
1927,1487,0,272
1933,1415,0,23
1983,1446,0,26
1998,1353,0,232
1999,1322,0,139
2022,1297,0,113
2044,1453,0,103
2066,1410,0,355
2073,1342,0,201
2089,1467,0,234
2114,1371,0,298
2127,1439,0,31
2141,1445,0,121
2147,1315,0,49
2149,1372,0,269
2182,1391,0,274
2187,1447,0,324
2200,1377,0,353
2247,1309,0,329
2255,1442,0,25
2252,1368,0,275
2312,1418,0,342
2312,1354,0,271
2313,1469,0,9
2401,1377,0,99
2412,1485,0,340
2435,1453,0,321
2463,1428,0,330
2481,1395,0,345
101,1548,0,230
162,1689,0,1
165,1544,0,247
214,1662,0,332
235,1635,0,121
240,1559,0,149
234,1523,1,69
235,1583,1,78
260,1624,1,351
287,1652,0,310
301,1619,0,308
306,1496,0,338
312,1691,1,291
329,1564,0,154
356,1538,0,326
354,1669,0,268
390,1526,1,291
388,1587,1,68
427,1672,0,338
426,1544,0,156
436,1585,0,332
445,1634,0,148
450,1502,0,169
476,1572,0,328
476,1618,0,6
503,1612,0,219
504,1499,0,134
539,1631,0,45
545,1529,1,310
580,1497,0,24
592,1682,0,24
599,1564,0,293
634,1621,0,18
661,1681,0,347
666,1497,0,249
700,1657,0,350
700,1596,0,81
748,1593,0,39
756,1679,0,31
755,1499,1,10
762,1626,0,44
827,1553,0,35
828,1625,0,316
838,1676,0,182
860,1619,1,328
884,1581,0,336
897,1675,0,241
936,1548,1,349
960,1669,0,350
950,1509,0,3
961,1615,0,12
1012,1595,1,27
1016,1503,1,49
1058,1568,0,330
1057,1492,0,303
1062,1664,0,74
1092,1608,0,148
1094,1669,1,354
1098,1547,1,42
1131,1519,0,293
1198,1531,0,345
1199,1686,0,344
1223,1634,0,335
1241,1668,0,165
1306,1668,0,334
1330,1542,0,335
1352,1623,1,278
1354,1503,1,307
1353,1680,1,6
1394,1668,0,351
1414,1549,0,128
1446,1660,0,96
1509,1590,0,211
1515,1543,0,353
1558,1678,0,354
1584,1558,0,50
1607,1667,0,287
1614,1590,0,101
1667,1678,0,320
1697,1517,1,17
1709,1640,0,359
1745,1594,0,285
1763,1562,0,149
1767,1513,0,318
1779,1615,0,67
1805,1652,0,316
1829,1615,0,10
1826,1540,0,102
1863,1494,0,329
1869,1558,0,264
1899,1607,0,252
1930,1616,0,270
1947,1556,0,224
1978,1525,0,334
1977,1609,0,353
2022,1589,0,352
2021,1494,0,357
2041,1649,0,0
2055,1561,0,176
2056,1616,0,20
2061,1526,0,4
2163,1602,0,301
2194,1529,0,9
2219,1581,0,347
2285,1505,0,247
64,1815,0,36
77,1873,0,16
107,1823,0,49
126,1743,0,316
152,1722,0,343
154,1865,0,232
180,1826,1,70
186,1707,1,24
213,1887,0,278
231,1740,0,16
233,1766,1,47
295,1882,0,113
325,1773,0,8
339,1809,0,177
338,1737,1,75
335,1857,1,66
346,1877,0,304
385,1887,0,83
394,1708,1,0
411,1787,0,357
421,1736,0,16
430,1899,0,310
438,1831,0,223
466,1875,1,350
491,1833,0,35
500,1775,0,343
495,1741,1,338
519,1869,0,3
526,1718,0,359
568,1815,1,295
581,1762,0,20
627,1878,0,151
620,1841,0,182
628,1815,0,100
655,1720,0,318
683,1848,0,135
698,1799,0,153
699,1890,1,35
721,1751,0,321
753,1742,1,78
779,1727,0,319
778,1846,1,9
779,1817,1,19
805,1889,1,14
883,1877,1,326
890,1852,0,138
911,1813,0,123
909,1773,1,34
933,1730,0,215
946,1886,0,135
940,1759,1,62
963,1804,1,307
1015,1776,1,9
1020,1831,0,101
1053,1730,0,152
1045,1820,1,22
1057,1886,0,331
1070,1852,0,285
1068,1713,1,272
1099,1831,0,91
1148,1700,1,316
1196,1788,0,5
1201,1731,1,15
1216,1857,0,357
1255,1708,0,199
1291,1832,0,86
1311,1783,0,195
1317,1881,0,21
1319,1736,0,160
1357,1702,0,196
1381,1742,0,82
1395,1862,1,1
1415,1890,0,35
1424,1781,0,257
1473,1732,0,353
1484,1823,0,37
1564,1874,0,17
1566,1793,0,321
1577,1720,0,229
1655,1762,0,12
1794,1706,0,86
1823,1757,0,213
1890,1742,0,342
1956,1700,0,318
1959,1819,0,27
2009,1762,0,312
2091,1821,0,345
2102,1722,0,72
2163,1736,0,22
2216,1888,0,249
68,809,0,263
99,712,0,82
139,747,0,35
148,839,0,324
178,791,1,2
177,762,1,69
188,817,0,24
203,691,1,299
211,786,0,318
233,742,0,355
232,702,1,64
232,767,1,41
242,851,0,148
257,688,1,55
268,792,0,145
260,719,1,88
288,735,1,74
306,716,0,72
318,775,0,209
345,672,0,2
354,723,0,185
354,868,0,344
358,837,0,161
366,812,1,87
394,808,0,106
401,701,0,314
422,769,0,295
453,841,0,353
446,686,0,83
498,686,0,22
498,770,0,321
499,857,1,335
514,805,0,342
526,714,0,164
527,754,0,128
548,851,0,111
573,710,0,37
578,751,1,319
595,786,0,26
602,823,0,59
621,728,0,135
636,839,0,60
659,674,0,14
707,855,0,160
709,734,0,64
718,804,0,59
741,842,0,324
736,784,1,56
762,706,1,326
761,828,1,333
764,735,1,48
806,723,0,327
819,671,0,6
840,773,0,346
842,694,1,3
849,833,0,339
864,719,0,12
865,863,1,2
906,733,0,240
923,789,0,327
921,677,1,331
929,854,0,37
974,776,0,83
985,717,0,337
996,844,0,341
1025,684,0,337
1026,710,1,347
1049,814,1,336
1051,755,1,29
1083,818,0,34
1105,725,1,337
1112,681,0,303
1152,799,0,25
1159,756,1,48
1190,715,0,344
1202,780,0,284
1227,691,0,128
1252,867,0,356
1266,675,0,344
1313,748,0,11
1313,675,0,95
1346,817,0,333
1361,697,1,349
1387,675,0,37
1391,787,0,135
1416,738,0,342
1418,701,0,192
1425,770,0,0
1445,854,0,125
1484,802,0,227
1487,857,1,270
1504,725,0,29
1515,809,1,33
1532,768,0,318
1545,830,0,203
1545,705,1,339
1567,752,1,354
1577,686,0,336
1580,730,0,191
1575,784,1,306
1583,864,0,4
1597,806,0,72
1616,842,1,279
1637,837,0,275
1646,698,0,142
1655,758,0,330
1655,673,1,7
1679,692,1,274
1689,815,0,137
1692,871,0,205
1706,674,0,307
1716,784,0,2
1734,751,0,339
1754,679,1,73
1759,805,0,32
1771,839,0,10
1785,707,0,331
1811,868,0,348
1818,783,0,110
1835,719,0,257
1860,826,0,279
1874,749,0,22
1890,701,0,152
1920,836,0,349
1907,681,1,15
1918,756,0,283
1928,790,1,89
1960,670,0,345
1972,800,0,312
2026,855,0,99
2041,755,0,359
2045,715,0,355
2120,709,0,170
2124,873,0,353
2135,823,0,6
2178,732,0,200
2186,781,0,162
2273,844,0,350
111,996,0,332
114,927,0,65
146,1072,0,103
175,1067,1,32
181,1022,0,60
204,1045,0,50
210,927,0,3
209,900,1,317
233,1066,1,82
234,1006,1,358
234,948,1,82
247,973,0,14
252,896,0,335
256,898,0,332
273,1029,0,272
299,929,0,103
307,875,0,311
314,1021,1,283
339,1069,0,309
359,915,0,209
382,964,0,351
392,1038,1,6
425,1063,0,152
441,946,0,324
444,979,1,326
454,888,0,194
459,1030,0,209
468,964,1,321
505,987,0,133
512,1057,0,58
549,919,1,2
577,935,1,36
608,901,0,355
600,1073,1,45
628,967,1,90
651,1069,0,347
676,895,0,348
676,959,0,142
709,1043,1,52
747,1003,0,327
760,1044,1,0
782,930,0,113
816,974,0,199
814,921,1,58
814,891,1,73
839,938,1,63
885,978,0,118
895,898,0,15
890,936,1,88
891,1029,1,319
916,1014,1,292
922,962,0,290
944,938,1,309
975,985,0,75
977,899,0,71
998,1049,0,19
1027,973,0,28
1019,951,1,22
1035,883,0,10
1046,1062,1,335
1072,1039,0,193
1077,943,0,338
1093,997,0,27
1125,912,0,82
1142,994,0,54
1166,1003,0,354
1180,894,1,22
1207,890,0,358
1208,1063,1,85
1242,1059,0,19
1308,1015,0,309
1357,905,0,21
1371,1055,0,320
1384,994,0,91
1380,1034,1,315
1408,897,0,264
1415,1078,0,229
1418,959,0,253
1443,911,0,25
1449,956,0,237
1448,1024,0,104
1486,973,0,23
1483,1040,0,257
1488,941,0,120
1513,995,0,227
1516,907,0,314
1522,1065,0,23
1523,940,0,172
1548,989,0,264
1559,909,0,76
1559,1038,0,43
1590,916,0,265
1599,1061,0,344
1607,1002,0,98
1618,902,1,276
1648,978,0,87
1672,1076,0,346
1704,945,0,191
1704,1007,0,15
1704,1038,0,359
1736,1051,0,43
1765,912,0,330
1786,1077,0,1
1791,951,0,342
1789,1022,0,247
1837,914,0,228
1838,1000,0,117
1882,946,0,341
1911,911,0,68
1931,1046,0,37
1941,981,0,349
1959,934,0,16
1963,961,1,327
1987,895,0,122
2010,1030,0,38
2028,968,0,146
2037,1061,0,62
2087,907,0,308
2094,976,0,133
2098,1016,0,328
2125,1072,0,147
2126,927,0,260
2150,1034,0,349
2152,970,0,9
2158,951,1,341
2181,965,0,168
2204,1014,0,345
2209,973,0,349
2216,932,0,348
2232,883,0,357
2259,1054,0,73
2286,933,0,346
2319,883,0,355
2329,967,0,20
2338,1001,0,2
2340,1067,0,71
2400,1062,0,14
2464,986,0,172
2472,879,0,2
94,1192,0,159
98,1237,0,327
99,1097,0,42
123,1160,1,62
151,1144,1,293
159,1121,0,320
178,1219,1,282
178,1250,1,59
186,1094,0,24
205,1235,0,334
225,1127,0,344
231,1284,0,331
239,1225,0,327
246,1262,0,330
259,1175,1,83
269,1203,0,181
285,1098,0,301
286,1160,0,290
300,1245,0,251
328,1130,0,279
334,1272,0,257
356,1190,0,358
371,1123,0,340
374,1274,0,69
407,1084,0,343
426,1144,0,16
428,1256,0,307
438,1113,0,4
453,1177,0,350
471,1209,1,359
472,1240,1,333
470,1269,1,18
475,1082,1,39
488,1104,0,35
497,1132,1,19
524,1270,0,330
545,1225,1,46
548,1130,1,326
574,1177,1,78
600,1131,0,342
619,1265,0,345
648,1170,0,219
651,1222,0,247
666,1131,0,20
692,1122,0,214
695,1224,0,23
705,1256,1,39
734,1149,1,13
763,1102,0,21
805,1280,0,351
809,1137,0,85
810,1192,1,7
820,1223,0,129
850,1144,0,58
862,1258,1,309
884,1216,0,158
892,1157,0,274
947,1192,0,353
942,1121,1,355
997,1232,0,358
995,1122,1,318
1059,1101,0,35
1070,1260,1,328
1083,1212,0,347
1098,1155,1,274
1226,1149,0,3
1227,1213,0,346
1227,1181,0,354
1301,1212,0,203
1303,1168,0,12
1325,1270,0,9
1349,1136,0,182
1352,1095,0,184
1347,1121,0,31
1365,1210,0,342
1374,1168,0,47
1410,1163,0,246
1429,1195,0,53
1449,1104,0,200
1455,1224,0,211
1471,1151,0,246
1472,1264,0,249
1488,1182,0,225
1527,1149,0,15
1526,1196,0,8
1531,1103,0,220
1530,1270,0,137
1546,1231,0,3
1597,1201,0,70
1615,1127,0,263
1617,1234,1,340
1635,1256,0,19
1644,1203,0,352
1675,1235,1,330
1687,1181,0,131
1694,1122,0,178
1703,1247,0,192
1726,1207,1,335
1726,1258,0,103
1777,1238,0,353
1776,1177,1,301
1805,1133,0,356
1802,1195,1,69
1882,1211,0,294
1901,1135,0,251
1935,1093,0,143
1938,1260,0,147
1941,1197,0,115
1967,1164,0,122
1975,1084,0,139
1979,1128,0,114
2008,1227,0,184
2006,1168,0,80
2029,1254,0,189
2023,1090,1,17
2056,1202,0,182
2068,1101,0,43
2080,1163,0,2
2095,1266,0,56
2130,1109,0,198
2140,1279,0,33
2169,1237,0,2
2183,1168,0,217
2202,1099,0,6
2223,1149,1,321
2251,1243,0,8
2254,1152,0,353
2277,1125,0,354
2296,1204,0,29
2301,1084,0,111
2331,1146,0,29
2361,1257,0,1
2366,1193,0,178
2418,1173,0,359
