86,2064,0,221
101,1921,0,345
248,1958,0,328
247,2032,0,259
282,2010,1,77
306,1916,0,69
310,1962,1,44
332,1919,1,48
333,2066,1,300
335,2036,1,288
361,1952,0,347
358,1920,0,284
376,2039,0,50
398,2068,0,229
406,1997,0,356
418,2082,0,17
461,2025,0,12
463,2024,0,13
464,2080,1,359
463,2051,1,42
470,1936,0,148
545,2096,0,18
560,1918,0,250
592,1979,1,307
594,1921,1,86
596,2099,1,45
659,2036,0,105
671,1963,1,56
699,1982,1,313
708,2078,0,41
725,2005,0,295
798,2073,0,175
803,1952,1,349
823,1917,0,96
858,1981,1,290
886,2026,1,53
894,1991,0,25
903,1960,0,180
929,2006,0,212
936,1911,1,337
935,1937,1,25
983,1937,0,359
1004,1905,0,7
111,2295,0,247
182,2178,0,268
340,2172,0,178
393,2184,0,289
410,2292,0,201
442,2112,0,28
490,2250,0,55
491,2152,0,68
543,2272,0,23
537,2126,1,343
543,2160,1,299
571,2133,0,47
617,2156,0,324
761,2202,0,76
818,2173,0,0
1829,2248,0,203
82,2364,0,222
155,2409,0,313
423,2372,0,334
1777,2367,0,340
2453,2519,0,60
886,232,0,9
2517,216,0,264
95,310,0,276
154,442,0,333
162,381,0,217
206,333,0,164
206,389,0,253
236,377,0,75
270,352,0,334
281,309,0,29
330,433,0,162
329,363,0,69
348,282,0,304
368,384,1,72
379,444,0,165
396,418,0,352
467,393,0,338
469,339,0,29
475,450,0,323
508,260,0,46
527,383,1,49
551,399,0,52
589,422,0,348
606,380,0,99
623,290,0,119
665,347,0,351
674,407,0,233
687,445,1,291
695,298,0,110
740,413,0,236
746,298,0,64
759,357,0,0
762,449,0,27
816,401,1,63
826,302,0,35
846,372,0,16
852,424,0,158
920,384,0,313
954,451,0,47
1833,429,0,18
112,495,0,165
183,656,0,60
207,535,1,282
231,570,0,203
235,613,1,70
245,526,0,145
247,655,0,16
302,592,0,341
314,469,0,9
318,567,0,322
314,506,1,278
316,627,1,66
316,659,1,356
339,495,0,328
342,552,1,296
361,625,0,295
364,478,0,240
386,586,0,120
395,508,0,198
394,487,1,6
433,625,0,55
443,574,0,349
444,533,0,6
447,491,1,85
476,537,1,277
483,663,0,44
554,543,0,31
579,658,1,40
645,474,0,298
658,552,1,339
661,640,0,84
685,506,1,63
718,633,0,114
753,490,0,209
778,519,0,5
793,475,1,282
816,554,1,301
818,463,1,50
821,616,0,309
844,509,1,281
845,571,1,45
867,630,0,82
873,489,0,316
874,490,0,316
949,576,0,355
950,509,1,315
975,554,1,358
975,613,1,342
989,638,0,344
1001,509,0,208
1003,571,1,324
1020,620,1,311
1039,611,0,114
1106,571,1,338
1107,640,0,253
1159,506,0,355
1160,462,0,354
1178,581,0,264
1215,535,0,3
1259,476,0,348
1267,666,0,3
1269,581,0,99
1298,515,0,2
1297,587,0,45
1297,544,0,357
1361,659,0,137
1389,546,0,9
1472,651,0,18
1529,501,0,353
1550,649,0,312
1573,599,1,285
1595,553,0,6
1602,639,0,334
1623,509,0,10
1628,626,1,336
1670,567,0,123
1721,545,0,61
1731,633,1,26
1746,585,0,275
1794,564,0,105
1820,658,0,331
1849,569,0,32
1908,508,0,353
1929,547,0,354
1964,665,0,346
2106,528,0,192
2282,616,0,340
101,1436,0,349
164,1399,0,347
179,1320,1,63
183,1345,1,350
213,1364,0,321
216,1301,0,330
234,1343,0,328
233,1433,1,277
267,1467,0,8
280,1320,0,7
278,1417,0,242
293,1385,0,347
332,1340,0,42
390,1404,1,289
390,1436,1,350
414,1371,0,286
440,1466,0,349
438,1296,0,49
437,1436,0,355
442,1373,1,306
463,1437,0,157
493,1391,0,351
500,1419,0,154
515,1359,0,350
518,1439,0,300
521,1330,1,349
566,1491,0,268
586,1301,0,229
623,1454,1,285
626,1332,0,283
660,1382,0,159
680,1416,0,355
683,1319,0,48
704,1362,0,280
722,1456,0,130
758,1379,1,316
772,1343,0,194
782,1453,1,353
813,1375,0,212
825,1311,0,124
833,1489,0,144
835,1395,1,3
866,1296,0,95
875,1392,0,277
911,1471,1,317
913,1319,1,287
933,1352,0,0
996,1427,0,5
1023,1476,0,236
1039,1372,0,81
1067,1312,0,358
1095,1398,1,44
1111,1476,0,144
1120,1322,0,99
1131,1389,0,59
1145,1429,0,11
1175,1444,0,75
1217,1429,0,66
1237,1306,0,241
1245,1479,0,6
1294,1436,0,89
1294,1409,0,263
1331,1374,0,0
1323,1332,0,268
1327,1423,0,102
1340,1469,0,28
1354,1414,1,86
1355,1323,1,305
1399,1295,1,342
1424,1400,1,283
1446,1447,0,358
1488,1476,0,227
1499,1287,0,330
1566,1405,0,0
1588,1330,0,358
1585,1453,0,225
1626,1409,0,14
1675,1348,0,295
1695,1432,0,308
1725,1401,0,79
1745,1464,0,34
1762,1312,0,141
1800,1403,0,165
1825,1467,0,251
1870,1339,0,87
1876,1460,0,64
1889,1405,0,168
1922,1468,0,228
1921,1303,0,161
1932,1418,0,2
1948,1345,0,52
1955,1488,0,254
1968,1403,0,118
1984,1448,0,23
1995,1345,0,212
2016,1486,0,355
2014,1402,0,322
2026,1339,0,294
2032,1292,0,345
2065,1450,0,291
2071,1364,0,101
2090,1323,0,191
2115,1433,0,339
2131,1470,0,15
2133,1377,0,229
2173,1323,0,324
2180,1411,0,74
2219,1333,0,17
2240,1453,0,322
2259,1370,0,58
2275,1420,0,20
2346,1347,0,202
2347,1408,0,253
2407,1377,0,278
2462,1400,0,17
101,1547,0,216
148,1567,0,84
162,1688,0,7
190,1543,0,235
194,1582,0,14
212,1661,0,327
233,1524,1,49
248,1694,0,41
250,1591,0,72
294,1509,0,15
287,1613,1,83
312,1691,1,276
326,1660,0,300
353,1545,0,323
362,1587,0,149
365,1661,1,328
375,1493,0,37
383,1639,0,348
389,1528,1,59
397,1551,0,12
417,1594,0,303
423,1522,0,341
416,1693,1,350
430,1492,0,347
452,1686,0,145
456,1585,0,318
484,1503,0,9
501,1537,0,32
514,1645,0,108
521,1569,0,207
544,1526,1,317
565,1626,0,63
567,1492,0,266
584,1670,0,59
598,1498,1,285
621,1516,0,210
621,1665,1,349
637,1625,0,79
648,1497,1,60
693,1656,0,4
703,1622,0,19
746,1569,0,144
755,1499,1,4
775,1642,0,120
783,1515,1,359
795,1563,0,314
807,1620,0,321
812,1531,0,325
859,1620,1,85
874,1580,0,348
884,1697,1,88
913,1632,0,288
934,1548,1,333
936,1609,1,24
965,1521,0,83
971,1615,0,47
988,1666,1,330
1042,1550,1,45
1093,1608,1,324
1094,1669,1,331
1097,1547,1,48
1105,1506,0,335
1188,1504,0,331
1195,1597,0,172
1196,1665,0,329
1298,1656,0,318
1347,1551,0,11
1352,1623,1,289
1351,1681,1,272
1355,1503,1,307
1383,1659,0,16
1396,1686,1,64
1438,1530,0,322
1443,1657,0,40
1480,1679,0,42
1507,1583,0,149
1514,1545,0,333
1555,1681,0,358
1567,1626,0,19
1631,1663,0,344
1659,1493,0,42
1669,1636,0,161
1696,1518,1,352
1742,1503,0,13
1737,1608,0,260
1743,1682,0,306
1762,1539,0,75
1773,1635,0,285
1780,1610,0,351
1786,1569,0,238
1805,1642,0,19
1817,1540,0,105
1831,1590,0,6
1844,1694,0,185
1870,1660,0,353
1873,1517,0,336
1876,1550,0,345
1885,1620,0,340
1915,1592,0,342
1949,1544,0,253
1971,1673,0,351
1987,1588,0,350
1996,1519,0,3
2008,1622,0,195
2048,1667,0,313
2123,1562,0,8
2147,1610,0,357
2156,1520,0,340
2211,1500,0,330
2218,1580,0,350
2274,1610,0,277
2300,1524,0,345
2406,1502,0,45
67,1813,0,26
81,1881,0,359
104,1848,0,185
131,1738,0,243
150,1845,0,343
188,1754,0,354
180,1825,1,80
184,1707,1,56
238,1811,0,143
233,1767,1,57
233,1856,1,2
282,1760,0,269
285,1877,0,266
323,1747,0,306
336,1805,0,197
350,1871,0,300
365,1726,0,310
387,1705,1,311
404,1800,0,272
415,1891,0,27
418,1724,0,42
449,1825,0,222
464,1778,0,355
465,1874,1,285
489,1830,1,34
496,1740,1,341
521,1807,0,30
525,1718,0,357
525,1871,0,345
567,1815,1,324
569,1886,1,309
569,1755,1,15
596,1770,0,83
603,1862,0,61
646,1739,0,63
653,1805,0,63
672,1872,0,34
672,1845,1,24
698,1893,1,338
706,1803,0,357
728,1708,0,300
728,1860,0,261
738,1771,0,329
778,1847,1,6
779,1817,1,359
832,1718,0,140
875,1891,0,36
909,1732,0,27
942,1889,0,337
963,1805,1,313
982,1706,0,241
1000,1850,0,36
1039,1721,0,37
1053,1887,0,328
1064,1857,0,156
1092,1776,0,239
1111,1844,0,36
1148,1699,1,324
1154,1761,0,52
1172,1718,1,12
1176,1864,1,278
1204,1788,0,6
1217,1857,0,356
1281,1722,0,109
1290,1833,0,86
1314,1793,0,342
1317,1880,0,23
1364,1701,0,210
1368,1888,0,224
1385,1758,0,100
1395,1861,1,32
1415,1890,0,39
1418,1713,0,197
1429,1787,0,292
1469,1745,0,178
1475,1824,0,21
1532,1712,0,327
1564,1874,0,18
1573,1785,0,351
1655,1762,0,13
1913,1894,0,39
1950,1799,0,346
2001,1762,0,344
2089,1819,0,328
2142,1742,0,10
66,809,0,263
95,720,0,84
125,762,0,70
154,822,0,261
178,762,1,60
180,791,1,355
189,819,0,27
190,701,0,235
204,748,1,296
212,786,0,318
220,868,0,8
223,713,0,209
232,769,1,24
250,744,0,8
258,686,1,50
269,784,0,147
310,827,0,160
318,709,0,190
331,750,0,25
344,672,0,356
368,789,0,340
365,814,1,284
376,846,0,326
390,743,0,102
416,843,1,78
424,781,0,89
425,732,0,97
448,845,0,352
459,755,0,123
472,783,1,288
483,728,0,324
497,772,0,303
499,857,1,311
500,680,1,35
524,712,0,272
550,820,0,117
575,711,0,19
580,873,0,183
577,751,1,317
577,780,1,22
590,808,0,269
647,837,0,127
688,761,0,345
690,799,0,14
689,689,0,233
704,855,0,159
708,733,0,62
751,681,0,30
762,842,0,358
761,735,0,314
761,705,1,274
799,701,0,63
815,739,1,79
826,857,0,231
832,725,0,207
841,690,1,351
867,805,0,192
866,859,1,350
892,733,0,336
900,850,0,318
922,673,1,352
929,705,0,128
952,851,0,142
960,795,0,346
974,740,1,303
993,835,0,341
1023,869,0,18
1025,778,0,154
1028,678,0,188
1026,710,1,287
1051,815,1,322
1051,755,1,14
1090,829,0,14
1104,725,1,34
1148,797,0,188
1159,754,1,23
1192,722,0,330
1199,844,0,299
1205,778,0,168
1235,714,0,105
1261,777,0,118
1291,819,0,347
1310,763,0,358
1300,699,0,270
1318,794,0,18
1329,703,0,90
1393,767,0,152
1419,818,0,213
1426,711,0,349
1426,873,0,194
1427,741,0,185
1478,754,0,246
1488,801,0,212
1487,858,1,324
1494,690,0,11
1506,839,0,349
1517,813,1,18
1529,708,0,7
1532,748,0,217
1552,799,0,76
1565,843,1,306
1570,750,1,284
1595,844,0,296
1597,704,1,346
1605,747,0,313
1612,795,0,126
1644,776,0,90
1654,840,0,210
1651,735,1,349
1653,675,1,33
1675,752,1,278
1678,692,1,71
1690,810,0,132
1708,671,0,313
1709,777,0,109
1753,753,0,324
1755,680,1,277
1765,833,0,20
1768,798,0,359
1760,870,0,7
1785,703,0,189
1805,861,0,110
1829,762,0,4
1841,821,0,352
1880,868,0,183
1898,833,0,357
1909,684,1,86
1918,732,0,175
1914,786,0,301
1995,810,0,294
2040,754,0,357
2048,714,0,359
2072,869,0,16
2085,681,0,302
2115,772,0,65
2136,822,0,7
2185,783,0,160
2271,844,0,345
71,961,0,265
117,998,0,345
115,926,0,60
123,1045,0,229
148,1077,0,94
174,1068,1,34
184,1019,0,38
204,1044,0,50
215,930,0,170
208,900,1,274
234,970,0,172
232,1068,1,323
234,1006,1,40
243,947,1,336
266,888,0,12
272,1016,0,232
281,950,0,309
311,926,0,323
338,1007,0,57
347,904,0,338
356,1067,0,339
367,1025,0,212
401,947,0,347
403,993,0,304
424,903,0,145
471,995,1,57
503,971,0,106
555,1049,0,306
569,911,0,35
577,937,1,38
599,1073,1,44
652,962,0,107
660,1061,0,123
680,895,0,3
727,1059,0,67
742,1004,0,324
789,941,0,77
817,1033,0,151
828,924,0,74
834,982,0,8
871,921,0,167
879,893,0,319
889,1010,0,239
891,936,1,275
918,1013,1,81
937,1043,0,76
943,937,1,60
962,992,0,328
973,892,0,90
1000,912,0,13
1004,1059,0,9
1025,974,0,23
1067,891,0,348
1085,1010,0,210
1088,912,0,56
1125,962,0,10
1155,997,1,67
1207,1063,1,353
1244,1063,0,359
1257,880,0,355
1297,1032,0,346
1298,930,0,75
1298,1057,0,337
1331,989,0,355
1350,911,0,4
1362,1039,0,278
1403,1015,0,156
1401,986,0,156
1413,1067,0,216
1412,926,0,179
1425,945,0,77
1439,906,0,32
1452,1001,0,278
1478,923,0,45
1489,951,0,326
1488,997,0,78
1514,1061,0,138
1514,1002,1,84
1538,946,1,354
1535,1037,1,353
1554,879,0,189
1559,1019,0,34
1560,984,0,26
1577,935,0,57
1617,903,1,325
1623,1007,0,49
1627,1076,0,346
1633,1041,0,40
1684,1066,0,154
1690,874,0,205
1703,1008,0,14
1706,1038,0,4
1724,895,1,72
1754,900,0,348
1746,1044,1,65
1767,1008,0,263
1790,940,0,228
1801,1055,0,255
1806,986,0,248
1844,921,0,256
1885,951,0,290
1912,911,0,68
1913,1012,0,98
1947,926,0,35
1954,952,1,56
1988,1010,0,202
1990,965,0,212
2003,893,0,106
2031,1060,0,342
2058,988,0,16
2072,944,0,350
2072,907,0,359
2100,1072,0,317
2105,1008,0,115
2118,942,0,85
2116,1058,0,310
2156,1036,0,340
2157,956,0,238
2187,1046,1,306
2205,1020,0,338
2219,922,0,10
2219,968,0,354
2231,887,0,0
2291,921,0,345
2310,1032,0,35
2315,880,0,346
2317,881,0,345
2329,964,0,19
2343,1055,0,26
2371,904,0,76
2402,1061,0,11
2465,985,0,172
2471,879,0,358
98,1238,0,330
100,1196,0,133
122,1161,1,49
152,1145,1,293
178,1219,1,292
182,1098,0,9
178,1251,1,272
204,1235,0,335
210,1164,0,270
232,1284,0,152
241,1258,0,320
245,1228,0,326
261,1114,0,320
259,1175,1,287
285,1220,0,327
296,1084,0,4
312,1239,1,284
318,1199,0,290
351,1096,0,349
350,1155,0,119
394,1116,0,185
391,1284,1,12
391,1191,1,354
403,1241,0,45
425,1145,0,16
452,1178,0,352
471,1209,1,356
472,1240,1,347
473,1084,1,27
496,1132,1,349
527,1274,0,336
544,1222,1,342
566,1129,0,104
575,1177,1,77
615,1108,0,219
629,1259,0,335
641,1169,0,68
652,1221,0,246
696,1218,0,11
705,1256,1,292
734,1149,1,310
754,1099,0,218
751,1159,0,326
769,1281,0,289
782,1121,0,55
812,1195,1,5
831,1147,0,359
864,1256,1,351
864,1227,1,285
893,1120,1,49
892,1212,1,80
907,1229,0,221
937,1211,1,340
942,1122,1,4
979,1217,0,116
995,1122,1,316
1003,1282,0,139
1018,1229,1,15
1018,1262,1,34
1043,1239,0,31
1059,1100,0,35
1084,1207,0,332
1098,1155,1,86
1151,1274,1,68
1226,1218,0,359
1231,1150,0,6
1239,1254,0,245
1281,1213,0,84
1310,1082,0,226
1317,1272,0,359
1325,1237,0,197
1344,1160,0,242
1359,1108,0,18
1387,1247,0,61
1392,1194,0,25
1406,1145,0,30
1420,1272,0,229
1448,1219,0,124
1464,1280,0,230
1471,1117,0,70
1503,1220,0,331
1502,1183,0,345
1503,1127,0,274
1534,1271,0,146
1548,1146,0,204
1557,1121,0,164
1574,1200,0,32
1567,1166,0,198
1580,1264,0,346
1585,1100,0,134
1599,1229,0,18
1640,1137,0,40
1678,1203,0,153
1671,1236,1,359
1696,1284,0,132
1702,1184,0,343
1724,1212,1,34
1730,1110,0,268
1775,1178,1,335
1783,1211,0,341
1798,1154,0,143
1801,1193,1,299
1811,1129,0,352
1856,1178,0,264
1901,1095,0,154
1921,1242,0,89
1926,1167,0,84
1975,1099,0,250
1978,1257,0,241
1987,1197,0,218
1988,1152,0,240
2029,1108,0,102
2033,1259,0,175
2033,1218,0,128
2056,1178,0,84
2070,1103,0,48
2084,1146,0,338
2089,1253,0,61
2101,1211,0,354
2106,1117,0,186
2108,1183,0,359
2123,1281,0,21
2154,1248,0,2
2153,1164,0,259
2179,1090,0,69
2217,1212,0,39
2231,1257,0,352
2268,1129,0,348
2268,1187,0,59
2281,1237,0,359
2300,1200,0,50
2319,1107,0,135
2336,1158,0,10
2332,1259,0,182
2367,1190,0,170
2367,1266,0,350
2413,1161,0,352
2447,1098,0,210
2491,1140,0,347
