68,2044,0,160
99,1922,0,335
104,2105,0,238
128,1942,1,57
278,1937,0,354
281,2009,1,89
313,1986,0,358
311,1961,1,25
326,2038,0,8
334,1919,1,19
333,2066,1,86
380,2071,0,27
390,2001,0,343
386,1947,1,304
409,1930,0,139
420,2080,0,26
452,1979,0,56
460,2026,0,22
462,2025,0,25
463,2082,1,81
463,2051,1,68
514,1971,0,91
523,2050,0,252
543,2098,0,358
544,1906,0,87
592,1979,1,307
594,1921,1,272
592,1950,1,320
653,1946,0,338
699,1980,1,319
709,1993,0,334
724,1998,0,158
759,1944,0,118
797,2072,0,174
804,1952,1,293
831,1917,0,75
856,1983,1,81
888,1994,0,215
886,2026,1,18
899,1955,0,147
928,2005,0,207
934,1908,1,78
952,1929,0,83
1007,1905,0,3
1016,2014,0,210
1116,1979,0,344
1129,2062,0,357
115,2288,0,180
322,2258,0,173
342,2172,0,171
357,2115,0,11
387,2187,0,282
411,2141,1,284
437,2140,0,274
465,2266,0,311
468,2217,0,329
493,2122,0,276
538,2128,1,86
569,2178,0,233
614,2143,0,327
627,2237,0,134
759,2182,0,112
807,2143,0,351
63,2322,0,104
76,2370,1,20
720,2395,0,261
2452,2519,0,62
421,117,0,189
885,232,0,7
2517,217,0,268
166,385,0,248
185,433,0,46
204,393,0,248
232,321,0,180
238,374,0,164
271,400,0,32
278,454,0,148
315,353,0,316
344,280,0,316
371,444,0,355
375,359,0,351
367,384,1,37
385,419,0,339
431,392,0,355
454,320,0,20
507,262,0,44
528,383,1,35
534,414,0,226
661,367,0,348
669,305,0,106
690,456,0,213
715,297,0,120
737,445,1,34
757,364,0,11
763,460,1,293
774,432,0,296
786,269,0,84
792,420,1,90
814,407,0,323
816,458,1,31
831,302,0,41
868,374,0,324
1124,421,0,80
1835,431,0,22
94,620,0,207
106,495,0,343
186,487,0,234
209,556,0,261
233,518,0,328
234,613,1,57
248,578,0,295
282,532,0,107
306,591,0,336
313,506,1,14
315,627,1,69
317,567,0,314
316,658,1,292
340,489,1,34
342,583,1,287
347,533,0,311
362,631,0,301
366,478,1,64
395,491,1,296
395,556,1,355
406,530,0,180
415,629,0,153
441,626,0,47
451,503,0,310
463,663,0,40
479,473,0,173
475,537,1,0
538,581,0,95
580,656,1,330
632,584,0,124
631,497,0,97
632,631,0,261
658,553,1,67
657,492,1,5
682,657,0,178
685,506,1,58
691,565,0,229
748,646,0,121
759,511,0,277
787,591,0,262
791,476,1,69
812,494,0,55
817,554,1,290
846,622,0,33
845,509,1,90
845,570,1,276
901,561,0,302
935,637,0,257
951,476,0,15
950,510,1,329
973,617,0,250
975,555,1,7
1005,547,0,83
1045,598,0,69
1053,663,1,350
1085,489,0,92
1105,613,0,189
1107,572,1,352
1141,653,0,193
1163,484,0,4
1215,535,0,2
1222,631,0,5
1259,476,0,350
1298,515,0,3
1405,552,0,2
1453,660,0,358
1494,644,1,299
1510,599,0,20
1517,483,0,33
1544,637,0,61
1573,600,1,278
1588,558,0,25
1622,511,0,3
1626,630,1,7
1650,647,1,69
1663,578,0,6
1670,641,0,22
1707,509,0,309
1731,632,1,79
1757,620,1,273
1809,627,1,73
1860,633,0,353
1859,551,0,72
1930,546,0,359
1963,666,0,351
101,1436,0,347
152,1414,0,343
162,1371,0,352
177,1344,0,356
181,1462,0,238
181,1318,1,88
214,1316,0,294
217,1362,0,328
227,1482,0,246
285,1417,0,266
318,1480,0,298
337,1399,0,146
346,1441,0,326
364,1364,0,341
392,1405,1,276
389,1433,1,333
410,1463,0,129
421,1424,0,180
442,1375,1,310
443,1315,1,295
464,1417,0,305
469,1481,0,217
465,1452,1,349
476,1331,0,54
522,1330,1,271
520,1482,1,20
573,1390,0,322
629,1327,0,353
622,1455,1,282
634,1395,0,318
643,1289,0,349
657,1469,0,144
690,1371,0,6
683,1432,0,130
689,1323,0,55
716,1400,0,21
715,1471,0,182
722,1454,0,129
747,1323,0,24
758,1378,1,315
782,1454,1,286
791,1419,0,320
789,1351,0,260
835,1394,1,356
844,1336,0,64
868,1434,0,15
869,1486,0,51
902,1318,0,279
912,1471,1,14
943,1357,0,0
940,1333,1,14
965,1289,1,295
1000,1391,0,185
1005,1423,0,221
1045,1340,0,236
1050,1466,0,257
1060,1416,0,24
1075,1375,0,33
1096,1395,1,47
1107,1485,0,135
1119,1441,0,125
1129,1393,0,57
1149,1435,0,255
1211,1424,0,66
1245,1478,0,5
1293,1428,0,272
1295,1363,0,90
1307,1392,0,4
1298,1480,1,0
1325,1304,0,359
1321,1333,0,305
1353,1414,1,276
1366,1357,0,86
1395,1409,0,77
1422,1311,0,253
1428,1469,0,342
1431,1419,0,199
1452,1406,0,343
1466,1315,0,40
1474,1446,0,137
1477,1378,0,331
1538,1331,0,357
1546,1366,0,28
1569,1485,0,277
1588,1460,1,350
1604,1289,0,85
1640,1473,0,355
1643,1421,0,191
1679,1307,0,28
1693,1490,1,311
1711,1451,0,79
1739,1399,0,186
1736,1286,0,58
1785,1349,0,150
1788,1445,0,1
1812,1402,0,7
1850,1476,0,146
1847,1306,0,95
1869,1444,0,316
1880,1352,0,33
1894,1393,0,50
1931,1419,0,344
1934,1340,0,307
1937,1478,0,281
1966,1313,0,159
1982,1405,0,345
1989,1450,0,5
1998,1347,0,42
2039,1374,0,358
2045,1322,0,102
2044,1487,0,286
2092,1439,0,123
2101,1314,0,346
2117,1374,0,12
2138,1430,0,93
2147,1291,0,338
2188,1432,0,326
2192,1397,0,340
2198,1346,0,0
2261,1421,0,12
2260,1363,0,249
2313,1388,0,308
2348,1352,0,209
2377,1296,0,133
2384,1490,0,325
2418,1346,0,8
2427,1459,0,348
2436,1411,0,321
2471,1308,0,89
2511,1425,0,335
102,1549,0,225
162,1688,0,9
182,1577,0,37
189,1608,0,23
213,1666,0,329
227,1548,0,338
237,1640,0,340
233,1582,1,84
273,1505,0,51
281,1584,0,272
298,1642,0,12
305,1528,0,181
349,1695,0,206
348,1561,0,245
364,1658,1,329
379,1502,0,203
390,1527,1,273
422,1562,0,324
427,1694,0,134
430,1528,0,8
464,1602,0,52
514,1545,0,170
517,1661,0,266
517,1631,1,317
546,1527,1,326
576,1666,0,49
587,1564,0,222
597,1498,1,307
618,1602,0,118
633,1662,0,29
736,1657,0,359
739,1615,0,315
766,1497,0,190
820,1515,0,26
834,1575,1,80
851,1541,0,3
859,1621,1,82
932,1547,1,308
956,1523,0,253
969,1640,0,292
986,1549,1,65
1028,1522,0,349
1092,1608,1,324
1094,1669,1,349
1097,1547,1,49
1110,1678,0,337
1126,1578,0,359
1138,1696,0,27
1189,1503,0,3
1201,1641,0,1
1219,1575,0,321
1279,1672,0,209
1294,1611,0,146
1308,1498,0,15
1329,1611,0,107
1344,1558,0,35
1352,1622,1,89
1355,1503,1,312
1352,1680,1,333
1366,1652,0,346
1389,1586,0,347
1428,1678,0,151
1440,1530,0,345
1475,1631,0,77
1494,1493,0,185
1520,1536,0,211
1544,1651,0,62
1567,1559,0,348
1580,1608,0,343
1601,1504,0,102
1633,1548,0,59
1690,1658,0,15
1698,1516,1,19
1713,1571,0,287
1730,1511,0,333
1757,1552,0,332
1769,1638,0,259
1782,1600,0,352
1786,1509,0,319
1795,1643,0,107
1800,1555,0,339
1836,1512,0,134
1835,1633,0,253
1869,1681,0,86
1888,1565,0,222
1896,1502,0,260
1905,1654,0,81
1951,1603,0,185
1948,1554,0,223
1956,1521,0,22
1964,1682,0,6
1967,1641,0,18
2011,1570,0,94
2034,1655,0,190
2069,1551,0,350
2069,1586,0,184
2091,1509,0,129
2158,1600,0,343
2172,1506,0,216
2195,1548,0,25
2216,1584,0,352
2314,1530,0,355
71,1807,0,35
82,1878,0,11
88,1838,0,220
127,1733,0,214
127,1766,1,36
132,1809,0,246
151,1896,0,268
177,1752,0,243
185,1706,1,38
202,1840,0,329
233,1793,0,65
259,1705,0,277
302,1726,0,101
310,1852,0,277
332,1791,0,246
338,1738,1,339
338,1766,1,0
363,1840,0,113
362,1722,0,191
387,1706,1,319
439,1769,0,328
444,1822,0,216
448,1882,0,36
466,1753,1,343
492,1842,0,293
495,1740,1,338
528,1718,0,359
535,1835,0,77
544,1901,0,83
568,1815,1,38
637,1737,0,140
646,1773,1,8
657,1869,0,271
699,1892,1,18
713,1799,0,180
722,1730,0,277
735,1836,0,196
778,1847,1,344
780,1817,1,52
795,1766,0,59
837,1847,0,325
881,1798,0,49
884,1698,1,344
884,1876,1,300
940,1840,0,18
963,1804,1,326
968,1890,0,314
997,1754,0,6
999,1859,0,227
1040,1823,1,278
1052,1886,0,330
1069,1820,0,11
1080,1735,0,118
1113,1846,0,17
1178,1781,0,320
1203,1847,1,290
1200,1731,1,40
1236,1853,0,349
1289,1791,0,268
1306,1754,0,212
1317,1881,0,22
1322,1822,0,7
1325,1848,1,346
1379,1768,0,199
1389,1705,0,255
1395,1862,1,351
1414,1892,0,31
1420,1810,0,40
1461,1730,0,4
1498,1876,0,211
1500,1787,0,96
1551,1781,0,347
1567,1751,0,349
1566,1872,0,21
1578,1809,0,214
1653,1762,0,12
1689,1822,0,351
1766,1716,0,337
1946,1790,0,311
1987,1746,0,249
2091,1819,0,346
2103,1867,0,329
2138,1734,0,11
74,796,0,252
136,795,0,314
135,859,0,259
155,672,0,54
157,748,0,70
182,823,1,11
205,691,0,176
202,797,0,292
204,717,1,42
217,866,0,10
227,757,0,101
254,834,0,327
259,686,1,41
260,718,1,340
280,739,0,12
278,777,0,100
288,819,0,326
310,863,0,52
325,719,0,327
323,801,0,124
343,674,0,328
367,811,1,11
376,858,0,89
391,694,0,265
418,733,0,232
444,845,0,349
473,756,0,136
497,702,0,268
499,857,1,316
520,770,0,259
551,846,0,2
549,766,1,57
560,809,0,357
565,717,0,11
577,680,0,335
575,749,1,63
598,776,0,357
618,842,0,255
623,720,0,54
662,858,0,71
704,853,1,156
709,734,0,58
717,797,0,51
742,839,0,11
734,813,1,5
763,707,1,4
764,862,1,1
797,807,0,57
800,870,0,34
818,725,0,351
844,831,0,355
841,689,1,349
843,853,1,6
867,861,1,358
908,859,0,214
915,788,0,120
931,738,0,295
950,697,0,331
973,741,1,297
1003,810,0,192
1022,856,0,33
1026,710,1,81
1051,755,1,85
1051,815,1,302
1094,788,0,280
1105,725,1,316
1142,870,0,327
1159,755,1,53
1186,721,0,344
1210,870,0,110
1260,816,0,38
1263,671,0,354
1259,749,0,258
1274,872,0,349
1295,705,0,14
1306,761,0,358
1329,818,0,293
1384,799,0,154
1384,732,0,104
1402,854,0,144
1432,724,0,339
1431,793,0,320
1434,757,0,333
1442,845,0,295
1465,764,0,27
1481,821,0,56
1488,852,1,7
1490,736,1,274
1496,693,0,25
1499,873,0,5
1517,811,1,29
1544,705,1,7
1566,841,1,349
1568,749,1,316
1595,670,0,350
1597,704,1,350
1620,863,0,202
1624,818,0,211
1649,767,0,5
1649,738,1,3
1653,676,1,22
1669,707,0,353
1683,806,0,40
1703,855,0,338
1715,770,0,328
1730,734,0,193
1727,677,0,109
1733,809,0,47
1755,679,1,280
1768,760,0,21
1786,698,0,13
1813,774,0,328
1826,840,0,74
1837,717,0,199
1831,757,1,322
1868,764,0,61
1881,729,1,317
1900,829,0,352
1905,760,0,245
1909,684,1,74
1962,781,0,353
2012,700,0,28
2019,815,0,58
2034,730,0,12
2044,762,0,2
2080,831,0,327
2139,834,0,7
2141,783,0,130
2181,770,0,157
2230,776,0,263
2273,847,0,341
113,996,0,339
116,926,0,65
147,1072,0,98
158,995,0,271
174,1067,1,40
176,906,0,272
189,1024,0,35
204,1047,0,41
211,933,0,0
214,989,0,13
233,1066,1,281
239,1008,1,28
251,893,0,40
250,967,0,282
290,943,0,54
288,1038,1,33
304,1002,0,95
324,1056,0,18
345,886,0,102
358,946,0,335
367,927,1,318
375,1065,0,46
461,1021,0,175
472,1049,0,30
515,941,0,315
524,995,1,71
555,1035,0,278
577,935,1,33
600,1072,1,357
652,910,0,25
659,967,0,141
670,1053,0,63
731,899,0,341
741,1004,0,324
762,960,0,140
786,1023,0,48
804,1069,0,8
796,942,0,175
814,921,1,17
812,892,1,46
837,964,0,61
846,1025,0,205
862,903,0,354
889,970,0,32
891,936,1,347
891,1029,1,34
916,1013,1,11
918,891,1,68
936,881,0,27
944,939,1,85
956,901,0,25
965,960,0,221
988,1025,0,347
994,1061,1,55
1026,973,0,21
1046,1061,1,356
1057,908,0,188
1063,1021,0,30
1103,1042,0,345
1126,1013,0,331
1134,963,0,345
1154,1079,0,9
1156,996,1,310
1186,923,0,356
1255,950,0,85
1314,989,0,200
1343,917,0,20
1351,1054,0,89
1381,1036,1,298
1393,895,0,306
1433,912,1,70
1478,923,0,22
1489,949,0,326
1483,977,1,89
1501,1055,0,5
1509,991,1,43
1541,1021,0,147
1538,945,1,350
1567,991,0,11
1569,962,0,12
1594,927,0,355
1606,1022,0,350
1620,1052,0,359
1618,903,1,334
1653,895,0,75
1659,1007,0,139
1659,963,0,322
1705,925,0,153
1704,1008,0,357
1707,1038,0,5
1709,891,0,340
1722,957,0,170
1732,1058,0,52
1747,1040,1,24
1768,929,0,316
1800,1039,0,111
1807,898,0,350
1818,961,0,323
1823,1010,0,120
1849,952,0,311
1854,891,1,70
1876,1003,0,358
1880,917,0,320
1916,904,0,76
1934,961,0,224
1938,1056,0,147
1978,911,0,277
1994,1041,0,183
1993,990,0,261
1992,1017,1,67
2038,884,0,123
2052,1078,0,54
2066,964,0,346
2063,1012,0,305
2082,935,0,356
2101,1062,0,116
2109,897,0,9
2110,896,0,12
2119,996,0,162
2134,1043,0,353
2154,950,0,104
2180,1059,0,232
2211,1012,0,347
2216,888,0,15
2224,938,0,348
2226,976,0,0
2239,1055,0,68
2290,923,0,343
2295,879,1,26
2305,1031,0,45
2324,883,0,353
2328,963,0,22
2399,1060,0,13
2464,985,0,171
2473,879,0,358
99,1237,0,325
123,1160,1,65
151,1142,1,49
179,1178,0,348
191,1229,0,334
182,1096,0,21
179,1252,1,32
230,1285,0,196
236,1255,0,21
248,1148,0,347
252,1218,0,177
248,1102,0,189
259,1176,1,317
307,1120,0,105
312,1217,0,35
320,1255,0,27
367,1160,0,10
379,1257,0,234
392,1191,1,19
410,1097,0,149
425,1141,0,14
426,1254,0,50
454,1178,0,352
471,1085,0,21
470,1209,1,26
493,1240,0,4
501,1137,0,317
505,1281,0,185
516,1084,0,81
539,1191,0,24
545,1223,1,20
549,1130,1,295
582,1126,0,325
588,1224,0,240
619,1228,0,247
631,1088,0,104
644,1162,0,213
651,1225,0,247
694,1218,0,7
705,1256,1,14
732,1103,0,143
734,1147,1,3
761,1184,0,57
759,1226,1,354
759,1256,1,45
786,1273,1,18
799,1113,0,143
813,1174,0,231
827,1262,0,335
867,1106,0,13
865,1257,1,343
864,1226,1,275
903,1214,0,14
916,1232,1,32
933,1283,0,164
942,1121,1,310
987,1154,0,184
995,1122,1,331
1018,1225,0,24
1062,1098,0,41
1072,1256,0,267
1098,1154,1,87
1204,1215,1,90
1231,1080,0,41
1229,1138,0,225
1234,1220,0,334
1233,1186,0,327
1229,1245,0,315
1242,1273,0,4
1274,1164,0,150
1301,1242,0,203
1325,1190,0,50
1355,1200,0,34
1369,1134,0,80
1419,1200,0,239
1421,1080,0,213
1432,1166,0,349
1436,1134,0,348
1476,1102,0,203
1484,1127,1,25
1508,1172,1,351
1514,1116,1,90
1534,1140,0,308
1534,1218,1,333
1542,1082,0,214
1546,1258,0,143
1610,1188,0,346
1617,1236,1,321
1620,1102,0,249
1651,1275,0,60
1673,1107,0,1
1673,1235,1,337
1725,1208,1,346
1737,1247,0,233
1744,1085,0,206
1776,1178,1,312
1779,1215,0,146
1789,1145,0,134
1797,1082,0,202
1801,1196,1,89
1812,1259,0,193
1814,1131,0,352
1866,1196,0,356
1864,1106,0,301
1877,1261,0,96
1905,1088,0,80
1924,1259,0,60
1931,1118,0,262
1937,1193,0,37
1964,1137,0,99
1968,1263,0,66
2002,1220,0,131
2000,1086,0,70
2014,1279,0,191
2021,1195,0,359
2022,1150,0,124
2068,1106,0,47
2073,1233,0,197
2081,1135,0,55
2090,1259,0,0
2091,1194,0,1
2119,1153,0,311
2136,1123,0,29
2187,1111,0,63
2188,1194,0,295
2205,1283,0,332
2229,1155,0,302
2249,1101,0,9
2252,1222,0,351
2274,1159,0,306
2311,1089,0,262
2330,1157,0,50
2362,1087,0,143
2367,1247,0,24
2383,1194,0,215
2411,1132,0,59
2418,1271,0,18
2466,1149,0,318
1309,1697,0,31
