86,2034,0,295
99,1923,0,340
217,2042,0,230
262,1928,0,288
277,2058,0,336
281,2009,1,87
287,1979,0,339
310,1960,1,346
333,1918,1,52
333,2033,1,57
355,2086,0,342
358,1940,0,210
376,2038,0,21
387,1949,1,30
388,2007,1,73
419,2079,0,21
418,1995,0,129
416,1960,1,347
433,1936,0,175
440,2032,0,25
438,1915,1,357
463,2050,1,12
463,2082,1,48
474,1988,0,37
519,1948,0,92
518,2085,1,40
544,2099,0,4
582,2076,0,101
592,1980,1,320
594,1921,1,78
593,1950,1,356
627,2005,0,249
652,1944,0,333
699,1981,1,304
730,1998,0,184
768,2013,0,14
796,2071,0,170
809,1959,0,11
840,1919,0,72
856,1984,1,50
893,1987,0,33
886,2026,1,32
928,2004,0,212
936,1908,1,357
962,2047,0,5
1003,1906,0,22
1013,1987,0,205
1097,1986,0,355
1305,2048,0,8
131,2280,0,163
214,2270,0,202
303,2116,0,321
343,2172,0,178
382,2241,0,345
387,2188,0,216
443,2233,0,275
482,2133,0,73
482,2231,0,76
531,2175,0,356
539,2128,1,89
596,2143,0,334
664,2231,0,190
745,2190,0,290
802,2180,0,59
842,2214,0,344
71,2373,0,212
2453,2519,0,65
591,233,0,136
884,232,0,8
2517,216,0,265
146,364,0,19
205,387,0,235
237,327,0,184
234,398,0,272
262,354,1,287
258,377,1,68
278,455,0,305
288,392,0,14
322,366,0,325
328,460,0,81
340,274,0,32
350,343,0,337
377,444,0,357
369,382,1,51
389,416,0,356
447,343,0,71
452,414,0,73
509,260,0,53
527,383,1,72
547,382,0,273
558,409,0,270
660,384,0,184
669,329,0,132
671,435,0,241
684,292,1,90
689,448,1,68
715,308,0,88
713,341,1,10
757,368,0,9
769,439,0,287
772,303,0,100
813,417,0,315
817,461,1,285
831,304,0,55
864,377,0,339
871,405,1,4
1085,422,0,47
1840,433,0,10
75,619,0,8
111,495,0,165
183,466,0,68
200,573,0,25
203,652,0,342
207,533,1,290
240,523,0,322
235,613,1,333
275,541,0,248
314,595,0,335
316,567,0,326
315,505,1,282
314,627,1,71
316,659,1,60
327,462,0,84
341,497,1,67
350,619,0,23
366,473,0,252
373,569,0,144
367,608,0,209
395,488,1,350
396,552,1,325
404,510,0,207
418,605,0,10
423,636,0,17
464,554,0,108
503,511,0,242
546,612,0,324
579,658,1,354
591,542,0,230
631,632,0,251
640,591,0,104
660,552,1,286
658,522,1,274
661,583,1,300
681,659,0,20
684,628,1,57
711,516,0,299
710,646,1,47
743,486,0,260
774,576,0,285
783,512,0,24
792,478,1,45
795,654,0,124
816,554,1,309
844,508,1,89
845,570,1,34
853,616,0,44
905,560,0,314
946,491,0,7
957,622,0,43
952,514,1,7
976,557,1,33
994,528,0,1
999,632,0,261
1001,572,1,345
1029,619,1,274
1054,663,1,344
1083,493,0,7
1106,572,1,329
1133,560,1,81
1143,653,0,189
1169,487,0,355
1161,541,1,70
1164,512,1,307
1215,536,0,3
1223,629,0,7
1257,667,0,23
1258,475,0,355
1256,506,0,344
1300,509,0,55
1350,508,0,322
1401,552,0,1
1479,612,0,15
1493,644,1,298
1517,487,0,7
1546,645,1,83
1564,566,0,9
1572,596,1,11
1582,616,0,3
1622,511,0,8
1627,631,1,36
1665,637,0,25
1754,653,0,184
1758,622,1,2
1773,595,0,7
1796,491,0,205
1852,637,0,354
1863,576,0,74
1886,500,0,0
1931,550,0,335
1962,666,0,346
103,1437,0,349
111,1363,0,264
178,1340,1,84
200,1421,0,295
211,1308,0,281
227,1360,0,346
237,1314,1,29
276,1345,0,298
283,1413,0,256
284,1464,1,76
323,1392,0,245
327,1321,0,310
347,1440,0,331
390,1404,1,289
390,1435,1,327
441,1335,0,20
442,1375,1,298
457,1386,0,324
468,1451,1,349
472,1408,0,293
522,1330,1,42
557,1392,0,301
564,1300,0,28
614,1361,0,53
623,1456,1,342
637,1421,0,67
654,1315,0,2
690,1370,0,8
716,1404,0,10
722,1453,0,126
715,1471,0,177
747,1314,0,95
765,1374,0,6
781,1454,1,296
792,1416,0,316
798,1309,0,258
820,1471,0,194
833,1394,1,4
859,1294,0,11
871,1386,0,220
884,1438,0,338
912,1472,1,355
925,1413,0,295
941,1357,0,353
936,1483,0,317
965,1382,1,336
980,1448,0,50
1053,1431,0,227
1070,1470,1,315
1083,1357,0,343
1084,1437,0,55
1103,1476,0,340
1097,1397,1,53
1129,1392,0,53
1145,1440,0,241
1203,1416,0,1
1241,1479,0,5
1273,1303,0,64
1291,1441,0,330
1310,1382,0,10
1316,1328,0,13
1325,1301,0,18
1338,1352,0,354
1330,1427,0,109
1353,1413,1,270
1369,1454,0,155
1391,1323,0,10
1402,1428,0,305
1425,1371,0,32
1424,1402,1,43
1439,1485,0,14
1465,1313,0,21
1459,1444,0,189
1490,1387,0,282
1505,1480,0,316
1551,1462,0,121
1559,1360,0,231
1592,1450,0,269
1616,1327,1,297
1631,1355,0,290
1650,1443,0,269
1654,1316,0,179
1676,1380,0,289
1703,1344,0,319
1732,1429,0,236
1756,1350,0,261
1771,1453,0,95
1827,1350,0,64
1826,1479,0,242
1842,1408,0,17
1892,1416,0,256
1913,1475,0,311
1922,1424,0,305
1945,1407,0,310
1948,1352,0,350
1976,1309,0,120
1983,1442,0,16
1986,1400,0,354
2011,1298,0,333
2025,1475,0,206
2022,1348,0,222
2051,1421,0,344
2051,1373,0,265
2060,1450,0,343
2068,1488,0,324
2085,1382,0,277
2108,1428,0,325
2108,1312,0,285
2126,1377,0,303
2131,1475,0,355
2155,1319,0,83
2198,1349,0,28
2202,1406,0,21
2229,1444,0,359
2259,1383,0,337
2269,1352,0,359
2352,1329,0,349
2390,1490,0,323
2426,1392,0,358
2432,1462,0,356
2432,1425,0,359
2432,1290,0,351
2435,1351,0,235
2473,1348,0,352
104,1549,0,232
124,1501,0,344
162,1687,0,11
181,1579,0,40
189,1613,0,359
199,1515,0,68
215,1665,0,328
241,1606,0,135
259,1576,0,333
276,1552,0,333
288,1614,1,69
295,1642,0,13
308,1530,0,182
313,1689,1,340
339,1568,0,154
343,1641,0,245
370,1669,0,225
389,1526,1,66
389,1601,0,276
412,1581,0,14
432,1493,0,85
447,1647,0,52
467,1601,0,6
468,1559,0,92
476,1693,0,2
495,1535,0,123
518,1499,0,105
546,1528,1,4
568,1664,1,357
601,1656,0,1
597,1498,1,308
617,1602,0,133
719,1541,0,139
730,1685,0,18
733,1615,0,298
755,1499,1,1
790,1548,0,35
865,1566,0,344
859,1620,1,342
884,1697,1,70
933,1549,1,320
944,1526,0,315
955,1595,0,325
996,1499,0,189
988,1669,1,309
1009,1572,0,63
1036,1655,0,195
1045,1608,0,24
1043,1518,1,71
1093,1609,1,335
1094,1670,1,327
1097,1547,1,47
1124,1664,0,294
1158,1517,0,353
1182,1618,0,17
1196,1680,0,6
1232,1543,0,125
1228,1586,0,63
1261,1599,0,236
1306,1630,0,340
1312,1675,0,337
1334,1593,0,20
1336,1556,0,40
1352,1624,1,304
1354,1503,1,313
1375,1658,0,10
1391,1605,0,165
1399,1508,0,149
1408,1540,0,7
1406,1568,0,1
1445,1694,0,135
1480,1532,0,94
1498,1678,0,62
1527,1575,0,9
1545,1683,0,200
1576,1617,0,289
1586,1558,0,146
1600,1684,0,281
1615,1635,0,91
1664,1636,0,342
1709,1504,0,51
1700,1532,0,312
1729,1626,0,278
1737,1508,0,20
1769,1638,0,262
1782,1603,0,3
1780,1537,0,248
1799,1645,0,81
1805,1552,0,31
1840,1608,0,287
1869,1529,0,190
1891,1578,0,337
1942,1682,0,343
1942,1557,0,228
1996,1560,0,37
2005,1514,0,186
2028,1666,0,211
2048,1602,0,191
2059,1553,0,234
2135,1524,0,13
2141,1569,0,209
2162,1609,0,348
2217,1585,0,345
2224,1493,0,188
2318,1538,0,3
69,1810,0,24
81,1879,0,4
87,1836,0,224
128,1736,0,154
137,1799,0,112
140,1885,0,295
185,1705,1,36
194,1738,0,247
192,1812,0,259
232,1766,1,7
247,1810,0,42
258,1865,0,93
312,1836,0,284
338,1737,1,34
341,1784,0,252
358,1864,0,311
374,1715,0,209
423,1768,0,323
441,1872,0,213
444,1821,0,209
462,1756,0,143
494,1739,1,319
526,1784,0,247
545,1719,0,10
568,1815,1,25
647,1771,1,280
653,1857,0,284
676,1756,0,107
676,1847,1,307
692,1810,0,146
698,1893,1,359
737,1886,0,73
744,1785,0,92
778,1846,1,354
779,1817,1,337
794,1753,0,58
810,1798,0,70
805,1861,1,294
840,1858,0,356
890,1775,0,330
881,1877,1,279
904,1877,0,100
963,1804,1,287
989,1757,1,49
1003,1864,0,226
1009,1749,0,27
1040,1820,1,309
1053,1886,0,331
1069,1819,0,3
1078,1725,0,48
1112,1846,0,16
1178,1780,0,4
1200,1731,1,25
1247,1853,0,344
1241,1778,0,149
1263,1765,0,80
1316,1882,0,22
1323,1819,0,12
1372,1776,0,358
1372,1736,0,321
1398,1701,0,334
1395,1862,1,1
1400,1819,0,293
1415,1891,0,33
1464,1737,0,10
1528,1743,0,295
1534,1831,0,38
1550,1810,1,7
1564,1873,0,19
1584,1780,0,254
1655,1762,0,10
1816,1728,0,103
1863,1738,0,42
1946,1788,0,308
2013,1746,0,206
2015,1805,0,260
2091,1820,0,339
2138,1734,0,13
75,797,0,162
133,830,0,353
135,759,0,219
160,690,0,128
184,821,0,5
177,762,1,338
191,785,0,33
205,747,1,54
210,843,0,352
211,872,1,331
222,711,0,139
233,793,0,211
252,847,0,67
258,688,1,58
276,740,0,24
285,847,0,45
278,710,0,35
286,779,0,88
318,868,0,74
339,673,0,332
367,811,1,310
375,673,0,295
382,868,0,181
385,745,0,328
411,692,0,273
445,845,0,347
438,739,0,278
455,673,0,111
488,729,0,338
498,857,1,326
507,786,0,5
522,674,0,27
525,854,0,275
552,766,1,19
574,712,0,7
577,750,1,88
591,785,0,16
616,834,0,253
646,734,0,328
660,831,0,56
703,854,0,334
709,734,0,56
710,675,1,274
730,825,0,329
736,782,1,78
764,867,0,23
763,707,1,273
769,805,0,333
842,690,1,64
866,861,1,293
880,805,0,46
900,711,0,315
921,675,1,68
952,839,0,199
973,741,1,291
983,684,0,185
1020,868,0,357
1026,709,1,273
1049,817,1,317
1051,755,1,7
1081,828,0,106
1104,725,1,318
1104,786,1,70
1139,749,0,228
1159,760,1,33
1188,714,0,331
1217,788,0,72
1221,839,0,25
1256,871,0,342
1300,731,0,66
1316,760,0,2
1322,672,0,217
1327,816,0,274
1385,735,0,101
1388,851,0,39
1427,795,0,328
1433,671,0,32
1444,750,0,108
1465,845,0,349
1485,688,0,6
1488,793,0,79
1489,735,1,332
1516,809,1,24
1536,672,0,329
1544,706,1,318
1541,802,0,3
1549,837,0,27
1570,773,0,189
1569,748,1,324
1583,804,0,356
1599,716,0,111
1619,842,1,300
1628,872,0,195
1649,791,0,345
1649,737,1,357
1653,676,1,26
1671,706,0,354
1670,765,0,353
1682,871,0,97
1713,832,0,328
1740,733,0,176
1745,806,0,345
1753,678,1,62
1790,685,0,9
1798,794,0,141
1815,747,0,246
1821,829,0,22
1881,729,1,76
1899,829,0,354
1901,759,0,235
1909,684,1,64
1936,806,0,107
1981,727,0,32
1981,785,0,335
1990,834,0,42
2029,726,0,33
2043,766,0,359
2090,697,0,319
2137,831,0,8
2184,769,0,174
2236,827,0,121
2258,816,0,80
2282,856,0,2
117,996,0,342
114,926,0,65
146,1072,0,103
153,965,0,264
164,887,0,301
173,1068,1,34
186,1026,0,21
203,927,0,345
202,984,0,313
208,1046,0,226
218,902,0,336
233,1066,1,45
238,1007,1,3
246,947,0,190
260,991,1,324
273,896,0,234
280,1028,0,54
314,933,0,339
311,1029,1,58
324,1048,0,23
350,998,0,32
358,925,0,114
370,1074,0,51
380,893,0,183
395,1031,0,324
461,1019,0,168
471,996,1,41
516,932,0,344
531,963,0,10
524,995,1,19
522,1055,1,353
549,905,0,354
551,1023,0,274
578,935,1,0
601,972,0,11
676,1055,0,31
685,963,0,296
681,874,1,22
732,906,0,11
732,1055,0,138
736,1001,0,312
783,1007,0,134
813,921,1,44
837,1039,0,97
846,960,0,229
877,1051,0,277
889,939,1,311
913,912,0,75
916,1014,1,281
923,964,0,232
945,973,1,25
961,1005,0,238
981,919,0,261
998,1035,0,46
1027,973,0,20
1023,951,1,29
1034,897,0,175
1049,1056,0,337
1083,918,0,133
1101,970,1,67
1117,1032,0,30
1140,920,0,320
1147,1079,0,76
1156,999,1,28
1157,1032,1,0
1197,894,0,130
1216,1017,0,152
1290,1051,0,107
1342,914,0,21
1352,995,0,197
1400,1012,0,254
1419,933,0,339
1422,878,0,18
1435,911,0,35
1433,1020,0,251
1469,993,0,88
1488,948,0,335
1485,915,1,81
1499,1050,0,0
1510,996,1,79
1530,897,0,10
1536,927,0,12
1539,948,1,329
1544,1005,0,32
1584,1040,0,15
1607,953,0,23
1625,1053,0,318
1644,907,0,160
1653,1018,0,181
1655,1073,0,68
1702,1009,0,8
1704,1038,0,359
1729,939,0,147
1730,1077,0,353
1755,1036,0,33
1762,915,0,315
1765,982,0,198
1806,952,0,8
1806,1032,0,74
1823,895,0,350
1842,991,0,169
1845,1054,0,187
1854,931,0,174
1862,963,0,332
1889,1018,0,196
1897,911,0,342
1908,959,0,149
1917,876,0,125
1923,1036,0,208
1954,1062,0,233
1966,986,0,111
1981,898,0,70
2007,948,0,58
2028,989,0,336
2059,956,0,20
2092,1058,0,178
2130,930,0,352
2159,1048,0,168
2155,973,0,26
2202,1006,0,344
2199,1052,0,19
2225,1045,0,202
2223,1076,0,170
2225,888,0,9
2229,975,0,358
2230,938,0,351
2276,1073,0,300
2284,1004,0,194
2289,923,0,343
2310,889,0,348
2309,1035,0,41
2328,963,0,22
2400,1060,0,13
2464,984,0,172
2472,879,0,356
99,1236,0,316
123,1160,1,64
151,1143,1,64
176,1271,0,141
190,1228,0,335
182,1096,0,19
214,1128,0,198
221,1184,0,37
234,1282,0,211
237,1255,0,289
246,1225,0,342
271,1199,0,216
286,1104,0,333
307,1164,0,340
317,1257,0,31
321,1209,0,53
372,1131,0,193
392,1284,1,8
409,1248,0,332
413,1211,0,337
423,1094,0,101
431,1145,0,184
455,1177,0,354
470,1084,0,0
469,1207,1,294
469,1271,1,286
492,1234,0,18
499,1117,0,341
517,1266,0,205
522,1148,1,345
530,1184,0,32
544,1223,1,85
555,1082,0,191
548,1132,1,83
578,1142,0,115
607,1120,0,112
634,1177,0,203
653,1093,0,333
647,1125,0,306
652,1222,0,249
685,1272,0,179
697,1217,0,12
705,1253,1,326
730,1159,0,163
735,1140,1,336
759,1224,1,308
758,1257,1,350
775,1094,0,37
798,1149,0,140
809,1256,0,344
812,1196,1,1
826,1105,0,18
863,1258,1,340
865,1227,1,282
895,1182,0,121
893,1120,1,29
916,1227,1,38
934,1260,0,319
942,1122,1,321
989,1283,0,62
995,1121,1,303
999,1178,0,107
1015,1230,1,313
1049,1202,0,303
1054,1281,0,219
1060,1122,0,225
1098,1154,1,87
1147,1081,0,79
1179,1169,1,12
1212,1166,0,4
1235,1265,0,16
1237,1215,0,355
1239,1098,0,95
1315,1181,0,115
1358,1220,0,40
1362,1104,0,130
1383,1243,0,223
1381,1157,1,341
1413,1174,0,334
1406,1203,0,324
1415,1278,0,281
1433,1114,0,18
1449,1233,0,342
1477,1182,0,327
1483,1122,1,9
1491,1264,0,56
1497,1143,0,188
1510,1172,1,351
1532,1271,0,292
1535,1218,1,322
1569,1223,0,347
1580,1156,0,332
1584,1274,0,323
1595,1088,0,93
1619,1235,0,275
1633,1215,0,118
1633,1276,0,180
1644,1154,0,92
1673,1272,0,61
1673,1234,1,348
1681,1180,0,84
1716,1109,0,337
1725,1262,0,307
1724,1207,1,272
1777,1231,0,203
1773,1177,1,285
1786,1120,0,239
1789,1277,0,39
1819,1162,0,0
1800,1196,1,53
1814,1130,0,2
1823,1245,0,172
1838,1232,0,98
1858,1087,0,207
1876,1184,0,12
1884,1278,0,105
1891,1215,0,20
1895,1100,0,232
1919,1143,0,103
1940,1197,0,71
1947,1116,0,309
1958,1244,0,48
1964,1139,0,149
1990,1129,0,66
2002,1259,0,351
2034,1175,0,334
2058,1252,0,97
2067,1100,0,47
2078,1136,0,174
2095,1201,0,178
2099,1158,0,39
2105,1256,0,35
2128,1172,0,30
2131,1110,0,134
2158,1227,0,81
2188,1110,0,96
2192,1247,0,95
2200,1169,0,342
2223,1224,0,316
2232,1281,0,220
2253,1122,0,349
2271,1167,0,325
2293,1251,0,56
2323,1107,0,359
2317,1167,0,80
2333,1227,0,94
2375,1253,0,17
2378,1144,0,30
2384,1185,0,185
2454,1136,0,161
