80,2026,0,292
98,1922,0,342
102,2049,1,71
216,2027,0,252
254,1919,0,306
263,2045,0,307
286,1976,0,336
281,2009,1,89
311,1959,1,345
333,1918,1,31
334,2033,1,73
344,2085,0,330
362,1936,0,212
381,2037,0,16
386,1950,1,49
388,2006,1,272
419,2079,0,21
419,1996,0,127
411,2054,1,9
415,1960,1,350
434,1936,0,347
442,2036,0,26
440,1914,1,326
463,2051,1,40
463,2082,1,25
483,1985,0,20
536,1973,0,97
545,2098,0,9
592,1980,1,322
594,1921,1,86
592,1950,1,280
604,2095,0,130
628,2000,0,244
651,1939,0,346
699,1982,1,301
726,1998,0,169
764,2016,0,33
798,2072,0,171
809,1970,0,7
804,1948,1,19
840,1919,0,71
857,1985,1,42
894,1985,0,37
886,2026,1,13
929,2004,0,212
942,2051,0,355
936,1908,1,308
1003,1906,0,21
1012,1988,0,204
1045,1970,1,20
1097,1986,0,353
1277,2058,0,8
130,2282,0,339
224,2268,0,198
306,2118,0,329
341,2173,0,178
388,2189,0,213
400,2256,0,131
443,2212,0,280
470,2153,0,60
484,2242,0,77
529,2175,0,357
539,2128,1,88
595,2139,0,348
672,2230,0,220
735,2164,0,281
795,2188,0,70
850,2213,0,355
70,2374,0,210
2453,2519,0,69
590,233,0,142
885,232,0,7
2517,216,0,263
151,362,0,19
204,388,0,248
227,379,0,283
236,318,0,346
262,354,1,44
275,459,0,309
290,394,0,354
321,368,0,329
336,461,0,56
347,271,0,36
354,347,0,8
375,444,0,357
388,415,0,357
448,348,0,55
461,417,0,46
509,260,0,52
527,383,1,39
566,407,0,288
657,383,0,190
669,328,0,134
680,431,0,231
690,354,1,39
714,310,0,85
713,341,1,90
738,445,1,74
756,369,0,11
770,440,0,294
775,303,0,113
818,421,0,318
831,304,0,52
864,378,0,348
872,405,1,13
1086,422,0,44
1840,435,0,8
78,626,0,14
110,495,0,165
183,466,0,67
199,649,0,336
199,572,0,25
207,534,1,276
235,613,1,87
244,526,0,140
276,545,0,229
314,591,0,347
316,566,1,326
314,627,1,86
316,659,1,353
335,464,0,57
344,493,1,25
352,619,0,21
366,474,0,242
374,565,0,150
393,487,1,5
396,551,1,318
406,508,0,198
414,607,0,18
428,636,0,11
475,572,0,147
475,536,1,352
502,512,0,239
544,601,0,301
580,657,1,305
598,524,0,240
629,628,0,213
645,591,0,135
658,552,1,76
658,523,1,90
682,662,0,15
700,516,0,301
742,484,0,243
778,514,0,27
778,573,0,277
792,478,1,350
794,652,0,122
817,554,1,295
818,462,1,300
844,509,1,273
845,570,1,44
855,616,0,45
902,561,0,311
948,625,0,41
954,491,0,4
952,514,1,354
975,557,1,36
998,526,0,185
998,624,0,264
1001,572,1,2
1028,619,1,280
1054,663,1,334
1053,511,1,6
1084,492,0,16
1104,572,1,291
1129,568,0,255
1142,653,0,190
1169,488,0,355
1161,541,1,67
1165,513,1,294
1214,535,0,5
1224,629,0,8
1260,475,0,358
1259,503,0,359
1297,517,0,43
1319,665,0,264
1399,549,0,7
1477,616,0,6
1493,645,1,3
1515,488,0,10
1546,645,1,55
1558,566,0,6
1561,616,0,353
1572,596,1,356
1622,511,0,8
1626,629,1,2
1664,637,0,20
1730,631,1,55
1763,653,0,181
1757,620,1,3
1773,590,0,355
1796,487,0,182
1843,519,0,13
1852,640,0,352
1865,577,0,87
1930,549,0,334
1962,666,0,347
103,1437,0,350
111,1364,0,265
176,1341,1,72
202,1426,0,305
223,1297,0,239
230,1362,0,344
273,1336,0,307
283,1415,0,261
283,1464,1,80
326,1324,0,307
329,1383,0,211
347,1439,0,155
390,1404,1,308
390,1435,1,326
441,1375,1,282
451,1327,0,37
468,1451,1,8
473,1404,0,295
477,1354,0,28
510,1307,0,24
521,1330,1,56
560,1395,0,331
567,1295,0,23
614,1365,0,49
623,1455,1,299
646,1309,0,343
649,1429,0,90
671,1365,0,21
713,1408,0,10
721,1453,0,126
744,1369,0,7
756,1319,0,119
782,1454,1,297
791,1409,0,336
795,1305,0,280
836,1471,0,183
833,1394,1,35
835,1451,1,0
857,1293,0,16
871,1385,0,218
883,1439,0,348
912,1472,1,5
932,1411,0,263
942,1358,0,352
961,1457,0,44
966,1383,1,347
1055,1431,0,223
1086,1353,0,345
1097,1397,1,56
1097,1460,1,296
1123,1490,0,342
1129,1392,0,53
1143,1446,0,241
1205,1417,0,12
1241,1479,0,6
1241,1298,0,9
1276,1329,0,91
1279,1417,0,324
1309,1391,0,1
1329,1292,0,31
1334,1353,0,329
1353,1413,1,274
1375,1464,0,330
1387,1387,0,218
1391,1324,0,34
1397,1428,0,286
1427,1365,0,28
1424,1401,1,296
1428,1333,0,225
1441,1487,0,10
1459,1429,0,325
1467,1313,0,20
1479,1377,0,292
1559,1482,0,121
1562,1346,0,242
1598,1439,0,247
1627,1333,0,279
1660,1410,0,239
1674,1354,0,306
1696,1323,0,321
1728,1434,0,228
1778,1461,0,103
1786,1344,0,207
1825,1406,0,34
1829,1355,0,44
1833,1464,0,249
1838,1319,0,28
1876,1287,0,97
1883,1421,0,283
1913,1416,0,298
1921,1471,0,307
1918,1431,1,270
1925,1293,0,81
1938,1403,0,292
1964,1343,0,272
1974,1443,0,21
1993,1401,0,320
1998,1462,0,11
2000,1293,0,99
2014,1348,0,235
2035,1288,0,110
2047,1486,0,334
2049,1448,0,336
2055,1365,0,248
2059,1415,0,358
2092,1302,0,19
2093,1362,0,257
2100,1454,0,197
2122,1422,0,308
2133,1360,0,285
2140,1459,0,356
2167,1322,0,60
2192,1367,0,40
2215,1416,0,12
2233,1445,0,7
2246,1384,0,5
2264,1352,0,344
2356,1329,0,180
2392,1490,0,320
2409,1392,0,4
2429,1465,0,355
2432,1326,0,358
2433,1422,0,13
104,1550,0,232
120,1499,0,347
162,1687,0,8
189,1616,0,353
189,1573,0,220
201,1509,0,101
215,1665,0,327
240,1607,0,144
249,1573,0,163
235,1522,1,352
273,1550,0,327
262,1597,1,318
287,1613,1,291
302,1531,0,183
297,1641,0,12
312,1690,1,5
341,1568,0,154
348,1635,0,217
381,1666,0,235
389,1526,1,271
389,1604,0,287
407,1578,0,17
413,1632,1,0
430,1506,0,87
436,1647,0,66
441,1672,0,0
458,1600,0,10
466,1697,0,25
468,1560,0,77
498,1534,0,117
516,1500,0,111
546,1528,1,8
599,1649,0,341
597,1498,1,313
617,1602,0,135
726,1556,0,139
733,1681,0,29
733,1612,0,298
755,1499,1,2
797,1549,0,35
865,1560,0,333
859,1620,1,342
885,1697,1,65
927,1513,0,336
934,1548,1,336
940,1588,0,317
989,1612,0,62
988,1669,1,270
1013,1504,0,196
1041,1613,0,25
1042,1550,1,8
1054,1646,0,229
1093,1608,1,322
1094,1671,1,327
1097,1547,1,47
1114,1655,0,310
1152,1523,0,359
1183,1624,0,9
1201,1671,1,0
1231,1542,0,128
1270,1684,0,126
1297,1554,0,234
1301,1629,0,156
1332,1669,0,5
1337,1601,0,356
1345,1551,0,58
1352,1625,1,35
1394,1512,0,338
1396,1569,0,345
1405,1542,0,351
1404,1625,0,84
1438,1692,0,153
1476,1525,0,94
1509,1684,0,42
1529,1571,0,306
1550,1684,0,234
1579,1618,0,291
1593,1684,0,278
1605,1538,0,213
1617,1654,0,88
1645,1593,0,111
1656,1625,0,324
1650,1607,0,337
1707,1495,0,49
1736,1508,0,13
1735,1632,0,255
1770,1639,0,261
1781,1603,0,5
1782,1542,0,254
1799,1642,0,83
1813,1547,0,217
1835,1592,0,319
1866,1532,0,345
1874,1571,0,332
1935,1688,0,323
1944,1555,0,214
1973,1587,0,23
2009,1517,0,188
2026,1664,0,223
2056,1551,0,262
2094,1577,0,215
2131,1518,0,17
2160,1560,0,210
2161,1610,0,340
2219,1586,0,344
2228,1495,0,0
69,1809,0,27
81,1878,0,1
86,1836,0,48
129,1739,0,342
129,1764,1,27
134,1808,0,93
142,1874,0,307
185,1705,1,42
192,1740,0,247
192,1810,0,259
232,1766,1,45
233,1856,1,288
244,1815,0,40
263,1867,0,96
303,1828,0,281
338,1785,0,255
338,1737,1,291
364,1721,0,219
366,1852,0,284
387,1707,1,299
419,1768,0,321
440,1871,0,229
444,1822,0,212
460,1751,0,142
495,1740,1,325
521,1784,0,254
544,1720,0,8
568,1815,1,25
648,1770,1,271
652,1856,0,281
676,1847,1,356
688,1761,0,122
692,1810,0,147
698,1892,1,19
736,1888,0,69
748,1800,0,107
778,1846,1,309
781,1817,1,326
793,1749,0,58
810,1802,0,77
844,1855,0,347
866,1752,0,334
882,1877,1,284
906,1869,0,98
963,1804,1,290
991,1759,1,59
1003,1864,0,226
1011,1748,0,29
1040,1819,1,288
1053,1885,0,332
1070,1819,0,2
1081,1730,0,79
1112,1846,0,20
1158,1715,0,51
1176,1778,0,19
1248,1853,0,343
1251,1781,0,181
1262,1756,0,104
1287,1745,0,82
1317,1882,0,21
1323,1819,0,11
1324,1848,1,344
1372,1740,0,328
1380,1779,0,348
1400,1712,0,335
1395,1862,1,348
1398,1815,0,307
1415,1891,0,34
1464,1738,0,1
1524,1831,0,22
1526,1740,0,283
1564,1872,0,19
1582,1775,0,267
1655,1762,0,9
1819,1728,0,100
1859,1739,0,38
1945,1788,0,308
2012,1740,0,201
2023,1798,0,257
2091,1820,0,339
2138,1734,0,13
74,799,0,191
134,834,0,177
135,751,0,265
165,683,0,111
184,783,0,24
184,820,0,12
177,760,1,33
201,721,1,0
204,748,1,46
218,845,0,168
214,871,0,346
220,708,0,137
237,796,0,218
232,764,1,336
252,857,0,69
258,688,1,64
282,738,0,20
289,844,0,43
287,779,0,87
321,870,0,73
341,674,0,291
371,746,0,351
367,811,1,309
373,673,0,281
379,868,0,181
407,693,0,272
445,845,0,346
444,714,0,266
466,669,0,155
494,737,0,14
502,787,0,15
498,857,1,314
525,853,0,284
536,672,0,24
553,766,1,25
568,708,0,9
577,750,1,21
587,785,0,9
617,834,0,251
637,724,0,306
667,845,0,40
705,854,0,157
709,734,0,56
719,819,0,308
736,783,1,36
751,867,0,17
763,707,1,308
770,811,0,302
841,690,1,275
842,813,1,340
872,802,0,20
866,861,1,299
875,801,0,23
900,715,0,317
922,676,1,56
968,834,0,208
973,741,1,293
990,683,0,181
1020,868,0,354
1026,709,1,272
1051,755,1,8
1051,815,1,314
1095,831,0,132
1104,725,1,314
1128,735,1,49
1150,747,0,211
1188,712,0,343
1213,800,0,63
1222,849,0,31
1257,668,0,13
1258,873,0,5
1298,702,0,277
1316,759,0,357
1327,816,0,275
1382,846,0,23
1385,735,0,102
1424,674,0,29
1427,795,0,328
1440,749,0,111
1481,688,0,22
1484,773,0,87
1489,829,0,8
1487,856,1,327
1489,735,1,11
1516,806,1,344
1535,669,0,329
1540,850,0,31
1543,706,1,8
1568,748,1,347
1585,775,0,181
1590,718,0,106
1618,843,1,272
1617,872,1,303
1619,749,1,37
1652,793,0,193
1653,756,0,354
1650,734,1,351
1653,676,1,39
1655,847,0,239
1668,709,0,358
1713,835,0,311
1713,783,0,17
1741,733,0,176
1750,809,0,349
1754,679,1,75
1794,691,0,11
1804,800,0,130
1818,746,0,237
1824,831,0,12
1881,729,1,0
1901,829,0,354
1899,760,0,231
1908,684,1,69
1922,873,0,142
1938,815,0,99
1971,737,0,34
1979,785,0,334
1986,841,0,53
2023,731,0,42
2045,766,0,1
2072,674,0,316
2137,831,0,8
2184,771,0,176
2243,813,0,70
2280,855,0,194
117,997,0,340
113,927,0,69
146,1072,0,103
154,961,0,263
165,892,0,306
174,1068,1,42
185,1029,0,31
198,985,0,314
209,1046,0,223
212,899,0,327
225,947,0,16
233,1066,1,45
236,1006,1,20
260,991,1,320
274,895,0,212
273,1041,0,66
313,935,0,334
321,1053,0,22
339,1002,0,44
358,1072,0,50
360,932,0,108
366,1022,0,276
381,893,0,180
395,1029,0,314
460,1019,0,167
472,996,1,51
522,966,0,17
523,996,1,42
542,912,0,353
548,1026,0,279
578,935,1,37
594,973,0,15
626,1077,0,319
675,1054,0,42
679,965,0,319
681,874,1,6
729,910,0,0
736,1001,0,311
764,1058,0,159
790,1005,0,355
813,921,1,38
811,1043,1,84
814,891,1,75
834,1044,0,89
840,964,0,66
840,936,1,352
875,1046,0,283
890,939,1,300
892,1027,1,307
911,913,0,71
916,1014,1,286
921,975,0,213
941,937,1,344
973,909,0,250
982,969,0,246
988,1042,0,57
1030,973,0,19
1033,1072,0,22
1034,898,0,170
1091,927,0,133
1118,1033,0,10
1139,924,0,309
1155,999,1,39
1213,1012,0,148
1230,924,0,129
1294,1052,0,135
1340,1001,0,173
1341,915,0,19
1380,1038,1,351
1401,882,0,9
1400,996,0,256
1421,934,0,340
1435,909,0,34
1436,1023,0,252
1469,989,0,97
1487,947,0,327
1484,916,1,79
1500,1050,0,0
1509,992,1,61
1516,897,0,12
1526,1014,0,12
1534,927,0,1
1533,1066,1,291
1538,948,1,322
1587,967,0,23
1595,1041,0,356
1617,903,1,318
1633,1065,1,310
1663,1018,0,348
1665,918,0,120
1691,877,0,100
1702,1037,0,358
1704,1008,0,3
1729,938,0,119
1760,1033,0,35
1762,919,0,310
1766,983,0,202
1804,952,0,13
1807,1032,0,82
1835,884,0,178
1840,1046,0,207
1846,970,0,15
1857,928,0,167
1866,993,0,201
1867,1076,0,238
1900,907,0,345
1914,1002,0,213
1924,947,0,210
1926,1039,0,196
1957,1063,0,235
1965,986,0,117
1980,907,0,75
2007,951,0,55
2028,988,0,3
2066,948,0,25
2098,1058,0,176
2129,933,0,352
2153,1041,0,335
2148,974,0,21
2203,1000,0,356
2228,888,0,15
2223,1048,0,272
2230,940,0,352
2232,975,0,1
2289,923,0,345
2288,1005,0,215
2285,1073,0,149
2309,1035,0,35
2318,888,0,339
2328,963,0,21
2400,1060,0,13
2465,985,0,172
2471,879,0,357
99,1236,0,316
123,1160,1,61
151,1142,1,304
190,1229,0,335
183,1096,0,20
181,1277,0,115
223,1186,0,5
224,1133,0,355
230,1285,0,205
237,1257,0,126
248,1226,0,166
286,1108,0,340
303,1164,0,340
314,1261,0,29
323,1207,0,45
367,1121,0,223
389,1243,0,321
391,1284,1,338
415,1215,0,146
428,1145,0,3
425,1095,0,97
454,1177,0,352
454,1202,0,162
471,1084,0,357
470,1209,1,310
468,1271,1,310
490,1234,0,35
498,1115,0,340
519,1265,0,213
527,1184,0,31
544,1223,1,324
552,1083,0,191
577,1142,0,115
607,1121,0,111
637,1178,0,188
652,1221,0,252
696,1279,0,150
698,1218,0,11
691,1182,0,2
706,1255,1,341
736,1144,1,349
745,1107,0,343
745,1167,0,163
759,1224,1,320
769,1085,0,351
796,1149,0,136
807,1255,0,339
812,1195,1,346
831,1114,0,5
863,1258,1,322
865,1226,1,281
916,1191,0,336
916,1228,1,88
924,1268,0,336
942,1122,1,321
988,1282,0,56
988,1192,0,100
995,1121,1,312
1017,1230,1,275
1036,1187,0,313
1048,1155,1,344
1074,1258,0,226
1075,1115,0,256
1098,1154,1,84
1142,1086,0,63
1151,1274,1,55
1155,1152,1,90
1201,1165,0,8
1234,1271,0,7
1237,1211,0,359
1238,1097,0,98
1236,1145,0,356
1237,1239,0,350
1311,1190,0,94
1316,1246,0,282
1360,1220,0,33
1352,1204,0,71
1370,1105,0,110
1382,1158,1,303
1391,1235,0,244
1417,1170,0,335
1420,1275,0,295
1428,1106,0,335
1454,1230,0,184
1457,1205,0,180
1452,1263,0,286
1488,1183,0,322
1484,1123,1,353
1490,1266,0,60
1496,1142,0,188
1511,1170,1,328
1522,1261,0,279
1551,1230,0,315
1579,1194,0,5
1581,1157,0,330
1591,1098,0,63
1589,1250,1,285
1619,1239,0,294
1634,1162,0,118
1643,1225,0,119
1657,1081,0,65
1661,1273,0,27
1676,1235,1,286
1683,1181,0,84
1721,1125,0,124
1721,1257,0,287
1724,1207,1,6
1778,1236,0,193
1775,1179,1,310
1784,1282,0,43
1799,1106,0,195
1806,1155,0,354
1800,1194,1,78
1812,1128,0,3
1834,1259,0,94
1853,1102,1,46
1861,1187,0,339
1879,1223,0,10
1899,1086,0,226
1914,1151,0,79
1934,1207,0,78
1944,1119,0,304
1980,1132,0,89
2005,1249,0,184
2032,1196,0,95
2027,1262,0,294
2062,1242,0,84
2068,1100,0,47
2085,1158,0,343
2102,1247,0,41
2111,1200,0,144
2115,1131,0,148
2138,1102,0,120
2143,1177,0,27
2148,1265,0,50
2184,1103,0,132
2190,1149,0,328
2197,1248,0,104
2217,1210,0,290
2238,1276,0,235
2244,1088,0,159
2256,1122,0,349
2262,1173,0,318
2290,1261,0,81
2312,1169,0,72
2328,1109,0,359
2343,1214,0,108
2374,1247,0,332
2378,1145,0,30
2381,1189,0,167
2431,1285,0,337
2473,1140,0,143
2315,1539,0,349
1745,1079,0,183
