98,1927,0,4
124,1994,0,180
202,1931,1,353
220,1909,0,284
257,2028,0,286
286,1942,0,210
282,2008,1,89
310,1961,1,14
327,2020,0,45
333,1919,1,12
334,2066,1,294
374,2064,0,304
386,1946,1,287
393,2024,0,304
418,2081,0,21
413,1928,1,8
423,1995,0,120
436,1954,0,332
458,2023,0,29
465,1920,0,166
462,2083,1,314
463,2051,1,78
491,2069,1,293
496,2099,0,280
530,1961,0,283
544,2098,0,359
594,2105,0,318
592,1979,1,328
595,1922,1,65
592,1950,1,325
620,2053,0,139
651,1939,0,345
679,2078,0,106
700,1982,1,297
729,1990,0,52
739,1931,0,358
754,2016,0,34
798,2074,0,177
803,1951,1,273
808,2014,0,269
833,1951,0,90
856,1985,1,26
876,1934,0,259
886,2026,1,35
896,1983,0,44
929,2003,0,210
939,1909,1,66
1003,1906,0,24
1015,1985,0,214
1097,1986,0,348
1277,2064,0,142
182,2252,0,201
344,2174,0,180
398,2240,0,340
468,2152,0,138
539,2127,1,274
567,2170,0,231
621,2148,1,45
654,2155,0,358
696,2193,1,56
723,2243,0,220
761,2111,0,331
893,2219,0,145
1156,2233,0,258
73,2369,0,216
537,2477,0,312
538,2409,0,279
566,2317,0,348
2453,2519,0,67
538,255,0,341
812,142,0,239
885,232,0,9
2517,217,0,264
148,402,0,51
177,293,0,165
188,440,0,357
207,387,0,244
231,410,0,76
261,354,1,48
262,382,1,283
319,329,0,175
341,278,0,103
351,341,0,313
355,434,0,124
369,382,1,83
391,416,0,341
421,456,0,355
426,368,0,357
502,397,0,307
527,382,1,65
550,459,1,53
556,330,0,203
590,376,0,294
639,300,0,65
660,362,0,354
693,419,0,236
706,302,0,120
733,448,0,8
732,350,0,329
768,355,0,12
770,290,0,104
772,388,0,189
785,427,0,279
817,399,1,67
830,302,0,46
830,430,0,284
855,374,0,343
1060,425,0,60
1122,428,0,287
1169,341,0,271
1269,417,0,224
1308,460,0,101
1638,450,0,332
1841,433,0,82
109,490,0,178
167,481,0,199
171,532,0,93
212,648,0,196
208,535,1,87
234,613,1,323
243,523,0,343
279,612,0,331
282,550,0,218
297,652,0,197
314,505,1,47
318,569,1,307
323,604,0,332
340,492,1,78
350,552,0,78
352,641,0,26
353,468,0,316
368,480,0,297
395,489,1,20
396,552,1,280
404,516,0,194
410,599,0,167
475,536,1,4
473,658,1,7
481,478,0,239
555,491,0,242
579,657,1,338
586,560,0,308
596,483,0,59
610,605,0,206
631,629,0,265
659,552,1,356
658,523,1,37
682,650,0,12
685,506,1,72
704,649,1,322
764,520,1,85
774,490,0,156
793,474,1,320
809,532,0,228
817,463,1,333
819,557,1,31
849,640,0,336
845,508,1,302
845,570,1,65
892,564,0,249
896,510,1,90
945,504,0,16
945,651,0,107
973,614,0,314
975,555,1,11
1001,572,1,10
1003,480,1,55
1022,498,0,40
1031,619,0,324
1053,663,1,337
1094,600,0,38
1105,568,1,2
1112,656,0,25
1149,538,0,36
1159,489,0,7
1157,662,1,90
1161,635,1,45
1219,542,0,1
1248,464,0,355
1300,504,0,3
1308,462,0,90
1396,560,0,351
1395,476,0,288
1445,635,0,226
1492,644,1,328
1500,492,0,5
1504,544,0,235
1533,577,0,244
1562,662,0,116
1573,600,1,287
1621,512,0,4
1626,630,1,10
1653,647,1,279
1669,631,0,44
1687,481,0,343
1734,610,0,29
1731,635,1,3
1758,623,1,55
1850,648,0,166
1867,581,0,86
1928,546,0,350
1963,666,0,348
2021,527,0,132
2026,573,0,167
97,1328,0,56
100,1434,0,353
177,1341,0,253
184,1437,0,163
179,1314,1,34
212,1308,0,296
213,1368,0,305
229,1286,0,205
252,1398,0,234
266,1288,0,251
279,1414,0,250
284,1464,1,67
317,1317,0,30
310,1415,0,268
312,1295,1,55
344,1439,0,157
361,1374,0,177
364,1452,1,79
390,1436,1,343
398,1333,0,323
390,1406,1,335
425,1305,0,146
432,1428,0,101
438,1373,1,276
459,1390,0,274
469,1451,1,332
491,1348,0,310
521,1330,1,279
527,1294,0,323
551,1480,0,48
567,1379,0,93
585,1296,0,141
607,1423,0,23
623,1455,1,305
674,1450,0,332
691,1356,0,81
689,1414,0,242
721,1455,0,126
731,1424,0,322
731,1363,1,330
758,1378,1,330
771,1340,0,218
779,1402,0,4
801,1452,0,10
810,1287,1,301
830,1449,1,336
835,1395,1,24
834,1425,1,21
851,1483,0,171
855,1317,0,5
857,1352,0,8
908,1423,0,90
912,1471,1,327
959,1458,0,218
1027,1471,0,21
1018,1443,1,39
1033,1399,0,61
1089,1323,0,216
1108,1488,0,334
1097,1397,1,24
1118,1357,0,90
1157,1404,0,28
1162,1463,0,232
1185,1344,0,46
1233,1371,0,301
1251,1483,0,342
1265,1445,0,341
1294,1361,0,82
1311,1379,0,14
1320,1399,1,15
1333,1421,0,9
1344,1337,0,126
1383,1318,0,274
1423,1432,0,181
1417,1486,0,265
1424,1401,1,307
1427,1311,0,309
1453,1376,0,45
1509,1387,0,22
1514,1301,0,226
1546,1425,0,217
1562,1483,0,242
1573,1349,0,87
1584,1430,1,292
1618,1434,0,353
1637,1332,0,11
1655,1302,0,4
1677,1413,0,183
1683,1368,0,336
1715,1349,0,149
1723,1490,0,89
1737,1419,0,128
1753,1394,0,17
1761,1292,0,241
1769,1477,0,169
1778,1354,0,99
1793,1437,0,141
1802,1324,0,124
1816,1407,0,105
1864,1401,0,67
1871,1458,0,148
1877,1354,0,12
1892,1436,1,57
1911,1296,0,171
1922,1418,0,322
1924,1454,0,331
1929,1378,0,28
1934,1341,0,345
1985,1450,0,0
1984,1287,0,79
1988,1386,0,270
2030,1439,0,287
2036,1316,0,256
2037,1388,0,312
2075,1452,0,328
2094,1307,0,36
2114,1327,0,27
2118,1401,0,206
2122,1458,0,305
2138,1353,0,243
2171,1445,0,29
2181,1381,0,319
2196,1332,0,354
2211,1303,0,152
2248,1384,0,335
2257,1487,0,185
2262,1348,0,6
2270,1294,0,327
2313,1434,0,188
2316,1434,0,185
2341,1389,0,333
2345,1468,0,29
2366,1294,0,346
2424,1419,0,347
2441,1303,0,282
104,1549,0,232
165,1687,0,9
184,1576,0,36
189,1621,0,349
215,1666,0,337
233,1523,1,61
245,1576,0,24
266,1610,0,19
287,1524,0,210
289,1643,1,4
335,1547,0,281
357,1625,0,249
364,1661,1,23
390,1526,1,47
403,1579,0,177
408,1631,0,63
426,1684,0,70
431,1528,0,13
483,1679,0,24
501,1530,0,102
528,1690,0,229
545,1528,1,326
585,1632,0,4
586,1693,0,8
596,1498,1,323
621,1602,1,308
671,1637,0,84
679,1510,0,309
734,1612,0,319
743,1498,0,4
754,1680,0,160
802,1653,0,94
820,1561,0,346
860,1622,1,13
880,1600,0,355
884,1696,1,307
903,1531,0,287
936,1545,1,297
949,1508,0,18
962,1578,0,359
988,1668,1,56
1020,1565,0,343
1032,1515,0,191
1071,1583,0,0
1069,1559,0,198
1092,1609,1,336
1093,1670,1,334
1116,1530,0,26
1116,1682,0,338
1126,1651,0,355
1146,1569,0,139
1175,1611,0,28
1179,1493,0,10
1204,1551,0,352
1200,1671,1,344
1227,1509,0,270
1306,1524,0,42
1308,1660,0,33
1311,1605,0,153
1329,1697,0,288
1353,1623,1,314
1354,1502,1,316
1369,1634,0,319
1372,1584,0,312
1373,1665,0,221
1388,1529,0,346
1437,1682,0,37
1481,1512,0,4
1500,1639,0,0
1497,1552,0,61
1539,1591,0,339
1635,1504,0,272
1692,1507,0,165
1726,1596,0,259
1739,1659,0,188
1745,1525,0,52
1761,1628,0,180
1779,1601,0,352
1781,1533,0,231
1796,1645,0,65
1798,1677,0,17
1799,1549,1,63
1825,1539,0,266
1841,1612,0,141
1861,1536,0,279
1872,1567,0,292
1894,1627,0,285
1908,1679,0,357
1929,1531,0,29
1944,1558,1,69
2012,1652,0,352
2031,1506,0,230
2040,1553,0,44
2045,1591,0,19
2107,1552,0,357
2158,1604,0,303
2183,1505,0,31
2213,1586,0,345
2301,1536,0,358
2371,1501,0,357
63,1880,0,343
77,1821,0,76
89,1755,0,63
118,1880,0,297
134,1824,0,353
134,1795,0,354
147,1754,0,149
167,1881,0,330
183,1707,1,45
201,1827,0,261
214,1731,0,17
234,1856,1,29
250,1773,0,143
273,1832,0,212
295,1896,0,12
308,1702,0,310
326,1864,0,339
330,1793,0,280
337,1739,1,13
360,1724,0,47
374,1810,0,112
388,1707,1,298
396,1878,0,239
405,1739,0,13
441,1771,0,343
450,1846,0,192
450,1804,0,358
465,1874,1,292
472,1747,0,120
494,1736,1,316
513,1883,0,13
545,1710,1,37
556,1734,0,34
568,1814,1,81
587,1893,0,35
646,1773,1,61
649,1850,0,300
671,1789,1,332
683,1757,0,65
688,1898,0,37
699,1802,1,44
723,1841,0,29
726,1698,1,297
758,1728,0,325
756,1857,0,186
778,1846,1,3
778,1817,1,306
792,1882,0,185
805,1800,0,276
884,1877,1,286
889,1826,0,149
922,1890,0,234
963,1804,1,301
991,1748,0,9
999,1861,0,238
1052,1885,0,332
1068,1824,0,22
1087,1767,0,8
1098,1715,0,184
1113,1847,0,21
1166,1818,0,328
1173,1716,1,35
1200,1731,1,27
1265,1847,0,346
1320,1881,0,26
1323,1819,0,10
1396,1806,1,346
1395,1862,1,0
1402,1743,0,304
1417,1889,0,33
1470,1738,0,15
1465,1797,0,251
1512,1827,0,22
1521,1700,0,327
1560,1875,0,8
1591,1704,0,75
1654,1762,0,8
1740,1709,0,350
1737,1784,0,56
1830,1740,0,38
1945,1788,0,308
2002,1732,0,298
2066,1707,0,230
2092,1820,0,343
2137,1736,0,18
82,817,0,215
88,723,0,141
90,767,0,328
159,856,0,154
170,790,0,21
182,822,1,89
204,745,1,39
206,839,0,51
205,717,1,21
231,816,0,161
233,702,1,284
233,764,1,277
259,688,1,87
268,793,0,154
275,724,0,38
294,852,0,345
287,827,0,334
293,766,0,119
329,834,0,112
339,755,1,66
346,672,0,0
360,771,0,222
362,872,1,67
376,825,0,52
395,737,1,0
401,849,0,190
419,779,0,81
442,688,0,354
445,846,0,338
467,755,0,78
481,805,0,62
500,735,1,290
526,852,0,347
543,786,0,34
564,723,0,36
577,749,1,61
609,695,0,127
616,778,0,220
640,816,0,243
687,865,0,38
709,733,0,72
733,744,0,256
763,707,1,276
763,739,1,0
762,828,1,26
796,795,0,52
843,746,0,134
841,689,1,28
863,815,0,10
866,861,1,311
873,789,0,15
878,728,0,319
911,698,0,342
922,674,1,349
973,741,1,313
973,863,1,45
982,708,0,185
1004,721,0,285
1016,671,0,143
1026,813,0,333
1028,710,1,286
1051,755,1,350
1064,691,0,200
1087,729,0,307
1106,816,1,74
1161,801,0,6
1159,755,1,58
1179,671,0,248
1204,721,0,8
1226,814,0,56
1240,873,0,358
1258,668,0,14
1296,713,0,348
1305,766,0,356
1316,794,0,0
1316,854,0,15
1367,742,0,302
1372,864,0,18
1418,739,0,11
1469,690,0,347
1475,838,0,40
1489,735,1,313
1490,858,1,37
1516,810,1,3
1521,710,0,92
1545,706,1,288
1555,810,0,67
1567,842,1,13
1568,750,1,285
1601,764,0,330
1597,703,1,22
1617,871,1,318
1618,842,1,65
1629,720,0,0
1649,741,1,26
1654,675,1,28
1666,803,0,38
1675,752,1,69
1677,693,1,278
1708,843,0,16
1736,723,0,136
1753,675,1,89
1772,799,0,10
1776,683,0,15
1829,849,0,142
1831,707,0,53
1830,758,1,90
1881,729,1,61
1900,830,0,356
1909,684,1,49
1922,758,0,169
1927,791,1,13
1978,752,0,10
1981,795,0,309
2032,723,0,344
2048,766,0,3
2136,829,0,8
2180,774,0,178
2272,852,0,359
103,933,0,62
113,999,0,344
143,945,0,186
144,1074,0,118
161,904,0,321
175,1029,0,32
175,1068,1,28
206,992,0,321
202,1047,0,49
211,931,0,343
216,903,0,146
218,874,0,332
224,957,0,12
231,1065,1,62
238,1008,1,23
268,980,0,357
266,876,0,324
314,1064,0,18
320,893,0,39
313,929,1,297
334,949,0,355
336,1032,0,351
364,991,0,155
384,905,0,271
393,1039,1,331
415,914,0,100
435,1057,0,193
438,892,0,113
471,996,1,77
494,894,0,339
504,1058,0,285
511,960,0,93
524,996,1,70
578,933,1,34
592,1011,0,194
618,876,0,26
645,1070,0,340
648,998,0,128
679,1046,0,0
688,953,0,17
740,1003,0,323
766,968,0,285
760,1044,1,328
773,921,0,355
814,920,1,34
814,891,1,86
825,981,0,220
839,937,1,1
869,1008,0,187
874,1020,0,293
890,936,1,291
916,1013,1,345
923,932,0,60
945,941,1,48
955,874,0,293
962,1057,0,9
994,1031,1,32
1028,971,0,23
1042,1034,0,321
1061,909,0,196
1102,940,1,277
1101,970,1,335
1115,907,0,347
1128,1077,1,45
1155,999,1,30
1181,983,0,218
1208,1067,0,147
1206,935,0,64
1208,876,1,342
1217,977,0,241
1227,942,1,54
1245,1028,0,359
1259,958,0,306
1299,993,0,263
1306,1043,0,247
1312,913,0,33
1351,929,0,255
1381,1036,1,278
1400,1008,0,118
1408,884,0,202
1439,976,0,244
1448,922,0,0
1451,1058,0,348
1483,976,1,327
1489,949,0,325
1489,916,1,319
1498,1040,0,347
1501,893,0,347
1510,993,1,53
1528,922,0,12
1550,943,0,55
1551,1047,0,292
1563,888,0,116
1574,968,0,243
1606,983,0,71
1617,903,1,338
1619,1055,1,304
1649,908,0,289
1686,880,0,328
1700,1039,0,2
1701,1009,0,9
1700,944,0,301
1724,934,1,295
1747,1043,0,266
1753,954,0,320
1786,921,0,186
1791,1056,0,128
1805,953,0,26
1812,894,0,353
1811,1036,0,291
1857,989,0,147
1857,1033,0,23
1854,893,1,10
1850,955,1,307
1862,935,0,305
1867,1065,0,212
1904,974,0,273
1913,900,0,73
1934,970,0,78
1947,1071,0,100
1969,1027,0,7
1987,876,0,21
2000,1072,0,52
2023,981,0,15
2055,1045,0,149
2070,1002,0,16
2091,934,0,107
2094,1071,0,46
2113,1023,0,88
2142,968,0,84
2148,891,0,210
2159,1070,0,154
2166,1037,0,350
2198,986,0,336
2230,887,0,15
2237,932,0,346
2252,1063,0,111
2285,986,0,350
2281,1057,0,103
2288,923,0,340
2307,1039,0,15
2306,1067,1,75
2324,891,0,346
2338,956,0,12
2399,1059,0,14
2465,985,0,170
2471,879,0,356
73,1260,1,277
89,1236,0,304
117,1209,0,262
124,1159,1,52
157,1273,0,77
184,1096,0,20
184,1189,0,38
199,1136,0,164
208,1237,1,344
223,1206,0,112
236,1253,1,281
239,1181,1,280
254,1090,0,69
258,1175,1,348
293,1148,0,299
338,1197,0,93
343,1085,0,35
372,1146,0,347
379,1197,0,119
390,1284,1,287
419,1230,0,252
419,1142,0,8
441,1167,0,15
454,1265,0,341
452,1114,0,312
472,1084,0,356
471,1206,1,359
479,1232,0,359
496,1132,1,31
542,1197,0,187
545,1225,1,341
555,1121,0,78
575,1177,1,299
600,1106,0,127
641,1152,0,171
652,1221,0,254
658,1102,0,197
667,1146,0,109
687,1285,0,166
707,1215,0,30
705,1256,1,51
732,1101,0,352
734,1147,1,338
756,1247,0,19
758,1221,1,4
788,1150,1,65
816,1134,0,6
812,1195,1,80
862,1258,1,354
869,1159,0,227
892,1084,0,131
935,1234,0,156
957,1130,0,190
973,1188,0,93
994,1279,0,267
997,1121,1,284
1010,1169,0,336
1046,1214,0,22
1046,1122,1,10
1047,1154,1,5
1075,1117,0,102
1100,1244,0,215
1099,1155,1,86
1140,1266,0,213
1183,1094,0,337
1223,1214,0,336
1231,1175,0,317
1233,1256,0,353
1240,1122,0,15
1300,1219,0,263
1352,1267,0,81
1362,1212,0,351
1361,1172,0,338
1384,1184,0,167
1389,1093,0,157
1392,1138,0,288
1398,1261,0,315
1435,1265,0,295
1448,1137,0,10
1448,1219,0,128
1467,1101,0,334
1466,1183,0,116
1493,1269,0,31
1509,1172,1,330
1529,1215,0,22
1544,1108,0,340
1562,1264,0,97
1591,1166,0,53
1589,1237,0,269
1617,1234,0,323
1637,1084,0,358
1631,1174,0,261
1657,1131,0,311
1663,1207,0,39
1672,1271,0,185
1672,1237,1,343
1724,1207,1,357
1739,1146,0,17
1753,1238,0,27
1776,1176,1,351
1770,1262,1,294
1790,1108,0,181
1805,1134,0,4
1800,1195,1,82
1847,1156,0,233
1855,1280,0,239
1870,1103,0,6
1876,1180,0,261
1897,1252,0,85
1899,1132,1,50
1903,1198,0,102
1917,1157,0,306
1917,1089,0,100
1946,1269,0,108
1953,1179,0,54
1953,1134,0,233
1971,1229,0,6
1984,1285,0,79
2007,1156,0,74
2025,1096,0,204
2034,1197,0,9
2074,1162,0,127
2075,1267,0,81
2073,1103,0,281
2105,1137,0,161
2126,1200,0,297
2145,1096,0,353
2164,1185,0,274
2219,1103,0,108
2222,1250,0,235
2238,1180,0,102
2272,1136,0,289
2283,1226,0,31
2323,1227,0,120
2333,1085,0,319
2367,1241,0,63
2400,1117,0,27
2418,1214,0,50
2436,1262,0,24
1756,873,0,253
