62,2045,0,110
96,1922,0,147
120,1974,0,19
201,1958,0,336
205,2040,0,325
266,1979,0,227
282,2008,1,69
309,1961,1,47
326,1992,0,258
334,2066,1,332
333,1917,1,357
371,2027,0,79
379,1923,0,219
407,1963,0,359
419,2079,0,20
415,1992,1,287
432,2019,0,33
443,1925,0,291
463,2082,1,18
463,2051,1,32
488,1947,1,22
504,1970,0,54
541,2098,0,9
550,1984,0,237
582,2106,0,24
592,1979,1,295
594,1922,1,300
592,1950,1,345
620,2084,1,62
660,1920,0,312
699,1982,1,310
725,2003,0,300
799,2073,0,177
826,1983,0,345
831,1930,0,9
880,2059,0,261
890,1937,0,292
895,1985,0,39
928,2003,0,208
982,1969,0,123
1033,1949,0,2
1462,1934,0,358
2217,2108,0,261
239,2211,0,301
342,2174,0,174
395,2147,0,289
538,2129,1,316
579,2175,0,355
643,2135,0,328
674,2216,0,279
855,2206,0,147
1383,2114,0,213
75,2367,1,61
203,2336,0,27
1020,2474,0,170
2453,2519,0,66
488,221,0,182
884,232,0,11
2517,217,0,266
155,458,0,327
165,285,0,180
207,386,0,227
223,423,0,194
259,355,1,65
261,382,1,289
348,347,0,355
340,461,1,282
346,283,0,144
361,445,0,196
369,383,1,64
405,432,0,322
426,373,0,233
452,301,0,201
474,400,0,282
486,345,0,216
528,383,1,46
602,429,0,151
602,461,1,42
658,311,0,149
661,356,0,182
705,425,0,241
710,283,0,100
753,347,0,352
763,292,0,96
774,416,0,287
812,293,0,58
826,429,0,301
833,387,0,315
867,339,0,340
872,461,1,281
896,430,0,356
1007,416,0,358
1020,371,0,16
1028,341,1,43
1631,447,0,336
1772,453,0,8
72,639,0,246
105,493,0,352
126,607,0,263
130,498,0,186
190,578,0,151
207,535,1,280
212,663,0,236
222,476,0,138
238,535,0,282
235,612,1,31
277,531,0,97
280,642,0,119
290,610,1,352
314,505,1,334
315,627,1,5
316,569,1,317
324,600,0,347
316,659,1,30
340,493,1,293
339,463,1,270
342,552,1,80
343,581,1,272
367,475,0,344
361,658,0,294
390,602,0,9
405,638,0,32
412,526,0,357
409,565,0,327
433,496,0,164
434,552,0,350
464,613,0,264
475,536,1,286
499,523,0,50
519,605,0,232
521,546,0,238
528,641,0,30
554,463,1,47
574,565,0,33
598,624,0,46
631,523,0,357
631,634,0,64
659,552,1,335
667,637,0,33
686,506,1,309
711,483,0,342
764,522,1,312
773,561,0,58
792,477,1,6
817,462,1,288
817,555,1,286
813,615,1,54
829,625,0,333
841,570,1,281
843,508,1,40
862,550,0,273
894,509,1,327
910,542,0,73
919,609,0,35
923,645,1,53
951,509,1,336
979,471,0,20
980,656,0,353
975,555,1,353
983,521,0,14
1001,571,1,17
1027,617,1,324
1054,662,1,347
1062,590,0,297
1106,571,1,324
1163,484,0,4
1161,542,1,284
1163,513,1,307
1210,534,0,347
1248,467,0,345
1301,500,0,11
1332,580,0,327
1431,652,0,167
1493,644,1,51
1546,645,1,29
1573,599,1,276
1599,567,0,354
1628,534,0,6
1631,646,0,15
1626,626,1,6
1706,659,0,313
1705,586,1,19
1731,632,1,26
1757,619,1,285
1815,597,0,61
1868,593,0,48
1888,543,0,185
1903,623,0,54
1927,545,0,356
1970,655,0,357
102,1434,0,356
140,1366,0,101
165,1330,1,282
179,1315,0,225
202,1350,0,2
206,1373,0,269
211,1307,0,284
228,1287,0,235
243,1429,0,143
270,1298,0,243
274,1378,0,181
279,1348,0,8
284,1465,1,18
289,1417,0,287
314,1317,0,351
341,1294,0,190
371,1356,0,342
371,1403,0,353
369,1475,0,318
380,1320,0,0
388,1435,1,0
420,1289,0,289
421,1419,0,55
442,1374,1,303
463,1469,0,303
486,1348,0,118
495,1426,0,89
519,1332,1,4
527,1299,0,291
530,1486,0,115
545,1374,0,245
626,1309,0,10
622,1456,1,331
626,1424,0,295
665,1395,0,7
691,1361,0,195
689,1417,0,47
689,1333,0,191
718,1455,0,110
757,1379,1,356
780,1332,0,124
782,1454,1,320
793,1407,0,284
810,1288,1,284
839,1466,0,342
835,1394,1,301
865,1309,0,136
885,1437,0,107
906,1291,1,358
913,1322,0,281
933,1449,0,260
990,1427,0,146
996,1346,0,66
997,1390,0,203
1011,1486,0,7
1045,1358,0,284
1097,1310,0,355
1096,1395,1,35
1131,1392,0,76
1173,1379,0,237
1184,1286,0,170
1199,1473,0,237
1221,1326,0,2
1239,1357,0,28
1249,1405,0,5
1259,1435,0,182
1255,1461,0,9
1284,1483,0,277
1305,1365,0,55
1337,1398,0,84
1355,1287,0,5
1384,1315,0,211
1410,1345,0,18
1427,1464,0,341
1423,1400,1,282
1429,1310,0,300
1461,1401,0,131
1469,1350,0,276
1531,1387,0,29
1534,1444,0,343
1537,1310,0,252
1573,1475,0,203
1620,1286,0,198
1646,1340,0,308
1678,1451,0,229
1681,1295,0,83
1691,1364,0,247
1715,1289,0,251
1723,1473,0,1
1722,1393,0,266
1747,1346,0,290
1777,1297,0,6
1782,1445,0,325
1779,1352,0,106
1808,1355,0,116
1839,1337,0,144
1845,1302,0,358
1860,1386,0,34
1868,1440,0,238
1894,1465,0,248
1933,1324,0,193
1928,1428,0,285
1940,1382,0,1
1984,1450,0,5
2011,1378,0,274
2020,1305,0,203
2020,1429,0,341
2020,1466,0,0
2055,1374,0,77
2070,1490,0,0
2091,1403,0,194
2097,1426,0,13
2095,1340,0,77
2100,1445,0,225
2140,1362,0,316
2153,1465,0,18
2156,1302,0,358
2191,1361,0,346
2217,1389,0,5
2243,1484,0,21
2261,1447,0,14
2284,1391,0,76
2339,1422,0,339
2358,1384,0,333
2369,1299,0,226
2398,1346,0,17
2406,1482,0,270
2440,1433,0,319
103,1547,0,227
118,1626,0,243
165,1555,0,194
163,1689,0,3
185,1577,0,32
187,1609,0,208
210,1631,0,336
216,1666,0,333
234,1495,1,295
233,1581,1,293
234,1523,1,73
266,1581,0,346
285,1613,1,78
288,1643,1,28
295,1513,0,157
312,1689,1,52
351,1516,0,305
353,1588,0,238
363,1658,1,342
384,1626,0,180
390,1526,1,308
402,1674,0,348
420,1550,0,66
436,1600,0,87
458,1647,0,356
487,1572,0,9
499,1687,0,86
544,1696,0,347
544,1530,1,327
564,1557,0,40
597,1498,1,316
601,1658,0,44
618,1599,1,301
645,1574,0,352
677,1664,1,45
687,1692,0,288
697,1618,0,269
709,1529,0,42
707,1498,0,194
730,1610,0,308
741,1584,0,322
761,1680,0,180
755,1500,1,0
772,1566,0,317
804,1542,0,323
805,1621,1,63
829,1607,0,317
829,1663,0,316
831,1697,1,316
864,1534,0,148
884,1696,1,280
910,1611,0,344
935,1530,0,353
942,1492,0,21
936,1552,1,3
988,1669,1,18
1024,1543,0,283
1090,1638,0,2
1097,1612,0,156
1095,1669,1,330
1097,1548,1,51
1105,1501,0,34
1124,1583,0,357
1156,1526,0,17
1181,1602,0,191
1182,1650,0,302
1233,1512,0,63
1240,1634,0,1
1266,1583,0,168
1299,1533,0,21
1299,1656,0,187
1330,1572,0,82
1348,1597,0,226
1354,1503,1,298
1352,1683,1,293
1381,1558,0,155
1388,1513,0,295
1391,1614,0,263
1436,1530,0,30
1435,1612,0,276
1452,1562,0,192
1480,1583,0,63
1491,1515,0,305
1509,1634,0,8
1559,1669,0,33
1605,1689,0,1
1613,1512,0,232
1618,1625,0,126
1683,1651,0,11
1713,1504,0,164
1740,1677,0,26
1743,1588,0,275
1781,1602,0,353
1781,1500,0,235
1798,1553,0,273
1803,1638,0,53
1831,1550,0,297
1851,1499,0,355
1852,1635,0,292
1880,1526,1,45
1895,1557,0,322
1910,1504,0,36
1945,1517,0,20
1940,1569,1,48
1966,1543,0,194
1980,1603,0,230
1989,1684,0,351
2031,1575,0,285
2056,1545,0,323
2062,1655,0,16
2114,1634,0,35
2133,1510,0,345
2140,1633,0,168
2169,1552,0,21
2217,1585,0,341
2279,1536,0,351
2340,1494,0,334
2392,1584,0,36
56,1817,0,0
88,1715,0,308
102,1842,0,189
112,1875,0,23
120,1802,0,347
128,1765,1,293
145,1894,0,35
164,1849,0,145
201,1900,0,276
220,1709,0,205
224,1746,0,48
233,1856,1,295
275,1725,0,262
290,1898,0,244
312,1722,1,0
336,1746,0,358
361,1723,1,29
370,1882,0,9
380,1825,0,166
388,1706,1,281
393,1751,0,249
409,1722,1,346
434,1819,0,191
451,1713,0,351
464,1876,1,23
477,1769,0,167
474,1843,0,217
494,1741,1,335
505,1898,0,249
515,1871,1,0
548,1742,0,24
547,1815,0,335
572,1895,0,10
596,1791,0,9
646,1864,0,354
647,1771,1,295
682,1829,0,355
699,1892,1,57
700,1801,1,314
725,1848,1,24
729,1711,0,283
778,1846,1,286
779,1817,1,340
804,1775,0,261
832,1727,1,338
879,1851,0,162
909,1742,1,15
928,1891,0,74
946,1736,0,6
963,1804,1,315
969,1889,0,68
1003,1902,0,47
1011,1727,0,48
1021,1820,0,230
1054,1885,0,332
1061,1764,0,359
1065,1844,0,219
1104,1792,0,198
1111,1848,0,28
1144,1756,0,9
1163,1808,0,263
1201,1733,1,75
1253,1875,0,32
1252,1708,0,212
1319,1884,0,17
1325,1818,0,1
1378,1707,0,70
1394,1861,1,42
1396,1805,1,340
1417,1888,0,48
1434,1704,0,48
1471,1739,0,14
1511,1835,0,27
1528,1785,0,152
1539,1748,0,186
1564,1876,0,6
1567,1831,0,38
1654,1763,0,6
1683,1829,0,16
1770,1698,0,38
1832,1748,0,353
1937,1792,0,311
1998,1735,0,310
2072,1699,0,355
2091,1820,0,346
2138,1735,0,15
79,823,0,128
156,743,0,193
159,784,0,52
164,835,0,143
193,814,0,20
204,748,1,9
205,717,1,76
219,779,0,171
232,703,1,272
238,836,0,42
261,686,1,57
260,719,1,66
298,817,0,265
306,755,0,134
314,712,0,341
316,870,0,357
347,706,0,5
344,763,1,88
363,844,0,356
365,871,1,45
367,811,1,311
416,672,0,167
442,749,0,183
439,846,0,329
460,672,0,337
468,789,0,25
502,831,0,134
497,859,1,326
498,736,1,33
528,720,0,31
556,684,0,356
578,781,1,0
604,796,1,35
630,754,0,182
636,861,0,271
642,690,0,251
654,814,0,183
708,734,0,64
731,781,1,312
732,866,0,96
761,773,0,279
763,706,1,80
759,829,1,18
761,860,1,315
807,742,0,313
842,829,0,342
840,689,1,72
864,713,0,75
866,861,1,333
878,773,0,6
896,870,0,92
909,700,0,62
951,842,0,324
973,741,1,279
976,799,0,100
1022,686,0,196
1035,841,0,4
1027,710,1,23
1043,795,0,97
1053,719,0,40
1053,755,1,345
1109,790,0,353
1118,716,0,96
1124,842,0,344
1158,755,1,25
1163,704,0,109
1213,702,0,1
1225,787,0,5
1230,863,0,8
1253,718,0,21
1256,670,0,3
1309,759,0,2
1313,795,0,6
1337,839,0,3
1327,688,0,97
1344,725,0,2
1400,789,0,16
1425,814,0,154
1479,816,0,323
1488,857,1,329
1489,736,1,320
1508,675,0,353
1527,782,0,95
1554,865,0,323
1545,703,1,357
1556,733,0,146
1565,841,1,333
1577,818,0,136
1598,704,1,23
1608,759,0,25
1617,872,1,343
1618,842,1,71
1652,674,0,1
1650,736,1,309
1665,705,0,155
1670,834,0,141
1676,752,1,58
1747,844,0,30
1762,674,0,292
1789,857,0,42
1805,725,0,296
1830,758,1,43
1859,856,0,324
1858,677,0,60
1869,739,0,111
1891,845,0,130
1908,810,0,145
1907,681,1,45
1919,701,0,22
1917,751,0,65
1950,778,0,39
2025,851,0,40
2033,723,0,344
2044,768,0,359
2065,702,0,137
2106,866,0,336
2136,807,0,345
2180,774,0,144
2273,849,0,352
66,1003,0,264
115,1001,0,327
126,890,0,8
147,1073,0,100
154,975,0,90
174,1067,1,69
188,885,0,354
207,935,0,316
204,1044,0,201
223,969,0,252
232,1066,1,37
240,918,0,341
234,1006,1,28
262,884,0,337
260,991,1,341
259,1040,0,102
301,1018,0,331
307,1077,0,100
311,967,0,286
348,1076,0,282
353,928,0,298
373,1003,0,11
394,1040,1,330
402,901,0,296
407,1078,0,148
433,1017,0,57
489,1070,0,315
502,986,0,112
517,1038,0,172
549,920,1,355
594,912,0,264
603,1041,0,178
628,967,1,54
648,958,0,29
663,1031,0,265
736,1001,0,318
767,960,0,217
814,921,1,46
814,891,1,77
838,998,1,10
837,967,1,70
840,936,1,327
860,968,0,261
892,936,1,291
891,1029,1,10
916,1014,1,345
917,921,1,311
929,1071,0,80
961,954,0,348
976,907,0,160
981,989,0,352
1002,1029,0,25
1026,958,0,144
1029,1073,0,203
1052,900,0,293
1074,1033,0,308
1095,893,0,89
1101,941,1,25
1109,965,0,17
1154,998,1,59
1158,905,0,277
1162,1045,0,321
1211,1008,0,334
1221,924,0,51
1240,982,0,55
1268,917,0,242
1297,992,0,35
1319,1027,0,237
1358,1065,0,275
1381,1038,1,296
1384,1065,1,305
1391,909,0,12
1394,960,0,23
1408,1021,0,338
1470,1057,0,330
1487,949,0,325
1484,976,1,44
1486,916,1,282
1509,994,1,42
1522,1059,0,333
1533,924,0,20
1537,978,0,322
1543,1033,0,170
1537,946,1,350
1576,959,0,358
1617,1051,1,24
1628,1011,0,30
1667,948,0,123
1701,904,0,328
1702,1008,0,18
1750,976,0,354
1746,1047,0,102
1758,920,0,251
1797,925,0,101
1805,1037,0,81
1811,893,1,325
1825,1061,0,41
1854,894,1,41
1881,944,0,29
1891,1068,0,76
1917,891,0,222
1917,966,0,246
1929,1063,0,269
1956,955,1,1
1969,998,0,225
1974,919,0,96
1985,1048,0,27
2013,1077,0,67
2041,1018,0,307
2057,1067,0,186
2071,982,0,94
2085,921,0,17
2100,1017,0,96
2153,1023,0,348
2184,990,0,151
2215,955,0,348
2244,930,0,341
2269,986,0,2
2284,909,0,329
2304,1015,0,42
2334,955,0,5
2340,1072,0,90
2386,947,0,93
2400,1057,0,15
2461,994,0,154
2471,879,0,358
90,1228,0,338
89,1178,0,192
122,1160,1,50
175,1190,0,151
185,1098,0,7
179,1252,1,58
207,1238,1,327
227,1102,0,249
233,1190,1,81
231,1250,1,312
250,1214,0,27
252,1115,0,266
261,1255,0,54
286,1179,0,177
288,1099,0,357
309,1136,0,33
326,1216,0,57
348,1161,0,347
356,1258,0,352
363,1142,1,350
392,1191,1,297
401,1125,0,215
423,1144,0,29
422,1185,0,72
428,1245,0,318
443,1094,0,286
444,1224,1,340
472,1091,1,299
471,1208,1,285
480,1262,0,50
497,1132,1,34
528,1193,0,344
538,1110,0,36
544,1225,1,330
550,1133,1,42
561,1275,0,0
575,1178,1,280
579,1228,0,217
608,1111,0,205
624,1240,0,199
629,1139,0,219
649,1226,1,72
657,1175,0,61
663,1251,0,37
662,1100,0,357
684,1089,0,265
704,1256,1,318
724,1226,0,103
734,1149,1,7
751,1111,0,7
759,1224,1,321
758,1256,1,41
804,1161,0,345
811,1196,1,0
862,1258,1,359
877,1134,0,311
883,1098,0,133
915,1228,1,53
942,1122,1,318
965,1249,0,323
975,1086,0,235
995,1122,1,291
1001,1196,0,356
1002,1165,0,336
1017,1277,0,38
1015,1230,1,354
1046,1117,0,261
1098,1164,0,107
1166,1176,0,172
1183,1285,0,171
1183,1218,0,189
1182,1257,0,168
1212,1145,0,202
1223,1245,0,32
1222,1088,0,57
1250,1283,0,60
1269,1103,0,11
1283,1167,0,10
1303,1199,0,2
1300,1130,0,199
1328,1175,1,8
1344,1229,0,206
1396,1120,0,239
1406,1235,0,29
1406,1182,0,138
1426,1137,0,275
1442,1282,0,343
1451,1105,0,103
1478,1227,0,28
1485,1258,0,359
1504,1157,0,202
1516,1118,0,201
1525,1181,0,21
1544,1244,0,330
1559,1211,0,7
1562,1128,0,270
1591,1163,0,40
1591,1223,0,250
1601,1094,0,16
1618,1235,1,43
1669,1178,0,15
1671,1236,1,346
1706,1248,0,187
1724,1208,1,347
1752,1250,0,143
1769,1127,0,110
1790,1236,0,294
1800,1194,1,44
1805,1130,0,27
1838,1222,0,224
1842,1157,0,141
1850,1100,0,98
1857,1260,0,182
1910,1173,0,227
1923,1282,0,27
1950,1148,0,113
1966,1213,0,319
1979,1125,0,105
2022,1246,0,155
2025,1144,0,238
2069,1105,0,19
2074,1167,0,116
2084,1256,0,237
2093,1211,0,204
2115,1137,0,39
2113,1087,0,104
2124,1175,0,79
2132,1249,0,78
2137,1154,1,76
2164,1088,0,38
2173,1174,0,197
2199,1133,0,337
2214,1192,0,52
2229,1278,0,163
2250,1083,0,155
2255,1139,0,270
2283,1252,0,130
2300,1191,0,228
2305,1123,0,270
2322,1253,0,123
2347,1203,0,129
2361,1118,0,35
2373,1269,0,135
2386,1140,0,54
2423,1161,0,34
2424,1281,0,26
2458,1203,0,356
1092,461,0,122
255,1799,0,226
