61,2046,0,103
86,1965,0,351
92,1922,0,348
167,1948,0,353
243,1963,0,219
266,2068,0,328
285,1927,0,159
283,2007,0,279
310,1961,1,43
343,2019,0,353
333,2066,1,313
334,1918,1,6
364,1976,0,157
386,1947,1,316
388,2006,1,274
418,2079,0,21
436,1943,0,157
463,2051,1,83
486,2010,1,282
492,2086,0,235
508,2002,0,296
518,1951,0,187
521,1918,0,23
541,2099,0,2
552,2046,0,54
592,1922,1,86
592,1980,1,306
624,2084,0,206
632,1965,0,135
651,1916,0,200
684,1941,0,15
698,1981,1,300
725,1991,0,93
799,2073,0,175
803,1951,1,66
827,1910,0,28
829,1997,1,330
843,1975,0,334
882,1931,0,349
892,1988,0,52
884,2023,1,0
917,2017,0,233
934,1908,1,18
950,1963,0,356
1001,1905,0,49
1017,1956,1,36
1042,1933,0,347
1238,1969,0,29
1394,1933,0,107
1591,1906,0,226
1829,2097,0,329
188,2256,0,65
347,2170,0,173
539,2130,1,314
602,2120,0,305
650,2192,0,294
677,2133,0,296
818,2194,0,64
76,2366,1,79
204,2334,0,69
2454,2517,0,55
580,253,0,348
880,235,0,6
2517,217,0,264
54,425,0,267
155,457,0,324
169,285,0,21
209,389,0,246
259,354,1,47
261,385,0,179
274,426,0,206
334,442,0,140
343,352,0,3
349,281,0,327
369,383,1,61
404,431,0,324
414,315,0,14
455,454,0,23
474,383,1,5
527,383,1,56
556,457,1,336
585,325,0,146
611,393,0,359
658,310,0,332
662,356,0,186
658,444,0,127
706,423,0,253
710,309,1,90
720,279,0,82
738,445,1,70
757,348,0,352
761,288,0,83
775,416,0,280
805,287,0,58
821,427,0,291
846,386,0,324
849,322,0,30
872,461,1,87
893,429,0,2
950,388,0,75
1632,447,0,337
105,494,0,353
131,496,0,195
145,551,0,264
207,535,1,288
219,645,0,41
235,610,1,55
261,529,0,211
273,568,0,184
286,475,0,188
296,655,0,336
313,504,1,45
318,598,0,343
315,628,1,281
322,570,1,307
342,520,0,209
339,492,1,88
335,635,0,45
369,477,1,324
368,565,0,272
388,607,0,15
393,511,0,290
395,490,1,0
418,503,0,329
421,542,0,19
423,646,0,356
463,640,0,233
475,536,1,357
492,490,0,8
502,521,0,32
528,549,0,29
540,588,0,233
553,481,0,327
572,646,0,46
611,591,0,352
631,631,0,262
633,532,0,86
661,645,0,317
659,552,1,38
658,492,1,20
684,506,1,58
682,660,1,90
762,520,1,39
768,552,0,61
785,597,0,32
791,476,1,33
815,513,0,307
816,555,1,307
816,464,1,299
833,626,0,330
830,484,0,19
845,508,1,296
845,569,1,315
885,515,0,49
907,544,0,329
924,600,0,31
951,510,1,328
975,555,1,349
999,635,0,80
1002,571,1,354
1030,618,1,279
1045,547,0,238
1055,661,1,336
1092,527,0,352
1106,572,1,271
1125,644,0,339
1157,565,0,266
1164,485,0,5
1164,513,1,346
1215,536,0,1
1248,467,0,346
1269,544,0,239
1300,500,0,12
1302,559,0,111
1331,597,0,341
1418,610,0,354
1432,652,0,175
1494,644,1,26
1503,612,0,19
1546,646,1,46
1573,600,1,289
1627,535,0,9
1631,604,0,5
1626,630,1,34
1690,662,0,280
1706,587,1,70
1731,632,1,27
1754,486,0,251
1757,620,1,271
1794,622,0,107
1855,566,0,0
1926,546,0,354
101,1435,0,353
150,1366,0,171
173,1335,0,0
175,1307,0,165
185,1423,0,204
205,1364,0,250
220,1294,0,232
233,1465,1,348
244,1441,0,193
255,1375,0,37
257,1374,0,40
269,1311,0,10
284,1465,1,356
287,1413,0,272
331,1445,0,196
366,1319,0,289
390,1436,1,289
390,1405,1,22
411,1486,0,265
440,1405,0,127
444,1374,1,303
468,1452,1,283
468,1392,1,7
480,1485,0,19
483,1348,0,171
505,1311,0,197
521,1330,1,318
545,1301,0,184
558,1418,0,5
577,1334,0,71
616,1352,0,270
623,1455,1,282
637,1403,0,6
667,1438,0,243
676,1329,0,31
718,1454,0,113
731,1363,1,4
752,1423,0,75
757,1379,1,341
766,1473,0,142
794,1440,0,356
804,1381,0,173
808,1489,0,328
810,1287,1,287
835,1397,0,235
845,1329,0,94
899,1338,0,229
909,1472,1,315
926,1446,0,266
937,1369,0,31
975,1440,0,213
996,1293,0,164
1007,1484,0,264
1014,1400,0,315
1032,1353,0,331
1044,1334,1,328
1070,1322,0,138
1074,1475,0,72
1086,1287,0,338
1096,1394,1,79
1129,1386,0,108
1167,1463,0,346
1203,1334,0,227
1226,1413,0,18
1226,1441,1,78
1243,1355,0,10
1255,1456,0,330
1310,1392,0,357
1312,1314,0,335
1314,1359,0,13
1329,1435,0,349
1356,1485,0,325
1353,1412,1,300
1366,1375,0,281
1380,1300,0,66
1420,1351,0,16
1426,1311,0,296
1421,1406,1,295
1435,1389,0,153
1446,1423,0,183
1436,1466,0,63
1493,1286,0,323
1493,1357,0,261
1502,1442,0,325
1507,1475,1,25
1533,1398,0,21
1544,1333,0,145
1573,1304,0,151
1572,1465,0,110
1597,1366,0,263
1611,1413,0,240
1636,1363,0,117
1647,1314,0,108
1654,1465,0,311
1672,1433,0,318
1687,1318,0,16
1706,1348,0,217
1762,1486,0,217
1778,1392,0,218
1782,1298,0,201
1785,1335,0,194
1807,1426,0,184
1831,1487,0,292
1842,1324,0,299
1851,1290,0,290
1859,1368,0,150
1877,1435,0,9
1885,1474,0,354
1915,1352,0,97
1926,1424,0,284
1960,1362,0,152
1956,1307,0,283
1971,1476,0,297
1980,1416,0,51
1984,1447,0,24
1996,1388,0,252
2023,1475,0,28
2022,1340,0,64
2037,1408,0,112
2040,1312,0,238
2073,1375,0,274
2084,1292,0,20
2095,1451,0,30
2108,1476,0,1
2111,1475,0,355
2114,1404,0,246
2120,1330,0,37
2177,1331,0,333
2173,1411,0,60
2196,1364,0,197
2215,1456,0,348
2242,1487,0,20
2274,1342,0,235
2278,1290,0,246
2326,1463,0,351
2322,1323,0,250
2378,1387,0,15
2392,1333,0,36
2392,1444,0,261
2425,1318,0,150
2433,1286,0,344
2440,1447,0,226
2466,1380,0,274
2469,1400,1,301
2479,1291,0,89
102,1544,0,209
134,1592,0,248
163,1547,0,341
165,1689,0,6
187,1576,0,29
190,1608,0,201
213,1666,0,333
233,1643,0,329
231,1493,1,60
236,1582,1,327
251,1519,0,104
276,1590,0,341
278,1521,0,81
284,1614,1,338
288,1643,1,61
305,1521,0,343
324,1696,0,185
327,1560,0,19
352,1583,0,252
362,1501,0,267
377,1678,0,157
389,1527,1,41
397,1586,0,53
407,1654,0,311
448,1589,0,29
459,1645,0,276
492,1558,1,281
499,1509,0,187
514,1622,0,194
520,1539,0,174
517,1673,0,75
527,1577,0,337
572,1670,0,28
583,1546,0,97
597,1498,1,323
619,1601,1,314
633,1549,0,299
670,1544,0,103
677,1577,1,17
679,1661,1,293
689,1688,0,285
729,1606,0,296
728,1572,1,282
743,1523,0,72
760,1680,0,185
780,1571,0,351
779,1515,1,315
782,1665,1,300
806,1600,0,347
821,1680,0,175
850,1514,0,53
860,1620,1,43
876,1591,0,333
885,1697,1,340
888,1527,0,59
930,1692,0,55
935,1548,1,336
953,1605,0,10
948,1524,0,327
988,1669,1,302
1022,1559,0,37
1043,1519,1,0
1056,1691,0,137
1093,1609,1,327
1097,1550,1,23
1095,1668,1,0
1117,1510,0,44
1135,1693,0,217
1154,1522,0,25
1162,1575,0,4
1166,1652,0,331
1210,1622,0,357
1240,1694,0,291
1275,1663,0,299
1292,1558,0,192
1306,1609,0,220
1329,1694,0,295
1351,1625,1,344
1353,1680,1,318
1361,1595,0,115
1387,1689,0,13
1386,1555,0,336
1391,1640,0,202
1440,1552,0,315
1478,1636,0,115
1490,1503,0,295
1503,1697,0,11
1526,1631,0,99
1577,1518,0,342
1575,1653,0,79
1586,1568,0,330
1596,1691,0,41
1678,1638,0,137
1707,1510,0,196
1712,1567,0,312
1739,1549,0,74
1741,1619,0,267
1748,1678,0,25
1775,1612,0,309
1789,1582,0,149
1801,1558,0,319
1807,1637,0,222
1839,1545,0,352
1853,1643,0,299
1870,1597,0,341
1892,1521,0,312
1905,1574,0,304
1915,1629,0,23
1927,1512,0,328
1940,1661,0,14
1949,1553,0,222
1978,1682,0,22
2031,1583,0,345
2043,1517,0,235
2056,1673,0,216
2118,1616,0,29
2115,1683,0,96
2143,1516,0,9
2217,1581,0,334
2278,1538,0,356
2348,1504,0,358
2434,1617,0,256
60,1811,0,3
87,1715,0,308
130,1894,0,5
132,1809,0,173
130,1766,1,270
170,1838,0,3
173,1873,0,346
185,1797,0,314
216,1753,0,254
226,1895,0,280
230,1704,1,40
233,1855,1,23
255,1784,0,235
298,1888,0,343
315,1798,0,283
343,1749,0,6
357,1868,0,107
360,1722,1,37
377,1826,0,168
388,1708,1,294
400,1868,0,244
422,1789,0,138
424,1809,0,215
432,1890,0,256
450,1762,0,291
454,1842,0,319
460,1708,0,331
462,1709,0,330
490,1896,0,9
496,1740,1,345
502,1766,0,348
506,1828,0,81
541,1858,1,357
545,1707,1,342
555,1736,0,348
572,1825,0,75
594,1887,0,335
624,1710,0,61
625,1774,0,76
648,1875,0,270
667,1856,0,353
669,1856,0,355
702,1754,0,49
700,1801,1,6
699,1893,1,286
778,1846,1,277
779,1817,1,316
816,1847,0,63
832,1726,1,322
833,1758,1,33
864,1780,0,342
873,1750,0,151
879,1837,0,170
883,1814,1,17
904,1888,0,20
918,1745,0,38
951,1777,0,195
963,1804,1,343
994,1702,0,7
1054,1885,0,334
1069,1771,0,192
1112,1847,0,20
1151,1749,0,25
1172,1717,1,10
1200,1731,1,13
1225,1863,0,122
1255,1866,0,39
1290,1792,0,274
1306,1898,0,23
1305,1748,0,78
1322,1824,0,2
1352,1741,1,275
1397,1837,0,10
1395,1806,1,350
1395,1863,1,53
1417,1715,0,196
1451,1881,0,217
1472,1738,0,8
1512,1829,0,12
1560,1760,0,312
1563,1875,0,14
1641,1714,0,45
1654,1764,0,9
1749,1736,0,315
1831,1747,0,358
1887,1785,0,270
1943,1791,0,319
1998,1736,0,309
2090,1821,0,343
2152,1751,0,338
92,673,0,128
95,816,0,180
151,759,0,358
152,836,0,80
169,681,0,189
178,792,1,358
187,819,0,19
205,776,0,8
203,749,1,346
200,716,1,279
206,836,1,5
217,862,0,356
223,709,0,256
245,798,0,70
261,689,1,281
260,718,1,79
307,773,0,103
313,844,0,316
318,705,0,38
339,765,1,291
342,720,0,280
347,793,0,2
355,671,0,309
365,829,0,341
366,766,0,61
365,870,1,344
371,809,1,333
400,714,0,350
429,804,0,335
430,866,0,341
431,675,0,189
420,779,1,7
477,769,0,311
498,857,1,332
527,752,0,140
524,811,1,285
576,781,1,354
604,796,1,39
631,719,0,32
628,871,0,87
630,750,1,12
671,865,0,286
707,736,0,61
724,847,0,128
731,781,1,305
743,670,0,11
758,756,0,271
762,706,1,318
789,839,0,63
841,689,1,32
852,735,0,256
866,861,1,48
909,741,0,246
933,685,0,359
965,844,0,239
973,740,1,319
994,758,0,53
1016,687,0,6
1025,712,1,279
1038,863,0,82
1043,777,0,94
1070,729,0,140
1105,817,1,74
1138,730,0,270
1134,802,1,45
1154,866,0,354
1161,756,1,68
1162,824,0,87
1192,686,0,163
1212,722,0,2
1220,783,0,0
1231,754,0,359
1245,871,0,1
1254,671,0,359
1309,759,0,359
1300,703,0,315
1317,804,0,3
1334,844,0,354
1408,706,0,285
1439,821,0,131
1478,715,0,9
1487,857,1,303
1488,736,1,20
1495,821,0,223
1510,677,0,346
1515,786,0,76
1544,705,1,19
1550,845,0,300
1568,838,1,290
1598,747,0,105
1597,704,1,359
1617,870,1,331
1618,842,1,86
1648,737,1,323
1654,675,1,22
1669,832,0,340
1675,752,1,71
1677,695,1,322
1700,793,0,178
1733,849,0,20
1762,748,0,59
1788,805,0,19
1813,706,0,260
1812,676,0,118
1830,758,1,283
1873,841,0,7
1899,805,0,334
1905,709,0,54
1914,752,0,72
1914,842,0,260
1965,775,0,355
1964,712,0,25
2033,719,0,358
2043,765,0,351
2102,869,0,354
2135,809,0,349
2173,775,0,162
2212,747,0,302
2277,852,0,343
115,955,0,129
117,1005,0,347
124,908,0,292
146,1071,0,104
169,889,0,17
174,1067,1,48
210,922,0,344
205,1043,0,223
208,943,0,278
231,1061,1,45
248,893,0,14
241,965,0,242
274,1026,0,306
284,918,0,101
293,993,0,303
304,882,0,310
319,969,0,169
336,958,0,57
342,886,1,270
340,917,1,23
381,910,0,332
393,1039,1,322
429,1036,0,87
460,965,0,94
469,996,1,282
515,983,0,43
521,1056,1,327
562,884,0,16
576,933,1,27
581,964,0,231
600,1072,1,20
618,1029,0,191
623,966,0,64
695,1014,0,356
709,1042,1,11
723,939,0,92
770,1031,0,356
768,935,0,224
786,895,0,13
809,958,0,21
815,921,1,50
838,998,1,55
861,1071,1,315
881,978,0,0
889,1049,0,29
891,936,1,281
889,1025,1,0
916,1013,1,308
919,899,0,75
943,939,1,353
960,901,0,53
993,875,0,241
995,1007,0,84
1011,1065,0,240
1022,1015,1,294
1064,1012,0,95
1101,940,1,328
1100,971,1,5
1120,1027,0,136
1115,949,0,319
1128,1076,1,12
1137,948,0,61
1155,998,1,50
1168,1061,0,75
1219,905,0,355
1225,938,0,335
1227,1076,0,11
1297,996,0,271
1302,1074,0,299
1313,971,0,345
1321,945,0,345
1327,897,0,201
1346,1066,0,122
1381,1037,1,294
1381,1067,1,300
1396,918,0,1
1433,966,0,326
1483,1072,0,147
1488,950,0,333
1484,976,1,28
1494,921,0,178
1509,996,1,76
1516,1056,0,329
1533,977,0,313
1539,945,1,311
1548,889,0,350
1585,1052,0,42
1595,950,0,269
1614,989,0,28
1622,1055,0,344
1640,889,0,6
1678,969,0,265
1696,895,0,324
1701,1008,0,22
1713,1064,0,277
1743,971,0,170
1753,941,0,359
1759,1036,0,34
1767,1000,0,193
1806,1076,0,344
1805,893,1,327
1803,1036,1,87
1833,964,0,334
1838,1000,0,167
1852,875,0,190
1854,899,1,0
1861,1037,0,28
1860,953,1,325
1892,934,0,242
1915,885,0,25
1925,1043,0,198
1937,932,0,226
1955,955,1,17
1974,1028,0,291
2014,956,0,73
2018,881,0,242
2034,1058,0,241
2095,920,0,9
2134,994,0,66
2150,1072,0,7
2165,1035,0,2
2214,958,0,357
2222,917,0,339
2237,1006,0,113
2277,985,0,339
2292,898,0,342
2315,1029,0,26
2317,1027,0,29
2344,967,0,22
2347,1048,0,33
2401,1064,0,14
2459,999,0,137
2472,879,0,357
85,1176,0,191
85,1228,0,8
122,1162,1,39
143,1124,0,237
168,1191,0,184
179,1096,0,26
178,1251,1,53
186,1135,0,70
204,1190,0,66
207,1239,0,348
235,1254,0,330
246,1228,0,330
242,1083,0,13
263,1183,0,36
258,1124,0,120
276,1143,0,4
290,1277,0,340
303,1095,0,17
308,1208,0,13
341,1160,0,215
353,1262,0,327
392,1284,1,27
392,1192,1,286
399,1259,0,136
405,1087,0,187
404,1121,0,208
423,1172,0,148
416,1271,1,59
428,1143,0,11
430,1225,0,40
469,1136,0,107
476,1091,0,317
499,1195,0,54
497,1132,1,11
512,1261,0,344
544,1224,1,292
547,1130,1,77
571,1231,0,244
572,1140,0,267
574,1180,1,90
621,1216,0,58
626,1141,0,132
649,1226,1,65
664,1249,0,34
676,1134,0,99
706,1256,1,7
734,1119,0,331
734,1149,1,73
758,1226,1,346
763,1274,0,246
779,1085,0,10
786,1150,1,277
785,1240,1,332
801,1211,0,344
810,1156,0,258
862,1259,1,17
902,1281,0,10
893,1123,1,286
905,1185,0,11
904,1100,0,326
916,1227,1,55
941,1121,1,30
967,1124,0,57
968,1176,0,137
984,1205,0,346
1006,1257,0,139
1011,1150,0,18
1019,1232,1,325
1040,1174,0,12
1040,1086,0,251
1047,1206,0,219
1063,1225,0,253
1118,1236,0,337
1147,1153,0,203
1166,1179,0,4
1186,1090,0,261
1211,1124,0,345
1213,1263,0,281
1239,1181,0,30
1248,1232,0,337
1343,1252,0,80
1356,1186,0,355
1394,1252,0,4
1428,1134,0,255
1456,1150,0,76
1462,1222,0,83
1484,1127,1,346
1508,1185,0,344
1535,1235,0,24
1561,1110,0,12
1565,1151,0,141
1593,1223,0,299
1600,1266,0,185
1608,1184,0,26
1622,1233,1,34
1669,1270,0,304
1675,1191,0,36
1673,1235,1,334
1709,1255,0,170
1725,1208,1,291
1762,1264,0,11
1767,1107,0,317
1777,1208,0,90
1803,1132,0,14
1817,1219,0,276
1847,1190,0,102
1899,1108,0,30
1907,1233,0,225
1908,1181,0,42
1954,1219,0,228
1962,1142,0,99
1984,1255,0,346
1993,1192,1,0
2015,1134,0,45
2020,1175,0,35
2024,1236,0,354
2046,1199,0,202
2060,1266,0,39
2071,1104,0,30
2090,1130,0,6
2108,1179,0,86
2131,1254,0,90
2138,1181,0,94
2173,1200,0,97
2173,1280,0,273
2230,1248,0,35
2268,1119,0,330
2280,1080,0,93
2286,1219,0,108
2334,1114,0,11
2332,1203,0,159
2347,1162,0,357
2345,1252,0,246
2373,1278,0,24
2409,1278,1,44
2432,1285,0,343
2435,1186,0,59
