62,2044,0,97
79,1964,0,345
96,1926,0,318
179,1997,0,308
179,1904,0,278
282,2012,1,304
287,1977,0,296
311,1960,1,272
323,2034,0,41
333,2065,0,209
334,1972,0,79
335,1917,1,353
386,1946,1,293
388,2006,1,276
418,2082,0,6
463,2083,1,18
463,2051,1,273
495,1986,0,1
490,1948,1,5
503,2070,0,142
547,1930,0,193
549,2052,0,349
545,2103,0,334
574,1967,0,73
580,2077,0,15
585,2024,0,159
587,2109,0,269
595,1980,1,74
596,1920,1,85
616,2094,1,47
651,1906,0,242
672,1965,1,285
685,2023,0,327
701,1918,0,27
700,1983,1,339
718,1955,0,9
781,2073,0,349
803,2033,0,2
823,1947,0,334
830,1996,1,19
873,1930,0,354
889,1988,0,45
937,1909,1,337
963,1953,0,267
1267,1913,0,347
1646,1914,0,248
157,2259,0,203
343,2173,0,174
382,2114,0,78
525,2136,0,143
620,2126,0,35
640,2201,0,354
644,2166,0,8
914,2278,0,127
939,2200,0,57
75,2366,1,331
175,2368,1,274
186,2352,0,244
2454,2518,0,61
107,243,0,39
491,166,0,163
880,238,0,359
2517,216,0,266
137,282,0,235
154,456,0,323
210,389,0,250
252,322,0,325
259,384,1,296
259,355,1,320
297,437,0,356
334,351,0,21
346,279,0,326
358,440,0,175
369,319,0,26
366,371,0,279
410,428,0,343
474,383,1,3
483,443,0,63
505,306,0,63
527,383,1,49
592,409,0,332
594,334,0,84
660,311,0,341
664,358,0,189
696,428,0,268
731,281,0,61
757,349,0,354
763,290,0,93
786,412,0,308
802,280,0,68
819,399,0,306
816,460,1,60
842,343,0,334
896,431,0,359
922,379,0,0
1631,447,0,337
2320,281,0,140
94,661,0,134
106,493,0,173
108,546,0,1
185,642,0,354
191,588,0,144
207,536,1,282
236,612,1,310
240,556,0,240
240,667,0,274
250,489,0,262
288,541,0,291
299,653,0,347
302,495,0,140
316,605,0,305
324,573,1,305
340,491,1,351
349,560,0,285
364,528,0,288
369,478,1,308
376,605,0,1
395,492,1,278
417,545,0,66
428,474,0,338
453,563,0,260
466,659,0,120
475,534,1,10
476,568,1,86
492,619,0,94
502,521,1,17
503,463,1,39
554,462,1,14
580,657,1,14
585,541,0,264
631,631,1,89
653,484,0,344
656,644,1,56
658,552,1,334
659,614,1,71
685,509,1,34
698,632,0,273
742,544,0,297
762,645,0,131
764,521,1,295
784,579,0,258
792,477,1,31
817,556,1,283
830,615,0,0
835,478,0,231
845,508,1,2
861,530,0,8
862,570,0,22
907,587,0,31
951,509,1,327
979,471,0,357
975,556,1,19
1001,571,1,6
1027,617,1,69
1048,661,1,21
1067,510,0,327
1106,572,1,340
1122,628,0,194
1165,484,0,8
1213,538,0,354
1241,636,0,348
1248,466,0,346
1301,500,0,8
1387,624,0,198
1448,623,0,252
1489,644,0,187
1492,643,0,10
1547,645,1,285
1573,600,1,286
1627,535,0,12
1632,630,0,64
1696,655,0,305
1705,485,0,42
1705,587,1,59
1731,632,1,30
1757,620,1,271
1793,623,0,113
1844,623,0,341
1854,565,0,1
1923,546,0,349
102,1436,0,0
151,1324,0,145
152,1384,0,146
203,1307,0,217
206,1371,0,281
233,1287,0,231
239,1330,0,23
235,1432,1,90
262,1374,0,154
257,1456,0,256
283,1286,0,283
285,1464,1,90
295,1419,0,303
338,1371,0,265
359,1450,0,137
360,1299,0,292
371,1410,0,193
390,1404,1,119
415,1363,0,222
409,1443,0,312
415,1315,0,38
442,1377,1,306
455,1406,0,53
473,1337,0,356
470,1451,1,354
473,1366,0,159
503,1304,0,196
505,1386,0,261
521,1329,1,303
547,1316,1,325
558,1373,0,27
566,1401,0,209
567,1336,0,25
582,1434,0,226
603,1461,0,200
620,1341,0,79
658,1438,0,185
662,1415,0,158
661,1379,0,164
669,1327,0,324
714,1448,0,309
716,1403,0,331
757,1379,1,87
771,1342,0,213
782,1453,1,3
807,1371,0,98
809,1287,1,327
807,1412,1,343
814,1452,0,255
834,1329,0,334
855,1287,0,331
867,1348,0,315
886,1486,1,44
888,1334,1,29
903,1379,0,306
914,1318,1,320
917,1444,0,244
941,1371,0,262
970,1386,0,74
966,1290,1,42
1019,1384,0,64
1051,1415,0,188
1052,1479,0,124
1079,1353,0,50
1090,1303,0,40
1086,1435,0,205
1093,1388,1,276
1123,1393,0,56
1150,1431,0,205
1170,1481,0,356
1162,1299,0,345
1182,1354,0,75
1211,1393,0,17
1228,1481,0,44
1230,1429,0,53
1233,1287,0,75
1238,1360,0,333
1251,1319,0,197
1277,1341,0,189
1287,1460,0,324
1294,1402,0,282
1314,1307,0,221
1333,1345,0,242
1328,1440,1,56
1359,1423,0,31
1425,1309,0,290
1424,1401,1,284
1428,1450,0,61
1461,1295,0,75
1457,1326,1,36
1467,1371,0,329
1470,1489,0,17
1544,1330,0,208
1600,1307,0,255
1623,1453,0,196
1674,1315,0,324
1679,1470,0,138
1690,1414,0,182
1727,1352,0,200
1731,1386,0,176
1736,1436,0,217
1759,1456,0,223
1783,1317,0,99
1820,1374,0,257
1828,1482,0,304
1842,1443,0,327
1844,1331,0,127
1875,1299,0,3
1884,1387,0,147
1900,1450,0,214
1918,1343,0,82
1948,1358,0,80
1958,1444,0,289
1980,1414,0,43
1990,1447,0,30
1997,1349,0,352
2001,1289,0,108
2013,1375,0,202
2037,1454,0,69
2057,1308,0,301
2081,1453,0,30
2099,1384,0,135
2139,1342,0,186
2183,1364,0,257
2209,1298,0,218
2224,1344,0,243
2230,1384,0,227
2234,1471,0,8
2264,1346,0,310
2271,1411,0,244
2277,1295,0,355
2302,1326,0,343
2320,1469,0,0
2345,1351,0,50
2356,1410,0,347
2386,1457,0,224
2443,1303,0,330
2452,1452,0,343
71,1502,0,253
79,1564,1,318
106,1535,0,178
129,1603,0,135
161,1690,0,6
178,1534,0,94
189,1609,0,214
197,1575,0,26
214,1641,0,10
212,1665,0,331
215,1519,0,319
208,1597,1,287
232,1494,1,45
235,1582,1,348
260,1688,1,51
283,1592,0,346
286,1615,1,87
289,1643,1,39
296,1675,0,7
295,1553,0,107
312,1503,0,155
340,1633,0,289
343,1563,0,230
359,1697,0,290
376,1500,0,45
390,1526,1,46
397,1625,0,70
419,1676,0,331
440,1497,0,50
447,1580,0,24
471,1639,0,323
499,1496,0,293
522,1573,0,17
545,1672,0,7
545,1528,1,335
595,1498,1,3
621,1602,1,296
641,1507,0,329
651,1572,0,350
658,1643,0,28
686,1696,0,300
701,1648,1,273
721,1685,0,288
727,1575,1,327
729,1605,0,311
751,1680,1,339
755,1499,1,30
762,1548,0,76
768,1656,0,341
790,1597,0,12
816,1549,0,18
808,1528,1,43
859,1620,1,88
875,1656,0,3
884,1696,1,316
928,1501,0,8
936,1547,1,336
966,1621,0,308
988,1668,1,274
1002,1513,0,13
1028,1603,0,1
1030,1549,0,216
1075,1533,0,149
1093,1609,1,329
1094,1668,1,26
1100,1550,1,339
1097,1577,1,81
1116,1515,0,41
1125,1682,0,350
1123,1595,1,51
1154,1527,0,24
1155,1564,0,21
1171,1626,0,331
1203,1583,0,24
1201,1672,1,90
1237,1522,0,21
1236,1636,0,318
1244,1691,0,2
1274,1534,0,213
1274,1573,0,220
1307,1612,0,115
1350,1563,0,349
1352,1624,1,307
1354,1503,1,311
1352,1683,1,278
1377,1608,0,323
1400,1532,0,16
1396,1691,0,78
1447,1586,0,264
1465,1630,0,222
1514,1651,0,34
1538,1581,0,182
1539,1609,0,210
1567,1690,0,311
1576,1522,0,50
1602,1645,0,356
1615,1579,0,85
1679,1639,0,89
1710,1508,0,203
1756,1626,0,294
1769,1501,0,254
1780,1606,0,315
1795,1553,0,328
1807,1592,0,150
1808,1638,0,27
1826,1669,0,218
1858,1547,0,354
1858,1610,0,106
1875,1500,0,235
1876,1691,0,262
1912,1507,0,88
1921,1586,0,295
1921,1679,0,104
1969,1575,0,212
1987,1511,0,267
2000,1686,0,292
2045,1664,0,329
2048,1511,0,19
2100,1661,0,268
2106,1502,0,245
2153,1609,0,21
2148,1685,0,266
2168,1534,0,20
2218,1580,0,337
2276,1535,0,354
2338,1506,0,350
2372,1540,0,354
66,1809,0,5
100,1725,0,82
113,1899,0,331
129,1766,1,66
141,1818,0,205
153,1896,1,89
165,1768,0,291
172,1845,0,25
216,1756,0,69
233,1856,1,80
257,1705,0,352
266,1779,0,120
281,1899,0,9
301,1867,0,355
329,1790,0,205
345,1747,0,352
348,1845,0,311
381,1826,0,159
391,1704,1,286
429,1875,0,3
445,1728,0,73
496,1836,0,159
493,1739,1,336
503,1894,0,304
547,1724,0,3
539,1877,0,99
541,1704,1,5
565,1756,0,204
566,1797,0,211
599,1883,0,191
631,1854,0,344
645,1763,0,6
647,1711,0,136
698,1893,1,15
699,1802,1,76
736,1859,0,223
752,1808,0,19
779,1846,1,72
781,1821,1,28
808,1707,0,266
807,1773,1,329
820,1817,0,313
829,1878,0,95
834,1727,1,273
868,1782,0,36
907,1821,0,347
942,1753,0,339
963,1804,1,311
994,1897,0,70
1005,1710,0,225
1018,1895,1,278
1053,1885,0,336
1105,1781,0,193
1112,1742,0,12
1112,1847,0,22
1118,1708,0,175
1149,1699,1,291
1201,1880,1,297
1229,1866,0,27
1230,1744,0,340
1239,1719,0,296
1315,1879,0,325
1314,1848,1,344
1324,1820,0,5
1352,1741,1,81
1395,1862,1,24
1396,1805,1,346
1422,1726,0,205
1466,1868,0,293
1480,1741,0,31
1503,1700,0,9
1522,1762,0,252
1562,1873,0,19
1571,1737,0,328
1610,1792,0,177
1612,1883,0,237
1654,1762,0,4
1693,1824,0,230
1776,1816,0,157
1832,1741,0,24
1930,1794,0,330
1937,1732,0,14
2002,1750,0,1
2090,1821,0,343
2136,1740,0,345
2216,1809,0,59
81,720,0,257
104,817,0,165
137,754,0,145
161,701,0,140
161,848,0,151
178,792,1,53
186,818,0,10
203,748,1,27
211,774,0,3
205,839,1,48
204,718,1,299
241,734,0,303
240,669,0,274
262,718,1,20
265,688,1,276
279,820,0,183
285,855,1,86
301,772,0,37
305,704,0,58
325,870,0,268
341,719,0,270
342,764,1,320
364,870,1,350
367,811,1,15
397,845,0,346
417,748,0,348
436,672,0,135
460,827,0,305
461,701,0,325
463,702,0,325
478,762,0,284
501,736,1,275
521,784,0,59
521,677,0,267
539,871,0,350
557,695,0,80
591,769,0,210
603,827,1,0
623,837,0,332
629,719,0,352
636,786,0,93
679,695,0,97
688,776,0,309
708,737,0,66
733,781,1,338
756,843,0,87
767,738,0,14
762,706,1,18
811,672,0,250
841,691,1,74
848,751,0,327
857,830,0,342
866,861,1,323
921,808,0,1
924,756,0,7
930,853,0,16
929,704,0,124
973,740,1,312
1005,730,0,287
1026,709,1,308
1051,755,1,19
1055,859,0,67
1062,686,0,63
1131,831,1,53
1136,684,0,236
1151,820,0,26
1158,756,1,6
1214,708,0,336
1215,841,0,354
1238,789,0,1
1243,817,0,179
1255,670,0,8
1300,705,0,265
1310,759,0,354
1338,843,0,2
1416,687,0,221
1428,762,0,325
1461,826,0,9
1489,736,1,319
1516,674,0,0
1517,751,1,18
1545,745,0,0
1545,797,0,148
1538,859,0,82
1544,705,1,9
1567,842,1,283
1593,849,0,262
1612,710,0,235
1617,872,1,285
1619,841,1,78
1651,676,0,12
1648,737,1,338
1670,826,0,353
1675,752,1,86
1678,693,1,289
1693,788,0,167
1742,697,0,184
1752,854,0,338
1766,765,0,61
1771,814,0,17
1811,848,0,100
1818,704,0,269
1830,758,1,298
1859,791,0,88
1879,729,1,28
1886,849,0,149
1891,701,0,60
1909,831,0,350
1921,803,0,332
1919,754,0,303
2031,723,0,8
2035,760,0,3
2104,862,0,347
2135,810,0,346
2183,770,0,89
2276,852,0,350
91,900,0,199
116,1009,0,12
149,1073,0,96
169,891,0,17
175,975,0,213
173,1067,1,65
201,1046,0,52
203,931,0,303
206,903,1,34
232,1065,1,65
233,1006,1,69
239,939,0,95
260,991,1,285
261,1055,0,76
277,932,0,291
314,1021,1,320
342,926,0,345
394,1040,1,310
404,1067,0,359
433,962,0,5
459,893,0,232
471,995,1,45
489,937,0,354
523,1010,0,187
522,1056,1,303
551,920,1,337
573,937,1,280
574,901,1,90
581,1027,0,55
599,928,0,323
615,880,0,202
636,1073,0,325
633,1021,0,293
674,944,0,13
674,991,0,344
712,1056,0,330
760,1044,1,345
763,1013,1,54
807,954,0,33
813,920,1,40
834,884,0,327
870,1068,0,341
891,936,1,294
891,1029,1,319
916,1013,1,291
944,939,1,33
957,897,0,206
962,1036,0,26
970,923,1,55
985,1070,0,57
1018,912,0,87
1042,971,0,239
1071,1073,0,327
1093,923,0,351
1100,1031,1,59
1102,945,1,348
1101,971,1,90
1133,991,0,75
1128,1076,1,4
1150,912,0,76
1154,1031,1,0
1158,998,1,64
1170,1060,0,72
1241,875,0,3
1257,1050,0,359
1260,982,0,103
1318,948,0,336
1330,896,0,189
1360,1034,0,59
1381,918,0,26
1380,1066,1,323
1377,1004,0,221
1399,1014,0,332
1407,1047,0,157
1400,875,0,176
1417,979,0,17
1435,886,0,321
1431,926,0,263
1460,1014,0,336
1469,1059,0,133
1489,949,0,336
1483,976,1,278
1485,916,1,290
1494,876,0,267
1508,996,1,59
1518,1055,0,333
1535,1019,0,4
1538,946,1,320
1555,984,0,328
1618,1052,1,356
1624,982,0,115
1681,890,0,345
1687,964,0,22
1702,1007,0,29
1714,1060,0,295
1724,934,1,40
1767,1013,0,72
1806,1042,0,83
1805,893,1,324
1827,1063,0,33
1853,990,0,297
1855,951,1,69
1877,888,0,348
1891,950,0,242
1939,897,0,263
1948,1059,0,37
1955,954,1,55
1998,931,0,118
2035,911,0,97
2038,997,0,279
2046,1066,0,85
2076,920,0,93
2078,1056,1,42
2106,982,0,4
2107,1042,0,290
2163,979,0,117
2178,1052,0,356
2214,961,0,2
2219,925,0,349
2239,1056,0,11
2241,1001,0,138
2283,983,0,340
2286,904,0,345
2342,966,0,15
2400,1061,0,13
2464,1021,0,70
2472,879,0,356
83,1227,0,327
77,1255,1,25
87,1101,0,247
122,1160,1,54
149,1124,0,6
166,1225,0,19
177,1190,0,203
184,1162,0,155
184,1099,1,324
190,1270,0,163
209,1238,1,349
211,1091,0,305
244,1208,0,346
235,1260,1,335
250,1245,0,311
253,1128,0,96
265,1266,0,162
284,1168,0,204
302,1131,0,353
308,1087,0,34
311,1254,0,291
319,1205,0,324
347,1185,0,115
377,1243,0,7
395,1116,0,176
391,1169,0,90
417,1264,0,219
427,1142,0,18
437,1193,0,99
473,1120,0,181
471,1208,1,284
473,1088,1,302
471,1239,1,27
490,1183,0,147
496,1137,1,49
508,1104,0,55
544,1111,0,41
545,1223,1,340
549,1176,0,69
600,1132,0,41
607,1276,0,141
617,1165,0,227
648,1225,1,71
661,1255,0,5
693,1203,0,26
692,1228,0,313
706,1256,1,291
719,1165,0,149
734,1146,1,329
756,1227,0,299
762,1280,0,22
772,1166,0,292
814,1143,0,2
813,1196,1,73
837,1089,1,64
859,1186,0,132
892,1228,0,50
890,1094,1,53
892,1122,1,25
914,1262,0,23
921,1150,0,10
942,1121,1,344
995,1122,1,311
1003,1280,0,148
1018,1231,1,320
1050,1235,0,285
1086,1200,0,106
1104,1142,0,117
1121,1240,0,36
1179,1175,0,356
1205,1145,0,358
1202,1283,0,99
1214,1113,0,8
1249,1225,0,343
1260,1096,0,101
1269,1146,0,287
1285,1282,0,349
1287,1283,0,351
1309,1239,0,109
1311,1185,0,268
1357,1186,0,47
1360,1273,0,320
1403,1220,0,120
1401,1278,0,93
1422,1094,0,248
1425,1179,0,288
1433,1131,0,306
1472,1143,0,231
1481,1195,0,333
1497,1283,0,337
1534,1218,1,325
1545,1097,0,4
1555,1240,0,48
1576,1272,0,31
1593,1179,0,347
1594,1224,0,279
1633,1275,0,341
1638,1237,0,291
1673,1236,1,342
1676,1196,0,118
1707,1256,0,166
1725,1208,1,81
1748,1177,0,353
1768,1256,0,87
1783,1132,0,281
1810,1206,0,185
1813,1129,0,12
1825,1255,0,233
1826,1162,0,315
1860,1135,0,80
1875,1262,0,156
1876,1203,0,99
1911,1132,0,233
1941,1244,0,354
1965,1155,0,209
1994,1201,0,348
2000,1083,0,93
2053,1132,0,316
2059,1259,0,135
2057,1198,0,90
2070,1105,0,14
2101,1247,0,266
2116,1167,0,84
2125,1284,0,59
2140,1086,0,330
2166,1222,0,105
2172,1279,0,272
2180,1195,0,103
2217,1141,0,118
2228,1253,0,26
2263,1125,0,325
2283,1165,0,88
2286,1279,0,56
2317,1241,0,234
2327,1117,0,354
2334,1200,0,139
2357,1154,0,3
2358,1272,0,275
1329,667,0,37
