62,2043,0,96
81,1966,0,351
98,1927,0,313
174,1977,0,317
186,1904,0,293
258,1904,1,0
271,2043,0,327
286,1912,0,114
288,1985,0,279
312,1961,1,51
335,2068,0,180
335,1917,1,71
349,2007,0,105
386,1946,1,298
388,2006,1,280
418,2081,0,6
450,1991,0,45
463,2054,1,348
463,2082,1,19
476,2027,0,17
490,1947,1,354
519,2084,1,90
543,2101,0,315
541,1921,1,18
546,1990,0,65
558,2045,0,218
580,2073,0,62
592,1980,1,282
593,1924,1,279
592,1950,1,341
613,2090,0,50
619,1995,1,34
651,1986,0,153
661,2037,0,321
669,1921,0,178
673,1954,0,357
701,1984,1,307
730,2014,0,356
739,1939,0,287
781,2073,0,352
801,1954,1,334
818,1936,0,330
830,1996,1,6
870,1929,0,350
889,1989,0,54
936,1908,1,341
961,1953,0,262
1966,1960,0,333
153,2235,0,270
344,2173,0,176
373,2128,0,280
533,2164,0,324
546,2131,0,338
631,2117,0,62
644,2200,0,351
934,2204,0,49
76,2368,1,343
176,2367,1,308
188,2356,0,70
859,2429,0,32
2454,2517,0,60
106,239,0,84
554,176,0,208
880,238,0,358
2517,216,0,265
141,268,0,242
154,455,0,323
210,390,0,248
235,443,0,282
254,314,0,155
255,347,1,331
260,383,1,271
311,364,0,34
341,329,0,22
346,437,0,339
345,279,0,331
366,385,1,1
377,363,0,317
405,429,0,345
451,452,0,251
474,383,1,7
498,321,0,63
508,442,0,33
527,383,1,64
553,368,1,0
585,378,0,338
604,328,0,131
657,311,0,339
663,358,0,187
690,442,0,277
730,280,0,55
758,350,0,353
770,297,0,98
775,404,0,315
802,277,0,79
814,390,0,339
814,460,1,76
843,345,0,325
842,454,0,257
896,432,0,1
920,381,0,359
958,458,0,292
1632,447,0,337
2334,372,0,92
109,494,0,173
101,660,0,146
119,548,0,187
188,655,0,357
207,536,1,279
214,486,0,284
236,569,0,191
234,613,1,25
269,475,0,64
273,622,0,314
291,537,0,298
309,503,0,150
307,565,0,151
320,600,0,316
325,574,1,286
334,658,0,310
340,492,1,273
348,559,0,293
366,529,0,287
368,478,1,306
368,631,0,317
377,606,0,42
391,658,0,50
395,491,1,285
413,549,0,67
451,564,0,248
473,657,1,302
475,534,1,332
502,520,0,40
522,493,0,141
535,650,0,290
555,462,1,80
579,657,1,61
627,516,0,233
631,632,1,88
657,643,1,45
656,522,1,86
685,506,1,79
729,619,0,311
737,510,0,281
736,536,1,41
735,661,1,4
740,599,1,290
764,521,1,290
789,556,0,254
792,477,1,12
797,597,0,41
818,554,1,48
833,614,0,10
844,663,0,190
841,506,1,58
845,569,1,303
858,523,0,32
862,579,0,327
910,592,0,18
951,509,1,322
975,556,1,0
1001,571,1,5
1027,618,1,276
1054,663,1,347
1062,508,0,324
1105,635,0,193
1106,572,1,3
1165,484,0,8
1214,537,0,355
1243,637,0,352
1248,466,0,345
1300,500,0,9
1409,619,0,124
1496,614,0,204
1493,646,1,7
1546,645,1,88
1573,600,1,282
1628,536,0,5
1625,630,1,35
1690,655,0,293
1700,486,0,60
1705,587,1,71
1731,632,1,38
1757,620,1,275
1792,624,0,114
1811,658,0,282
1850,630,0,20
1853,565,0,1
1923,547,0,350
83,1482,0,261
110,1421,0,359
152,1332,0,130
166,1398,0,127
205,1311,0,228
207,1377,0,279
234,1287,0,237
235,1433,1,271
252,1337,0,15
259,1464,0,251
272,1369,0,216
285,1465,1,42
296,1419,0,312
318,1397,0,291
331,1320,0,245
336,1481,0,348
357,1362,0,57
373,1297,0,253
391,1405,1,327
390,1436,1,315
404,1474,0,157
412,1371,0,10
427,1336,0,4
438,1421,0,29
467,1451,1,272
478,1288,0,269
481,1351,0,40
493,1486,0,289
493,1420,0,92
521,1330,1,47
524,1430,0,70
549,1347,0,45
546,1315,1,284
582,1428,0,231
581,1367,0,243
623,1313,0,352
624,1483,0,149
634,1455,0,335
646,1381,0,139
694,1437,0,4
702,1316,0,149
704,1362,0,326
709,1471,0,174
724,1456,0,109
732,1401,0,180
758,1377,1,315
773,1435,0,60
772,1342,0,217
809,1287,1,275
821,1445,0,263
853,1311,0,357
853,1387,0,304
866,1348,0,357
907,1340,0,201
910,1389,0,318
913,1315,1,10
918,1444,0,252
951,1364,0,88
982,1394,0,51
1009,1286,0,158
1031,1405,0,15
1045,1320,0,23
1078,1438,0,147
1076,1359,0,74
1089,1483,0,344
1096,1395,1,81
1095,1307,1,48
1124,1395,0,98
1159,1463,0,355
1168,1368,0,47
1179,1401,0,248
1203,1299,0,288
1217,1394,0,279
1253,1451,0,204
1293,1488,0,90
1294,1419,0,270
1304,1337,0,346
1326,1382,0,349
1330,1289,0,37
1338,1452,0,34
1354,1413,1,58
1372,1326,0,269
1417,1372,0,340
1406,1491,0,61
1424,1307,0,320
1423,1401,1,304
1446,1383,1,282
1460,1296,0,90
1466,1357,0,148
1492,1287,0,313
1546,1310,0,174
1553,1328,0,229
1585,1461,1,272
1669,1291,0,223
1675,1360,0,130
1699,1315,1,316
1718,1299,0,37
1741,1395,0,216
1755,1475,0,179
1763,1344,0,152
1762,1441,0,219
1799,1288,0,65
1810,1454,0,273
1824,1396,0,212
1848,1354,0,343
1842,1436,0,251
1856,1325,0,67
1885,1464,0,326
1900,1363,0,13
1909,1406,0,33
1934,1302,0,222
1933,1460,0,284
1962,1354,0,134
1959,1430,0,272
1985,1413,0,38
1990,1438,1,63
2000,1315,0,79
2002,1472,0,79
2035,1382,0,319
2061,1358,0,174
2079,1450,0,29
2096,1289,0,358
2095,1402,0,148
2135,1331,0,205
2143,1381,0,48
2164,1338,0,297
2205,1334,0,349
2214,1304,0,198
2219,1430,0,24
2246,1351,0,241
2270,1286,0,326
2293,1317,0,28
2293,1355,0,228
2321,1471,0,15
2349,1382,0,230
2366,1420,0,9
2391,1468,0,252
2432,1431,0,310
2445,1311,0,338
113,1542,0,231
129,1628,0,120
163,1691,0,3
176,1535,0,87
184,1608,0,221
195,1573,0,25
197,1645,0,32
207,1509,0,303
212,1666,0,355
232,1493,1,70
234,1581,1,284
282,1592,0,352
288,1643,1,42
287,1614,1,298
296,1675,0,3
310,1562,0,152
310,1519,0,135
340,1651,0,315
341,1593,0,293
379,1549,0,347
388,1527,1,32
405,1633,0,117
423,1681,0,182
429,1576,0,351
429,1507,0,8
447,1549,0,185
474,1649,0,38
499,1543,0,357
546,1528,1,326
550,1669,0,7
596,1499,1,299
621,1601,1,303
621,1635,1,314
647,1648,0,339
676,1557,0,188
673,1618,0,317
687,1695,0,300
730,1607,0,313
725,1573,1,287
752,1655,0,340
751,1682,1,348
759,1568,0,57
755,1499,1,19
764,1613,0,359
800,1611,0,354
782,1514,1,45
822,1562,0,22
859,1620,1,84
872,1653,0,356
884,1696,1,298
911,1501,0,358
936,1547,1,332
961,1596,0,250
980,1517,0,67
988,1668,1,26
1017,1594,0,83
1029,1503,0,255
1042,1549,1,315
1089,1608,1,303
1094,1668,1,27
1111,1678,0,334
1117,1515,0,39
1114,1576,0,81
1157,1653,0,15
1149,1634,1,64
1163,1580,0,42
1166,1540,0,19
1208,1588,0,10
1200,1670,1,321
1202,1554,1,37
1229,1527,0,33
1237,1640,0,292
1244,1674,0,177
1255,1545,0,219
1277,1574,0,229
1293,1492,0,92
1295,1611,0,87
1329,1506,0,3
1328,1640,0,266
1354,1565,0,351
1353,1611,0,326
1383,1691,0,0
1405,1493,0,65
1434,1553,0,248
1475,1499,0,2
1481,1664,0,34
1485,1625,0,354
1496,1586,0,195
1528,1579,1,306
1566,1512,0,92
1571,1661,0,2
1620,1533,0,228
1624,1630,0,122
1683,1638,0,129
1729,1497,0,153
1754,1626,0,334
1758,1574,0,73
1784,1604,0,333
1791,1509,0,240
1798,1554,0,337
1807,1641,0,41
1826,1671,0,210
1843,1569,0,208
1847,1532,0,7
1868,1610,0,92
1914,1556,0,338
1934,1611,0,240
1954,1681,0,52
1976,1541,0,232
2002,1686,0,280
2022,1530,0,265
2040,1658,0,317
2059,1506,0,290
2068,1595,0,285
2108,1497,0,218
2152,1624,0,11
2160,1532,0,30
2168,1564,0,219
2219,1581,0,337
2247,1493,0,12
2277,1536,0,354
2342,1508,0,352
2371,1544,0,359
67,1809,0,3
107,1723,0,60
114,1898,0,327
129,1765,1,86
139,1818,0,28
160,1852,0,50
156,1896,1,303
159,1755,0,298
218,1779,0,118
240,1704,0,8
233,1856,1,90
256,1874,1,27
258,1902,1,66
273,1780,0,117
277,1853,0,337
310,1901,1,58
337,1834,0,323
350,1747,0,1
349,1776,0,179
361,1723,1,25
378,1825,0,160
388,1706,1,293
407,1881,0,351
438,1785,0,198
490,1821,0,275
493,1739,1,317
496,1888,0,316
544,1706,0,355
539,1777,0,273
577,1897,0,340
567,1756,1,19
599,1741,0,353
611,1838,0,12
612,1876,0,182
620,1791,0,24
621,1725,1,315
658,1880,0,316
667,1730,0,121
668,1731,0,119
701,1824,0,358
699,1800,1,12
700,1892,1,74
757,1717,0,348
751,1773,1,347
777,1871,0,194
780,1777,0,350
778,1845,1,14
779,1817,1,298
832,1727,1,325
831,1875,0,95
856,1787,0,357
912,1819,0,351
909,1772,1,332
948,1755,0,352
963,1804,1,316
992,1899,0,88
1042,1710,0,354
1052,1885,0,334
1101,1760,0,20
1112,1847,0,22
1127,1712,0,197
1172,1753,0,238
1180,1875,0,331
1173,1718,1,47
1204,1699,1,51
1230,1856,0,358
1234,1755,0,283
1241,1698,0,12
1292,1789,0,279
1314,1874,0,327
1324,1821,0,0
1316,1848,1,335
1352,1741,1,86
1395,1862,1,27
1396,1805,1,346
1416,1724,0,198
1473,1748,0,19
1470,1874,0,297
1500,1699,0,21
1537,1748,0,254
1561,1873,0,20
1581,1706,0,327
1601,1800,0,111
1649,1761,0,9
1683,1789,0,234
1702,1885,0,206
1724,1782,0,254
1782,1810,0,125
1831,1744,0,27
1905,1739,0,301
1932,1797,0,345
2007,1756,0,26
2090,1821,0,342
2135,1739,0,343
68,690,0,285
100,816,0,179
146,756,0,147
156,842,0,138
166,715,0,112
178,792,1,31
188,817,0,6
204,718,1,310
204,748,1,66
211,779,0,353
206,839,1,49
224,700,0,321
233,762,1,346
261,688,1,299
289,851,0,102
305,703,0,51
305,781,0,82
333,846,0,273
341,714,0,264
341,766,1,80
363,870,1,333
366,811,1,38
367,751,1,280
390,856,0,133
401,746,0,341
417,841,1,297
435,813,0,276
500,799,0,346
499,856,1,84
503,736,1,0
508,689,0,98
530,749,0,65
541,873,0,329
551,827,1,33
571,765,0,227
589,802,0,14
607,850,0,297
619,727,0,179
655,814,0,24
689,686,0,39
709,734,1,77
733,780,1,326
763,706,1,15
781,671,0,117
788,752,1,315
816,859,0,347
813,769,1,90
829,749,0,337
841,691,1,3
867,861,1,306
876,836,0,153
901,812,0,330
895,848,1,33
921,674,1,325
927,721,0,95
952,794,0,98
973,740,1,313
1001,726,0,294
1026,709,1,279
1040,871,0,311
1051,755,1,14
1078,713,0,25
1092,837,0,357
1120,803,0,337
1158,756,1,2
1163,669,0,268
1181,848,0,21
1214,707,0,338
1209,786,1,349
1240,787,0,4
1255,669,0,2
1291,864,1,319
1310,760,0,354
1302,717,0,87
1337,843,0,8
1344,716,0,153
1412,688,0,223
1414,790,0,2
1445,827,0,48
1455,729,0,324
1512,678,0,355
1532,838,0,337
1536,797,0,124
1543,705,1,323
1575,867,0,25
1567,839,1,330
1599,674,0,3
1597,703,1,285
1618,872,1,87
1618,842,1,279
1631,718,0,189
1648,739,1,26
1655,676,1,27
1675,825,0,5
1675,752,1,72
1677,693,1,277
1693,787,0,165
1743,692,0,283
1749,854,0,340
1766,766,0,62
1773,816,0,358
1818,703,0,268
1832,847,0,147
1830,758,1,84
1870,806,0,42
1880,729,1,84
1891,701,0,59
1899,851,0,141
1913,831,0,348
1921,755,0,297
1925,808,0,355
2032,716,0,359
2037,760,0,358
2103,863,0,336
2135,810,0,346
2205,784,0,115
2277,853,0,350
95,898,0,200
110,995,0,52
151,1072,0,93
169,891,0,17
175,956,0,288
175,1068,1,56
203,1044,0,222
204,929,0,283
205,904,1,23
233,1066,1,280
234,1006,1,55
236,950,0,80
260,991,1,321
265,1040,0,108
279,942,0,278
289,1036,1,45
314,1021,1,303
342,920,0,262
393,1039,1,336
427,1063,0,56
437,977,0,3
475,891,0,197
482,931,0,16
508,1054,0,80
523,997,1,90
534,940,0,334
545,911,0,338
558,998,0,131
578,1060,0,341
575,939,1,22
612,987,0,353
617,898,0,168
629,964,1,51
636,1039,0,308
669,936,0,12
688,1034,0,337
680,1060,1,0
733,874,1,344
760,1044,1,6
766,904,0,98
763,1013,1,46
800,954,0,26
813,1074,0,359
813,919,1,28
880,916,0,33
892,938,1,79
891,1029,1,27
916,1013,1,87
943,938,1,26
951,881,0,259
970,1046,1,74
1023,929,0,4
1076,1076,0,324
1089,987,0,358
1101,940,1,328
1127,1076,1,9
1155,998,1,51
1170,1060,0,73
1181,885,0,194
1214,944,0,299
1250,1029,0,7
1253,881,0,1
1268,990,0,165
1298,1026,0,181
1315,938,0,343
1318,897,0,190
1323,1056,0,5
1363,987,0,5
1383,912,0,8
1379,1064,1,270
1405,1043,0,154
1426,932,0,267
1433,890,0,323
1466,943,0,249
1469,1059,0,137
1484,976,1,49
1494,952,0,323
1493,875,0,288
1510,995,1,61
1517,1056,0,331
1537,1021,0,5
1541,978,0,310
1538,945,1,301
1618,1054,1,344
1639,936,0,317
1640,1004,0,135
1680,890,0,345
1702,1007,0,27
1739,1043,0,45
1805,893,1,328
1806,1035,0,89
1803,1073,1,74
1820,1062,0,25
1817,951,0,289
1853,894,1,15
1856,955,0,322
1881,1059,0,18
1894,932,0,109
1918,996,0,1
1956,956,1,84
1961,906,0,238
2001,984,0,352
1999,937,0,108
2037,921,0,90
2044,1078,0,88
2065,1008,0,30
2072,945,0,85
2094,1053,0,19
2116,963,0,44
2176,1045,0,6
2218,926,0,343
2217,960,0,0
2243,1004,0,139
2252,1057,0,8
2285,905,0,344
2283,983,0,342
2342,965,0,15
2393,1047,0,22
2464,1022,0,69
2472,879,0,2
87,1227,0,349
107,1084,0,151
123,1161,1,39
131,1129,0,16
128,1271,0,57
178,1187,0,205
183,1217,0,26
181,1097,0,16
188,1270,0,154
208,1239,0,8
210,1146,0,358
235,1100,0,3
232,1257,0,318
257,1244,0,306
259,1178,0,53
297,1279,0,253
302,1230,0,318
311,1088,0,36
324,1197,0,322
321,1123,0,38
349,1147,0,209
367,1248,0,177
383,1176,0,0
393,1223,0,126
397,1116,0,174
429,1142,0,197
431,1172,0,25
435,1279,0,263
449,1206,0,69
472,1087,1,290
472,1238,1,46
473,1207,1,87
480,1115,0,13
500,1238,0,344
496,1136,1,17
512,1186,0,173
543,1117,0,34
544,1226,1,313
549,1282,0,144
574,1226,0,107
574,1178,1,319
604,1137,0,34
628,1164,0,246
640,1251,0,353
649,1224,1,33
666,1275,0,10
704,1254,0,81
730,1113,0,333
733,1149,1,342
755,1284,0,8
759,1241,0,354
779,1204,0,134
812,1196,1,11
820,1147,0,1
842,1263,0,339
854,1212,0,8
889,1090,1,24
895,1134,0,327
916,1228,1,60
927,1086,0,93
943,1123,1,44
968,1177,0,191
974,1094,0,90
997,1122,1,80
1025,1232,0,340
1030,1186,0,304
1062,1264,0,357
1081,1202,0,95
1103,1141,0,117
1136,1230,0,29
1177,1176,0,352
1212,1114,0,6
1211,1231,0,226
1222,1164,0,134
1244,1263,0,90
1254,1139,0,354
1257,1081,0,300
1300,1259,0,64
1310,1132,0,94
1314,1197,0,262
1356,1188,0,11
1382,1202,0,100
1385,1128,0,287
1421,1096,0,232
1427,1243,0,196
1428,1214,0,169
1432,1131,0,311
1452,1185,0,345
1474,1102,0,199
1477,1145,0,229
1500,1221,0,3
1540,1250,0,12
1544,1094,0,2
1569,1275,0,32
1592,1222,0,294
1621,1234,1,69
1626,1277,0,238
1628,1149,0,110
1651,1081,0,66
1671,1236,1,344
1709,1255,0,174
1724,1209,1,59
1731,1260,0,187
1762,1253,0,113
1780,1181,0,50
1803,1130,0,18
1829,1200,0,189
1849,1119,0,77
1864,1231,0,48
1869,1276,0,0
1887,1128,0,271
1920,1227,0,89
1927,1105,0,295
1929,1165,0,309
1970,1241,0,227
1980,1166,0,82
2003,1097,0,117
2036,1175,0,242
2072,1106,0,14
2072,1200,0,62
2076,1249,0,48
2115,1157,0,60
2127,1230,0,230
2139,1086,0,337
2173,1279,0,274
2176,1189,0,77
2177,1210,0,122
2204,1138,0,102
2216,1195,0,176
2215,1096,0,135
2220,1246,0,47
2269,1285,0,318
2282,1121,0,345
2279,1159,0,92
2287,1220,0,258
2308,1126,0,163
2308,1200,0,76
2329,1115,0,342
2340,1202,0,143
2352,1160,0,357
2410,1089,0,290
461,684,0,346
