62,2044,0,97
83,1957,0,355
112,1926,0,350
205,2046,0,345
259,1966,0,148
284,2006,0,268
310,1961,1,20
329,2013,0,315
352,2081,0,328
358,1924,0,150
378,2036,0,103
387,1948,1,73
417,2080,0,17
419,2030,0,108
461,2013,0,126
461,2051,1,80
480,2073,0,245
489,1948,1,26
496,2002,0,315
548,2037,0,21
554,2073,0,3
548,1918,0,108
552,2098,1,3
592,1979,1,328
594,1923,1,83
626,2084,0,197
657,1905,0,319
701,1939,0,225
700,1983,1,311
721,2028,0,280
763,2054,0,72
766,1958,0,87
797,2075,0,196
804,1951,1,36
830,1996,1,13
857,1925,1,26
874,1934,0,342
886,1989,0,242
910,2012,0,228
927,1955,0,14
937,1910,1,41
979,1977,0,6
1247,1908,0,320
1304,1906,0,16
1416,1916,0,111
1503,2007,0,139
1546,1979,0,336
158,2260,0,281
344,2171,0,172
532,2118,0,114
605,2111,0,328
656,2194,0,293
664,2122,0,36
727,2146,1,87
763,2138,0,26
909,2218,0,269
74,2365,1,180
85,2372,0,149
203,2335,0,16
2454,2517,0,59
135,228,0,311
237,110,0,209
880,238,0,359
2517,217,0,264
86,348,0,277
155,456,0,323
209,389,0,253
258,384,1,87
260,353,1,47
283,392,0,268
325,437,0,149
349,349,0,351
341,277,0,316
367,437,0,304
369,383,1,57
407,429,0,330
413,320,0,7
466,448,0,16
474,383,1,359
515,270,0,12
527,383,1,46
608,333,0,200
637,429,0,313
658,308,0,151
663,355,0,185
707,424,0,254
723,278,0,82
736,443,1,25
737,383,1,74
756,349,0,356
758,289,0,69
766,432,1,348
789,411,0,273
794,380,1,6
809,289,0,62
815,335,1,24
830,431,0,290
839,358,0,318
870,401,0,16
895,432,0,0
955,384,0,31
950,356,1,49
1632,448,0,333
2172,282,0,284
109,494,0,173
136,556,0,137
183,654,0,358
206,536,1,280
213,599,0,74
234,609,1,65
254,518,0,178
256,518,0,178
258,611,0,273
293,489,0,133
291,568,0,255
288,524,1,347
319,611,0,293
315,655,1,349
323,572,1,285
347,665,0,339
342,491,0,296
357,635,0,55
369,561,0,332
371,480,1,309
380,600,0,17
396,492,1,80
427,516,0,2
418,643,0,210
432,552,0,13
453,595,0,304
480,488,0,356
477,536,1,275
501,521,1,9
505,581,0,68
518,637,0,34
554,462,1,27
580,659,0,355
631,631,1,285
658,643,1,39
658,553,1,349
658,523,1,66
685,506,1,79
731,555,0,42
752,601,0,9
763,462,0,195
764,520,1,279
773,492,0,202
794,479,1,34
802,652,0,297
816,555,1,330
818,464,1,320
830,623,0,329
844,509,1,272
844,570,1,335
872,533,0,14
872,462,1,274
915,485,0,192
913,593,0,24
930,659,0,6
944,624,0,9
948,530,0,16
975,555,1,346
1001,571,1,334
1027,617,1,82
1096,525,0,227
1105,656,0,323
1107,572,1,0
1164,480,0,6
1162,512,1,342
1212,540,0,347
1249,466,0,347
1265,592,0,88
1301,499,0,6
1306,609,0,12
1309,641,0,313
1319,549,0,151
1419,667,0,155
1493,644,1,48
1546,645,1,72
1573,600,1,286
1627,535,0,10
1625,630,1,2
1664,599,0,126
1681,658,0,37
1705,586,1,49
1730,465,0,354
1731,632,1,20
1757,620,1,82
1794,622,0,109
1826,655,0,85
1855,565,0,358
1857,667,0,0
1924,546,0,349
103,1436,0,9
124,1371,0,265
145,1306,0,148
201,1306,0,237
204,1372,0,268
225,1352,0,335
234,1464,1,282
235,1433,1,90
261,1316,0,6
262,1453,0,273
284,1358,0,220
297,1421,0,303
325,1394,0,298
338,1307,0,285
378,1324,0,285
390,1404,1,316
390,1436,1,340
414,1482,0,197
410,1287,0,267
441,1379,0,1
452,1440,0,17
443,1315,1,352
476,1343,0,200
479,1472,0,13
497,1400,0,342
520,1329,1,287
533,1362,0,3
532,1444,0,215
562,1331,0,354
584,1387,0,14
584,1440,0,216
599,1483,0,349
622,1454,1,343
623,1318,0,93
667,1366,0,7
672,1400,0,343
719,1455,0,117
731,1363,1,0
757,1379,1,290
771,1343,0,222
786,1477,0,190
781,1453,1,357
803,1369,0,102
810,1287,1,286
807,1411,1,8
833,1446,0,285
865,1364,0,198
871,1308,0,2
874,1308,0,2
906,1327,0,220
908,1402,0,355
922,1451,0,261
925,1357,0,48
976,1481,0,346
965,1291,1,21
983,1395,0,313
989,1307,0,32
1017,1383,1,306
1038,1427,0,197
1075,1359,0,71
1096,1395,1,283
1124,1405,0,85
1171,1456,0,11
1208,1401,0,2
1235,1330,0,6
1241,1362,0,6
1253,1455,0,337
1276,1396,0,168
1286,1314,0,128
1305,1448,0,340
1333,1403,0,75
1337,1324,0,292
1355,1415,1,78
1367,1295,0,332
1376,1441,0,56
1380,1350,0,312
1388,1485,0,12
1410,1319,0,95
1424,1400,1,298
1435,1316,1,299
1462,1308,0,90
1519,1366,0,138
1526,1411,0,343
1556,1298,0,301
1571,1441,0,222
1574,1393,0,332
1581,1370,0,140
1586,1461,1,52
1612,1296,0,49
1622,1342,0,304
1675,1461,0,351
1693,1331,0,31
1709,1401,0,172
1746,1368,0,198
1759,1394,0,14
1776,1331,0,176
1789,1418,0,4
1792,1289,0,203
1796,1480,0,292
1796,1376,1,308
1815,1351,0,65
1817,1440,1,20
1843,1457,0,331
1849,1332,0,115
1873,1414,0,24
1877,1369,0,12
1879,1306,0,336
1916,1484,0,320
1919,1447,0,322
1957,1443,0,106
1959,1344,0,238
1981,1414,0,226
1985,1450,0,19
1997,1292,0,281
2015,1477,0,34
2018,1411,0,291
2032,1338,0,352
2032,1373,0,146
2067,1306,0,100
2078,1414,0,333
2088,1440,0,19
2102,1380,0,331
2107,1308,0,302
2151,1335,0,269
2205,1450,0,172
2230,1484,0,12
2234,1318,0,232
2247,1403,0,269
2285,1359,0,248
2308,1405,0,4
2329,1337,0,13
2329,1462,0,354
2361,1306,0,0
2368,1384,0,348
2393,1447,0,260
2446,1289,0,342
2449,1461,0,357
2453,1399,0,103
101,1542,0,206
126,1586,0,223
128,1616,1,13
164,1540,0,150
163,1689,0,5
188,1577,0,36
189,1606,0,210
212,1665,0,333
232,1493,1,13
234,1582,1,300
239,1532,0,329
237,1641,0,291
262,1689,0,20
285,1582,0,353
288,1643,1,52
286,1614,1,66
305,1509,0,143
318,1555,0,338
312,1690,1,271
337,1603,0,16
337,1671,0,294
352,1634,0,27
361,1498,0,260
363,1660,1,354
389,1525,1,281
406,1639,0,32
420,1681,0,1
412,1562,0,283
451,1508,0,22
456,1595,0,332
461,1639,0,285
471,1537,0,214
490,1558,0,247
509,1511,0,310
536,1499,0,329
546,1529,1,358
560,1683,0,0
599,1571,0,194
595,1503,1,9
619,1600,1,324
620,1637,0,132
675,1522,0,5
678,1659,1,344
688,1687,0,284
692,1623,0,102
726,1694,0,286
727,1574,1,340
731,1604,0,303
760,1680,0,182
763,1561,0,325
755,1588,1,90
766,1649,0,346
783,1513,0,17
807,1621,1,51
840,1620,0,261
861,1566,0,349
863,1620,1,90
881,1504,0,349
884,1646,0,352
884,1696,1,287
936,1547,1,345
954,1633,0,329
952,1508,0,7
989,1668,1,67
1000,1577,0,209
1037,1502,0,54
1061,1571,0,108
1077,1642,0,20
1093,1609,1,338
1094,1669,1,34
1099,1552,1,55
1115,1512,0,46
1120,1681,0,343
1149,1523,0,50
1161,1571,0,22
1194,1622,0,333
1200,1670,1,69
1226,1599,0,323
1278,1549,0,248
1289,1655,0,288
1314,1494,0,12
1325,1563,0,244
1343,1629,0,289
1352,1682,1,325
1382,1594,0,9
1393,1548,0,319
1409,1633,0,70
1441,1597,0,92
1473,1623,0,90
1494,1519,0,285
1516,1647,0,250
1529,1554,1,78
1551,1594,0,338
1550,1522,0,58
1587,1644,0,129
1678,1636,0,129
1710,1508,0,203
1716,1570,0,240
1756,1506,0,235
1764,1557,0,249
1766,1651,0,266
1780,1604,0,322
1802,1557,0,324
1804,1639,0,39
1841,1516,0,27
1843,1609,0,258
1865,1540,0,41
1882,1586,0,76
1914,1672,0,300
1922,1561,0,100
1960,1612,0,216
1972,1565,0,322
1998,1540,0,340
1997,1693,0,325
2011,1645,0,353
2031,1585,0,15
2050,1495,0,18
2063,1531,0,352
2060,1645,0,54
2099,1657,0,219
2163,1535,0,10
2218,1580,0,336
2275,1537,0,353
2311,1502,1,39
2335,1504,0,353
2366,1552,0,356
60,1810,0,5
87,1716,0,315
100,1858,0,193
116,1893,0,347
130,1765,1,272
139,1820,0,18
174,1851,0,43
180,1900,0,359
191,1800,0,317
202,1746,0,0
232,1856,1,302
251,1784,0,259
258,1751,1,63
281,1883,0,306
297,1787,0,211
309,1717,0,354
337,1751,0,1
360,1723,1,17
378,1784,0,359
376,1825,0,166
378,1854,0,353
378,1895,0,339
388,1707,1,303
443,1719,0,340
438,1887,0,272
469,1832,0,181
466,1875,1,90
495,1739,1,315
496,1772,0,357
501,1899,0,294
519,1773,0,180
515,1809,0,143
546,1708,1,4
553,1732,0,356
545,1858,1,84
564,1848,0,38
589,1874,0,267
618,1769,0,4
636,1841,0,333
699,1801,1,40
698,1893,1,57
747,1762,0,255
778,1846,1,89
779,1817,1,18
812,1757,0,193
811,1891,0,12
832,1726,1,336
839,1841,0,138
854,1795,0,353
896,1820,0,359
906,1884,0,345
938,1702,0,87
963,1805,1,314
967,1744,0,276
989,1877,1,42
1000,1901,0,55
1053,1885,0,336
1069,1769,0,185
1099,1762,1,44
1115,1709,0,162
1113,1846,0,21
1153,1750,0,18
1172,1718,1,21
1201,1731,1,9
1232,1702,0,334
1223,1856,0,85
1242,1872,0,25
1290,1795,0,280
1290,1714,0,271
1304,1762,0,355
1326,1820,0,4
1351,1742,1,286
1396,1862,1,354
1396,1805,1,342
1419,1720,0,185
1475,1736,0,14
1476,1792,0,210
1505,1699,0,10
1510,1873,0,86
1539,1767,0,235
1563,1875,0,14
1580,1699,0,337
1592,1780,0,225
1603,1736,0,358
1655,1763,0,11
1674,1834,0,222
1759,1755,0,184
1830,1739,0,44
1843,1845,0,113
1893,1725,0,335
1933,1802,0,303
1989,1737,0,344
2090,1821,0,342
2136,1735,0,335
55,820,0,276
93,672,0,128
102,809,0,145
135,761,0,115
159,707,0,134
159,833,0,123
178,792,1,63
190,818,0,16
204,748,1,27
205,716,1,26
211,774,0,6
207,838,1,38
239,703,0,294
252,754,0,311
262,688,1,289
286,858,1,58
286,736,1,16
305,696,0,50
312,812,1,45
339,708,0,270
341,767,1,50
358,828,0,336
364,871,1,330
369,809,1,344
385,788,0,328
420,782,1,37
425,838,0,85
442,700,0,259
462,668,0,84
468,758,0,353
490,796,0,336
499,735,1,319
499,856,1,358
509,697,0,13
546,793,0,85
570,717,0,270
599,777,0,16
599,827,1,296
619,832,0,346
640,682,0,116
653,729,0,32
692,855,0,290
707,736,0,60
724,696,0,305
733,781,1,333
763,708,1,305
769,681,0,144
805,812,0,198
814,861,1,325
841,690,1,293
866,723,0,350
866,861,1,316
960,716,0,10
961,797,0,43
975,743,1,273
1004,764,0,144
1026,710,1,90
1035,787,0,280
1052,755,1,315
1068,686,0,109
1078,809,0,292
1125,793,0,92
1158,756,1,21
1158,825,0,88
1193,849,0,53
1213,707,0,333
1243,778,0,351
1254,668,0,3
1307,813,0,1
1301,721,0,96
1311,759,0,354
1299,700,0,279
1322,668,0,31
1325,789,1,351
1337,842,0,4
1381,704,0,168
1412,739,0,224
1420,668,0,157
1455,830,0,80
1488,859,1,313
1489,735,1,309
1498,824,0,128
1512,676,0,350
1514,775,0,124
1543,705,1,343
1552,873,0,130
1561,760,0,298
1565,841,1,313
1610,716,0,186
1618,841,1,66
1648,736,1,347
1651,769,0,232
1653,675,0,26
1678,693,1,85
1676,750,1,90
1693,835,0,14
1695,788,0,169
1764,766,0,76
1767,854,0,64
1815,702,0,254
1816,836,0,297
1829,758,1,84
1863,829,0,292
1881,789,1,90
1889,707,0,61
1896,870,0,205
1910,833,0,8
1920,752,0,308
1938,796,0,0
1959,857,0,49
2034,718,0,356
2035,758,0,347
2104,865,0,346
2135,808,0,351
2176,766,0,332
2276,852,0,345
105,905,0,264
113,1006,0,347
147,1073,0,96
164,887,0,6
173,1066,1,47
186,977,0,201
200,1047,0,240
205,934,0,298
214,889,0,60
234,915,1,72
234,1066,1,350
243,1014,0,176
258,991,1,354
265,886,0,314
267,1045,0,354
284,988,0,103
314,1021,1,279
341,1010,1,85
347,1041,0,44
350,935,0,319
380,916,0,331
399,1061,0,25
393,1038,1,332
400,886,0,127
460,877,0,278
470,1034,0,128
524,1068,0,80
524,995,1,75
537,888,0,1
559,1002,0,292
577,934,1,18
595,1051,0,75
630,875,0,218
626,972,0,107
626,1075,0,97
671,1054,0,44
676,949,0,44
717,977,0,10
719,1065,0,4
741,913,0,317
746,1022,0,12
805,938,0,91
814,892,1,79
839,937,1,90
891,1029,1,15
891,936,1,270
917,881,0,28
916,1013,1,16
943,938,1,26
941,1061,1,52
955,1043,0,49
1005,1059,0,232
1017,878,0,78
1021,924,1,75
1050,952,0,178
1072,1060,0,1
1072,899,0,29
1101,941,1,292
1127,959,0,40
1128,1076,1,357
1155,998,1,55
1171,1060,0,70
1196,922,0,326
1240,904,0,357
1252,1040,0,356
1251,960,0,166
1266,941,0,97
1326,947,0,349
1332,891,0,199
1380,1068,1,305
1388,960,0,22
1384,1038,1,319
1390,909,0,36
1392,875,0,31
1410,1063,0,286
1448,965,0,279
1455,900,0,301
1479,1060,0,139
1486,947,0,316
1483,976,1,356
1509,996,1,79
1512,1022,1,12
1518,1056,0,330
1526,926,0,342
1538,978,0,329
1605,886,0,99
1618,1054,1,37
1681,890,0,346
1686,1030,0,346
1701,1005,0,19
1749,1067,0,328
1761,939,0,286
1789,904,0,274
1796,987,0,185
1804,1036,1,58
1812,896,1,285
1828,929,0,55
1855,996,0,201
1854,892,1,83
1871,926,0,237
1896,1020,0,247
1917,949,0,278
1947,978,0,95
1954,902,0,162
1997,968,0,260
1997,1044,0,258
2012,894,0,340
2052,1026,0,51
2054,983,0,16
2061,1066,0,37
2096,931,0,88
2164,1052,0,355
2206,954,0,357
2215,911,0,355
2236,1000,0,119
2281,981,0,340
2288,904,0,343
2300,1026,0,23
2342,968,0,19
2399,1063,0,13
2463,1022,0,71
2471,879,0,355
86,1236,0,3
94,1169,0,268
122,1161,1,47
151,1135,0,342
176,1189,0,199
184,1257,0,324
185,1099,1,336
207,1237,0,323
210,1132,0,287
217,1084,0,334
221,1199,0,7
229,1282,0,221
235,1259,1,343
248,1123,0,67
263,1247,0,333
259,1175,1,349
284,1281,0,0
298,1196,0,302
295,1146,0,1
313,1088,0,164
357,1260,0,341
361,1155,0,91
398,1119,0,178
392,1190,1,340
416,1233,0,186
424,1145,0,11
435,1184,0,150
466,1133,0,118
473,1242,0,340
471,1208,1,45
476,1089,1,308
483,1285,0,28
497,1131,1,10
547,1191,0,134
544,1225,1,315
549,1130,1,319
575,1178,1,329
584,1249,0,218
609,1119,0,151
612,1179,0,217
651,1225,1,58
664,1253,0,34
684,1098,0,205
688,1137,0,20
706,1256,1,21
735,1208,0,203
733,1278,0,254
734,1150,1,48
777,1131,0,33
774,1251,0,261
810,1194,1,326
819,1151,0,359
816,1226,0,57
861,1261,1,319
878,1241,0,354
879,1170,0,248
889,1091,1,80
892,1122,1,23
925,1202,0,15
944,1142,0,68
975,1236,0,147
995,1122,1,278
1018,1231,1,72
1022,1149,0,74
1072,1229,1,0
1079,1274,0,266
1090,1198,0,121
1103,1142,0,123
1159,1207,0,329
1151,1275,1,82
1178,1175,0,336
1192,1150,0,147
1192,1279,0,273
1214,1121,0,355
1210,1228,0,286
1250,1153,0,60
1254,1242,0,141
1300,1252,0,123
1301,1151,0,228
1317,1208,0,181
1354,1246,0,344
1377,1195,0,116
1397,1139,0,292
1433,1132,0,302
1434,1231,0,73
1483,1128,1,340
1501,1219,0,190
1497,1165,0,9
1498,1280,0,1
1512,1102,0,186
1553,1241,0,358
1574,1138,0,0
1592,1222,0,318
1595,1088,0,348
1602,1266,0,20
1620,1233,1,10
1662,1279,0,267
1670,1198,0,148
1671,1234,1,354
1713,1251,0,258
1725,1207,1,349
1743,1171,0,119
1757,1235,0,228
1795,1165,0,319
1803,1130,0,359
1828,1252,0,313
1855,1200,0,69
1888,1105,0,114
1912,1241,0,125
1921,1274,1,86
1933,1146,0,358
1931,1214,0,294
1953,1268,0,94
1983,1188,0,331
2008,1151,0,355
2005,1238,0,325
2050,1190,0,335
2052,1108,1,88
2073,1105,0,19
2079,1151,0,111
2114,1199,0,78
2122,1243,0,223
2131,1081,0,343
2173,1280,0,273
2175,1201,0,87
2195,1088,0,41
2219,1110,0,359
2229,1257,0,8
2248,1105,0,200
2289,1080,0,34
2300,1279,0,355
2313,1250,0,191
2327,1118,0,7
2334,1200,0,145
2344,1154,0,10
2370,1191,0,331
2455,1252,0,106
