108,241,0,43
518,174,0,174
880,238,0,359
2517,217,0,263
137,278,0,262
154,456,0,323
210,387,0,248
253,316,0,335
259,384,1,291
260,353,1,62
296,443,0,3
328,354,0,21
345,278,0,329
359,439,0,175
365,313,0,33
368,371,0,268
408,427,0,349
474,383,1,4
505,315,0,66
527,383,1,55
591,403,0,323
597,333,0,95
659,311,0,341
664,359,0,190
691,429,0,271
732,280,0,57
757,349,0,354
765,293,0,96
786,410,0,312
801,280,0,67
817,395,0,314
816,460,1,37
842,344,0,329
896,431,0,359
921,382,0,359
928,404,1,337
1631,447,0,337
2348,266,0,203
94,659,0,135
106,493,0,174
117,545,0,345
184,653,0,358
203,592,0,161
207,536,1,297
237,550,0,272
236,611,1,318
245,662,0,257
249,483,0,302
253,618,0,349
285,540,0,288
302,655,0,338
309,499,0,138
316,604,0,291
326,570,1,310
340,490,1,312
351,560,0,302
365,527,0,294
368,477,1,301
381,599,0,20
395,490,1,280
400,512,0,259
416,540,0,63
439,480,0,302
451,567,0,270
460,639,0,97
476,535,1,348
475,567,1,279
484,463,0,106
492,624,0,91
502,521,1,25
554,462,1,304
579,657,1,328
586,531,0,221
626,467,0,322
631,631,1,87
658,643,1,42
658,552,1,355
685,506,1,71
694,608,0,259
739,530,0,280
765,654,0,103
765,521,1,287
786,567,0,261
791,477,1,29
818,554,1,302
831,614,0,3
839,473,0,231
844,507,1,76
852,569,0,9
859,529,0,5
874,462,1,82
907,587,0,26
922,647,1,42
951,510,1,329
977,474,0,192
975,555,1,20
1001,571,1,353
1027,618,1,85
1030,494,1,290
1051,662,1,305
1062,505,0,331
1106,572,1,339
1120,628,0,191
1165,484,0,8
1213,538,0,354
1240,637,0,356
1248,466,0,346
1301,500,0,8
1328,667,0,63
1400,604,0,208
1469,614,0,185
1493,644,1,45
1547,645,1,280
1573,600,1,285
1627,535,0,12
1627,647,0,36
1697,656,0,320
1703,483,0,40
1705,587,1,68
1731,632,1,21
1757,620,1,282
1792,624,0,116
1835,619,0,348
1854,565,0,0
1923,546,0,349
62,2043,0,97
79,1967,0,347
95,1933,0,319
179,1995,0,300
281,1978,0,319
282,2012,0,298
311,1963,1,338
323,2034,0,38
336,2064,0,207
334,1917,1,351
336,1978,0,61
386,1946,1,295
388,2006,1,281
416,2083,0,11
462,2051,1,275
463,2083,1,23
487,1983,0,24
490,1948,1,354
491,2098,1,322
502,2076,0,137
520,2040,0,340
542,2103,0,343
565,1983,0,58
576,2070,0,25
583,1925,0,190
589,2101,0,254
594,1981,1,66
622,2085,0,209
632,2008,0,217
652,1905,0,244
689,2025,0,339
698,1922,0,23
700,1982,1,298
722,1952,0,1
770,2021,0,343
781,2074,0,351
829,1949,0,348
830,1996,1,11
872,1929,0,352
889,1987,0,47
937,1909,1,351
962,1953,0,267
1231,1906,0,353
2178,1910,0,53
159,2248,0,242
343,2174,0,175
371,2114,0,53
530,2138,0,150
610,2170,0,24
622,2123,0,25
643,2201,0,353
938,2200,0,53
937,2289,0,110
75,2366,1,333
184,2354,0,55
2454,2517,0,61
78,1484,0,263
102,1436,0,1
150,1325,0,145
155,1387,0,144
220,1297,0,218
207,1371,0,273
250,1332,0,16
254,1468,0,255
271,1382,0,160
284,1465,1,46
293,1420,0,311
313,1361,1,315
338,1366,0,267
368,1464,0,162
371,1297,0,269
391,1405,1,338
403,1328,0,39
405,1370,0,44
405,1440,0,325
433,1422,0,150
442,1376,1,65
457,1412,0,69
461,1335,0,12
463,1334,0,12
470,1451,1,286
501,1365,0,257
512,1293,0,202
522,1327,1,272
547,1377,0,31
547,1315,1,336
568,1334,0,22
573,1398,0,227
586,1432,0,203
603,1460,0,200
625,1342,0,93
662,1418,0,148
666,1328,0,321
663,1383,0,168
668,1380,0,175
715,1401,0,326
708,1471,0,185
722,1456,0,114
757,1379,1,279
771,1343,0,219
782,1454,1,5
807,1376,0,61
810,1288,1,292
818,1451,0,262
856,1325,0,185
870,1421,0,294
901,1388,0,331
913,1318,1,290
919,1444,0,241
949,1366,0,71
973,1393,0,63
1023,1386,0,45
1051,1426,0,152
1058,1485,0,114
1075,1310,0,32
1079,1352,0,59
1093,1393,1,279
1120,1396,0,76
1145,1426,0,257
1171,1483,0,352
1178,1351,0,45
1200,1390,0,353
1221,1432,0,74
1226,1358,0,311
1234,1293,0,87
1262,1323,0,254
1279,1433,0,311
1294,1339,0,222
1308,1396,0,290
1319,1341,0,310
1363,1353,0,226
1365,1423,0,37
1401,1295,0,84
1420,1361,0,337
1417,1461,0,57
1424,1400,1,288
1427,1311,0,275
1460,1295,0,76
1457,1326,1,16
1473,1490,0,6
1494,1286,0,329
1545,1330,0,214
1585,1461,1,277
1604,1302,0,242
1659,1444,0,198
1653,1287,0,286
1694,1478,0,341
1707,1351,0,203
1708,1407,0,190
1734,1437,0,210
1756,1376,0,185
1760,1321,0,139
1785,1435,0,217
1809,1329,0,281
1847,1328,0,108
1848,1438,0,307
1867,1298,0,327
1884,1382,0,94
1901,1438,0,234
1910,1484,0,198
1910,1354,0,96
1942,1357,0,97
1958,1442,0,280
1976,1328,0,324
1983,1412,0,221
1988,1447,0,27
2001,1299,0,116
2039,1366,0,232
2045,1434,0,32
2083,1454,0,29
2098,1382,0,150
2124,1293,0,52
2135,1338,0,350
2183,1372,0,254
2202,1301,0,226
2219,1335,0,245
2236,1473,0,9
2256,1334,0,328
2258,1367,0,180
2270,1417,0,298
2282,1296,0,15
2304,1324,0,359
2321,1467,0,352
2333,1371,0,40
2352,1413,0,4
2386,1460,0,214
2444,1306,0,332
2454,1451,0,343
107,1539,0,195
139,1606,0,135
162,1690,0,5
175,1536,0,97
188,1609,0,217
198,1575,0,27
203,1641,0,20
211,1667,0,344
212,1516,0,316
211,1596,1,321
231,1494,1,21
253,1589,0,344
260,1600,1,301
286,1595,0,351
287,1615,1,280
289,1643,1,41
296,1676,0,9
301,1555,0,93
304,1503,0,149
312,1652,1,90
342,1631,0,290
355,1557,0,207
356,1695,0,278
371,1507,0,6
392,1629,0,75
423,1679,0,357
431,1508,0,50
438,1580,0,346
482,1638,0,352
490,1588,1,347
494,1496,0,277
520,1579,0,18
544,1668,0,5
545,1528,1,332
597,1498,1,301
621,1601,1,301
656,1646,0,20
654,1497,0,286
664,1564,0,186
687,1696,0,301
715,1666,0,286
729,1606,0,310
736,1578,0,158
751,1681,1,334
755,1499,1,17
765,1658,0,348
763,1543,0,61
788,1596,0,18
817,1548,0,10
813,1697,0,269
859,1620,1,27
877,1656,0,352
884,1696,1,297
914,1505,0,2
936,1548,1,332
952,1601,0,290
954,1558,0,333
988,1668,1,280
997,1506,0,24
1015,1696,0,227
1026,1593,0,32
1029,1546,0,217
1068,1685,1,320
1073,1539,0,244
1093,1609,1,328
1095,1669,1,16
1098,1549,1,313
1116,1514,0,41
1113,1680,0,328
1150,1530,0,40
1152,1567,0,29
1168,1627,0,343
1206,1582,0,13
1200,1670,1,0
1217,1501,0,34
1236,1530,0,37
1238,1635,0,319
1273,1575,0,218
1276,1535,0,212
1290,1651,0,266
1304,1616,0,118
1350,1567,0,347
1354,1503,1,319
1352,1683,1,302
1351,1625,1,318
1370,1610,0,310
1383,1530,0,17
1386,1693,0,46
1442,1573,0,274
1467,1624,0,219
1500,1660,0,31
1561,1585,0,182
1569,1686,0,303
1580,1528,0,47
1588,1631,0,0
1621,1577,0,124
1678,1636,0,93
1710,1508,0,201
1755,1621,0,314
1771,1496,0,254
1781,1607,0,319
1799,1554,0,333
1807,1584,0,193
1807,1639,0,217
1821,1520,0,25
1824,1672,0,206
1852,1555,0,338
1859,1610,0,103
1862,1652,0,116
1876,1691,0,262
1899,1553,0,307
1915,1514,0,7
1938,1692,0,119
1984,1578,0,254
1995,1506,0,217
1999,1684,0,295
2039,1544,0,324
2047,1664,0,331
2108,1499,0,237
2106,1622,0,260
2138,1685,0,335
2159,1617,0,30
2171,1534,0,19
2218,1580,0,337
2276,1535,0,354
2336,1508,0,351
2370,1539,0,351
66,1809,0,4
103,1724,0,73
113,1900,0,345
128,1766,1,86
140,1819,0,22
160,1760,0,296
154,1897,1,290
168,1848,0,33
178,1902,0,282
216,1761,0,81
233,1856,1,88
260,1706,0,349
268,1783,0,126
280,1901,0,34
304,1864,0,351
310,1722,1,319
335,1783,0,200
344,1748,0,354
346,1838,0,315
380,1825,0,160
389,1704,1,287
414,1875,0,355
440,1751,0,75
486,1835,0,159
493,1739,1,331
501,1892,0,310
545,1719,0,3
541,1885,0,116
564,1800,0,219
574,1756,0,180
606,1879,0,183
622,1843,0,334
646,1877,0,172
653,1711,0,139
651,1761,0,57
653,1903,0,243
699,1893,1,352
700,1801,1,60
737,1865,0,195
746,1815,0,13
751,1840,0,0
779,1846,1,331
808,1794,0,284
806,1743,1,57
813,1699,0,273
829,1876,0,97
835,1727,1,58
870,1795,0,40
905,1820,0,357
938,1751,0,147
963,1804,1,315
993,1898,0,80
1053,1885,0,335
1115,1707,0,190
1112,1846,0,21
1116,1741,0,8
1120,1776,0,190
1146,1700,1,16
1173,1717,1,34
1224,1743,0,345
1227,1866,0,22
1249,1699,0,14
1240,1717,0,85
1315,1876,0,320
1324,1821,0,3
1317,1848,1,343
1352,1741,1,81
1395,1862,1,24
1396,1805,1,341
1421,1726,0,199
1469,1868,0,296
1477,1744,0,30
1503,1700,0,12
1519,1763,0,226
1562,1873,0,22
1569,1733,0,322
1608,1795,0,347
1623,1852,0,252
1653,1762,0,2
1658,1899,0,236
1701,1813,0,242
1775,1817,0,155
1831,1741,0,26
1918,1747,0,11
1930,1797,0,332
2005,1752,0,19
2091,1821,0,343
2136,1739,0,345
76,712,0,264
100,816,0,173
146,755,0,150
161,704,0,132
164,840,0,118
178,791,1,76
189,818,0,11
203,748,1,44
209,775,0,0
206,838,1,50
205,719,1,306
241,729,0,302
264,688,1,61
276,824,0,350
285,855,1,64
292,777,0,56
305,703,0,57
325,867,0,275
342,720,0,95
341,766,1,89
365,870,1,348
367,811,1,24
392,838,0,2
423,748,0,348
425,713,0,211
452,825,0,304
466,695,0,332
481,751,0,314
498,856,1,20
501,734,1,302
522,673,0,263
527,799,0,64
540,870,0,345
554,705,0,87
592,761,0,215
604,796,1,0
623,845,0,329
623,719,0,335
637,786,0,67
687,690,0,59
693,783,0,329
707,738,0,61
734,781,1,337
758,721,0,330
761,868,0,99
766,704,1,338
804,673,0,250
826,868,0,328
844,748,0,333
841,691,1,6
855,829,0,4
866,861,1,289
916,860,0,32
918,803,0,343
925,757,0,355
935,705,0,137
973,740,1,303
1006,734,0,288
1026,708,1,280
1051,755,1,10
1059,856,0,63
1063,697,0,66
1139,683,0,234
1145,814,0,14
1158,756,1,4
1202,840,0,8
1214,708,0,336
1239,787,0,356
1255,669,0,7
1300,705,0,265
1310,759,0,354
1336,841,0,3
1427,680,0,231
1446,787,0,21
1458,819,0,18
1490,735,1,323
1515,673,0,357
1521,755,0,8
1538,855,0,35
1547,799,0,147
1544,705,1,17
1596,702,1,24
1602,850,0,287
1613,714,0,216
1621,841,1,290
1651,676,0,15
1649,737,1,333
1669,826,0,356
1675,752,1,83
1678,693,1,87
1693,788,0,163
1743,699,0,178
1750,853,0,344
1761,817,0,9
1766,766,0,65
1809,847,0,101
1817,702,0,268
1830,758,1,271
1874,796,0,78
1886,848,0,163
1891,700,0,59
1909,829,0,345
1916,755,0,295
1923,805,0,350
2030,723,0,8
2035,760,0,4
2103,864,0,342
2135,810,0,345
2182,767,0,93
2277,852,0,348
92,900,0,200
119,1008,0,21
149,1073,0,94
168,891,0,19
173,1068,1,72
181,962,0,293
201,1047,0,57
206,932,0,300
206,903,1,29
232,1064,1,306
234,1007,1,30
241,944,0,102
260,991,1,301
260,1056,0,86
280,933,0,293
287,1040,1,0
314,1021,1,314
349,927,0,343
394,1039,1,335
414,1061,0,357
430,960,0,9
451,889,0,229
486,936,0,355
530,1007,0,204
521,1055,1,0
548,920,1,281
573,1031,0,44
583,920,0,350
573,939,1,79
622,884,0,182
630,1068,0,325
639,1030,0,314
659,986,0,346
678,947,0,5
717,1054,0,332
733,875,1,287
760,1044,1,338
762,1013,1,55
797,957,0,34
788,908,1,70
813,920,1,44
812,892,1,74
864,1064,0,343
891,936,1,288
891,1029,1,324
916,1013,1,280
940,1029,1,14
943,938,1,5
950,889,0,215
956,1048,0,38
1017,920,0,347
1034,891,0,166
1071,1074,0,327
1075,969,0,181
1095,910,0,353
1110,945,0,328
1124,1004,0,79
1128,1076,1,8
1154,926,0,93
1153,1031,1,8
1156,998,1,64
1170,1060,0,73
1242,875,0,0
1257,1052,0,356
1258,983,0,120
1322,949,0,341
1325,892,0,200
1336,1046,0,39
1379,914,0,14
1380,1065,1,322
1389,974,0,359
1396,1012,0,341
1408,1045,0,161
1402,1077,0,338
1432,929,0,268
1438,887,0,315
1459,1014,0,154
1470,1060,0,135
1488,948,0,333
1483,976,1,57
1484,916,1,308
1494,875,0,282
1509,996,1,58
1518,1055,0,333
1536,1019,0,8
1539,975,0,315
1539,945,1,315
1617,1052,1,330
1630,990,0,116
1681,890,0,344
1696,1043,0,334
1695,965,0,46
1701,1007,0,25
1723,934,1,45
1762,1017,0,72
1805,893,1,324
1807,1032,0,100
1826,1069,0,18
1830,969,0,319
1854,951,0,80
1874,900,0,132
1890,958,0,214
1945,889,0,333
1944,1054,0,27
1955,954,1,22
1998,922,0,106
2029,998,0,290
2038,916,0,91
2038,1078,0,102
2072,938,0,78
2079,1060,1,75
2096,1028,0,331
2102,982,0,16
2099,1061,0,81
2178,1048,0,2
2186,1015,0,117
2209,962,0,2
2219,930,0,348
2239,1059,0,359
2241,1001,0,141
2286,904,0,342
2283,983,0,340
2342,966,0,17
2400,1061,0,13
2464,1021,0,69
84,1101,0,245
87,1232,0,326
124,1157,0,242
143,1124,0,11
163,1227,0,27
178,1190,0,208
184,1268,0,349
183,1097,1,306
197,1150,0,203
208,1238,1,352
213,1091,0,295
232,1206,0,351
234,1186,1,288
235,1262,1,332
250,1246,0,312
259,1175,1,85
264,1138,0,114
288,1284,0,278
307,1089,0,30
313,1122,0,11
309,1248,0,311
316,1201,0,340
318,1152,0,211
368,1245,0,6
366,1197,0,118
395,1115,0,179
402,1159,0,232
417,1265,0,222
435,1196,0,90
440,1138,1,34
471,1208,1,285
471,1238,1,45
474,1088,1,303
489,1186,0,154
497,1110,0,32
495,1136,1,45
526,1207,0,317
545,1112,0,41
545,1223,1,341
553,1170,0,66
601,1129,0,49
620,1280,0,148
620,1163,0,229
645,1222,1,46
653,1259,0,351
687,1216,0,29
706,1255,1,354
729,1177,0,146
732,1147,1,340
763,1284,0,24
761,1232,0,317
766,1147,0,290
814,1144,0,0
812,1196,1,332
853,1284,0,330
871,1185,0,338
878,1232,0,27
890,1092,1,340
892,1122,1,22
912,1260,0,41
916,1149,0,2
942,1121,1,354
941,1090,1,12
984,1082,0,69
995,1122,1,57
1008,1281,0,141
1019,1231,1,10
1053,1232,0,278
1080,1198,0,92
1104,1142,0,115
1111,1245,0,24
1179,1175,0,356
1204,1281,0,84
1212,1148,0,344
1213,1114,0,5
1226,1218,0,7
1269,1101,0,278
1271,1263,0,267
1278,1284,0,115
1305,1096,0,277
1307,1245,0,100
1338,1179,0,18
1359,1275,0,328
1411,1161,0,299
1418,1228,0,333
1417,1095,0,250
1433,1131,0,306
1471,1144,0,229
1479,1193,0,341
1534,1218,1,329
1545,1097,0,5
1557,1235,0,44
1574,1271,0,34
1580,1141,0,155
1593,1234,1,85
1603,1200,0,333
1617,1236,1,77
1652,1285,0,283
1669,1235,1,320
1696,1212,0,67
1726,1209,1,353
1753,1185,0,139
1765,1248,0,114
1786,1148,0,325
1806,1128,0,354
1814,1258,0,156
1821,1195,0,222
1834,1231,0,170
1856,1129,0,74
1889,1194,0,136
1890,1279,0,137
1912,1132,0,236
1943,1250,0,339
1972,1159,0,171
1995,1197,0,348
2002,1088,0,104
2030,1257,0,285
2038,1080,0,103
2048,1150,0,45
2060,1198,0,86
2073,1105,0,17
2075,1267,0,111
2102,1248,0,270
2115,1166,0,81
2141,1093,0,336
2154,1213,0,252
2172,1279,0,269
2178,1195,0,92
2211,1137,0,115
2228,1256,0,27
2279,1124,0,333
2284,1166,0,102
2298,1231,0,266
2328,1116,0,344
2334,1201,0,139
2357,1156,0,12
2371,1248,0,242
