63,2043,0,95
81,1963,0,345
157,1964,0,331
245,1946,0,192
283,2007,0,282
333,1964,0,197
334,2009,0,226
337,2063,1,57
387,1946,1,285
399,2027,0,273
419,2081,0,11
437,2006,1,2
463,2051,1,304
474,2095,0,59
490,1948,1,10
518,2084,1,37
543,2100,0,346
540,1921,1,0
590,2102,0,194
592,1979,1,318
594,1923,1,85
593,1949,1,323
619,2090,0,307
649,2024,0,306
646,1922,1,287
655,1905,0,55
670,1954,0,190
675,1930,1,316
699,1982,1,307
729,1924,0,346
753,1974,0,241
781,2072,0,186
802,1953,1,333
815,1932,0,334
830,1996,1,28
876,1933,0,358
888,1988,0,55
936,1908,1,39
983,1906,0,150
1031,1931,0,209
1325,1925,0,174
130,2221,0,155
345,2171,0,172
382,2123,0,351
433,2174,0,1
464,2114,1,101
539,2135,0,343
632,2192,0,347
643,2126,0,357
738,2132,0,256
821,2159,0,13
966,2164,0,197
76,2367,1,38
183,2356,0,55
351,2345,0,56
2452,2513,0,61
252,96,0,187
879,238,0,0
961,103,0,194
2517,217,0,266
133,276,0,196
154,455,0,326
191,304,0,251
206,393,0,247
237,423,0,282
251,377,1,318
261,355,1,284
278,396,0,64
324,386,0,50
340,277,0,331
338,452,0,208
359,339,0,345
370,385,0,226
409,426,0,1
433,359,0,48
474,383,1,352
517,426,0,182
527,383,1,46
577,339,0,209
622,449,0,102
653,309,0,346
664,359,0,193
673,401,0,227
702,421,0,229
718,458,0,222
725,276,0,58
756,348,0,353
751,288,0,77
764,433,1,332
776,411,0,293
801,273,0,66
817,461,1,5
827,403,0,302
840,356,1,320
852,331,0,308
872,459,1,280
896,431,0,358
959,407,0,95
1034,405,0,285
1588,453,0,232
1629,446,0,336
105,493,0,174
124,547,0,154
166,648,0,267
213,555,0,301
240,520,0,354
234,612,1,85
262,648,0,135
272,559,0,46
283,600,0,206
311,511,0,93
318,567,1,298
320,611,0,278
340,485,1,354
342,583,1,87
346,652,0,342
342,552,1,66
361,519,0,285
369,481,0,295
399,533,0,312
392,494,1,36
409,639,0,209
454,482,0,215
454,554,0,279
481,627,0,298
477,535,1,5
501,521,0,50
509,589,0,94
555,463,1,32
579,657,1,19
631,631,0,264
637,535,0,217
657,643,1,50
659,553,1,357
685,506,1,50
736,661,1,15
760,489,0,13
763,520,1,294
780,663,0,87
793,474,1,321
817,531,0,213
829,613,0,10
851,662,0,128
854,485,0,189
859,552,0,34
915,574,0,41
920,502,0,70
951,509,1,315
975,555,1,48
1002,571,1,354
1010,480,0,16
1027,618,1,270
1054,663,1,335
1106,571,1,71
1132,521,0,188
1137,573,0,256
1166,481,0,6
1218,538,0,357
1222,612,0,329
1249,467,0,346
1256,515,0,324
1266,590,0,98
1300,500,0,10
1393,654,0,11
1503,662,0,45
1548,646,1,80
1573,600,1,288
1624,536,0,25
1625,629,1,347
1689,661,0,305
1690,515,0,56
1705,587,1,85
1731,632,1,2
1758,620,1,34
1794,621,0,109
1850,657,0,326
1855,566,0,3
1906,648,0,136
1927,546,0,348
2113,628,0,35
103,1423,0,359
149,1296,0,202
149,1383,0,139
152,1334,0,20
187,1393,0,46
195,1468,0,52
200,1415,0,218
202,1368,0,242
218,1297,0,230
249,1344,0,353
246,1385,0,321
255,1317,0,351
257,1317,0,354
257,1447,0,285
295,1473,0,247
299,1419,0,325
317,1294,0,138
324,1388,0,358
327,1359,0,187
393,1319,0,47
388,1404,1,304
389,1436,1,316
411,1375,0,76
442,1320,0,13
444,1426,0,203
441,1491,0,104
442,1375,1,78
468,1452,1,318
482,1359,0,259
499,1303,0,347
504,1486,0,356
512,1457,0,355
517,1382,0,58
522,1330,1,41
549,1316,1,80
557,1394,0,24
561,1451,0,291
589,1414,0,22
616,1439,0,53
628,1299,0,330
624,1362,1,81
644,1365,0,348
665,1477,0,208
667,1395,0,9
669,1290,0,328
695,1324,0,27
693,1359,0,34
693,1437,0,347
725,1457,0,101
731,1363,1,41
755,1310,0,271
758,1378,1,339
766,1477,0,290
784,1414,0,355
786,1454,1,300
811,1289,1,13
818,1343,0,129
837,1395,1,292
862,1430,0,195
870,1394,0,3
862,1373,1,358
897,1348,0,136
913,1319,1,313
915,1445,0,239
939,1484,0,31
950,1331,0,22
968,1388,0,282
986,1302,0,330
991,1457,1,44
1024,1423,0,40
1054,1341,0,203
1068,1457,0,111
1097,1394,1,48
1106,1316,0,306
1118,1480,0,25
1119,1415,0,24
1186,1383,0,337
1205,1455,0,221
1231,1342,0,201
1241,1366,0,39
1249,1462,0,215
1256,1390,0,54
1294,1430,0,93
1305,1339,0,339
1314,1471,0,350
1320,1376,0,11
1318,1297,0,12
1327,1427,0,105
1354,1414,1,86
1375,1349,0,162
1424,1306,0,327
1424,1401,1,294
1454,1390,0,289
1489,1286,0,311
1496,1479,0,38
1585,1401,0,50
1585,1461,1,273
1638,1401,0,212
1652,1308,0,209
1665,1452,0,56
1667,1387,1,298
1683,1340,0,188
1717,1370,0,19
1756,1337,0,300
1791,1440,0,188
1793,1288,0,190
1803,1331,0,327
1847,1290,0,68
1856,1333,0,240
1855,1455,0,48
1892,1473,0,197
1901,1293,0,17
1907,1353,0,162
1946,1428,0,247
1978,1484,0,348
1983,1445,0,38
1983,1414,0,51
1994,1366,0,219
2013,1297,0,49
2019,1444,0,98
2059,1405,0,8
2052,1343,0,256
2059,1476,0,32
2095,1335,0,274
2104,1422,0,348
2128,1387,0,289
2134,1314,0,147
2164,1352,0,5
2204,1294,0,97
2230,1361,0,8
2285,1400,0,5
2288,1313,0,305
2311,1464,0,45
2402,1478,0,176
2423,1397,0,216
2420,1291,0,210
2451,1297,0,324
2459,1417,0,248
2474,1390,0,55
99,1686,0,151
114,1543,0,253
143,1621,0,284
167,1692,0,352
174,1611,1,347
176,1536,0,262
200,1573,0,35
216,1667,0,332
231,1518,0,17
231,1492,1,42
234,1584,1,58
268,1612,0,215
283,1573,0,2
289,1643,1,61
305,1523,0,76
306,1689,0,263
334,1623,0,351
342,1681,0,86
349,1552,0,317
352,1595,0,347
356,1495,0,115
366,1659,1,322
375,1696,0,310
389,1526,1,285
417,1683,0,359
416,1545,0,77
425,1634,0,235
441,1493,0,103
480,1689,0,227
484,1642,0,24
536,1618,0,316
546,1528,1,345
552,1678,0,10
557,1557,0,354
584,1625,0,119
597,1498,1,335
620,1603,1,120
643,1654,0,245
655,1536,0,151
665,1625,0,3
668,1625,0,8
676,1576,0,38
671,1662,1,288
686,1689,0,297
728,1574,1,354
730,1605,0,305
749,1649,0,340
753,1681,1,6
771,1559,0,143
857,1573,0,6
855,1620,1,45
877,1626,0,243
884,1696,1,277
902,1527,0,341
911,1591,1,59
936,1549,1,358
939,1601,0,212
968,1517,0,73
988,1669,1,298
1009,1503,0,274
1046,1508,0,101
1051,1678,0,117
1093,1609,1,325
1095,1669,1,323
1094,1547,1,338
1117,1518,0,42
1150,1624,0,354
1158,1538,0,259
1209,1554,0,211
1200,1669,1,272
1228,1507,0,7
1246,1681,0,355
1249,1618,0,17
1277,1652,0,6
1283,1561,0,159
1297,1516,0,307
1330,1607,0,33
1353,1624,1,46
1355,1503,1,305
1375,1639,0,201
1395,1583,0,105
1415,1678,0,25
1451,1594,0,88
1542,1531,0,249
1558,1679,0,194
1607,1533,0,256
1619,1668,0,303
1661,1668,0,146
1664,1505,0,38
1706,1650,0,322
1714,1506,0,196
1716,1570,0,240
1752,1624,0,273
1764,1549,0,296
1780,1605,0,315
1802,1536,0,340
1802,1639,0,40
1805,1562,1,331
1827,1509,0,181
1834,1601,0,334
1835,1669,0,91
1866,1562,0,214
1895,1679,0,229
1916,1524,0,348
1921,1624,0,200
1928,1581,0,162
1968,1681,0,184
1976,1519,0,355
1983,1573,0,138
1979,1632,0,262
2027,1651,0,3
2027,1548,0,254
2045,1578,1,58
2054,1678,0,212
2057,1605,0,307
2130,1623,0,353
2159,1530,0,12
2218,1581,0,339
2252,1506,0,343
2280,1540,0,4
2344,1513,0,359
2389,1553,0,359
65,1804,0,16
75,1874,1,84
85,1725,0,15
118,1875,0,27
113,1822,0,270
140,1763,0,319
143,1899,0,37
161,1733,0,326
166,1811,0,352
231,1776,0,85
240,1716,0,2
232,1856,1,89
269,1899,0,356
274,1804,0,104
285,1861,0,1
342,1900,0,130
358,1744,0,5
363,1865,0,320
361,1721,1,22
378,1825,0,163
388,1707,1,286
438,1781,0,34
466,1873,1,344
492,1826,0,274
494,1739,1,333
529,1713,0,9
544,1857,0,125
562,1749,0,194
571,1806,0,344
599,1891,0,211
626,1842,0,36
646,1806,0,334
648,1711,1,340
655,1740,0,72
699,1892,1,344
699,1802,1,323
713,1752,0,13
732,1855,0,49
737,1785,0,0
777,1847,1,280
778,1817,1,78
806,1814,0,261
832,1727,1,330
876,1752,0,180
904,1837,0,48
913,1775,0,13
926,1726,0,28
962,1804,1,315
970,1839,0,332
1020,1811,0,140
1053,1885,0,330
1084,1805,0,226
1110,1710,0,56
1113,1841,0,32
1150,1871,0,18
1156,1767,0,13
1172,1716,1,50
1210,1725,0,12
1243,1845,0,5
1294,1845,1,37
1299,1765,0,250
1311,1878,0,345
1324,1820,0,1
1352,1742,1,77
1395,1862,1,27
1396,1805,1,333
1432,1765,0,226
1445,1710,0,28
1472,1872,0,315
1547,1824,0,158
1546,1755,0,109
1563,1879,0,3
1619,1843,0,8
1643,1765,0,11
1699,1802,0,243
1710,1707,0,15
1729,1759,0,119
1771,1747,0,275
1784,1811,0,338
1834,1752,0,329
1926,1825,0,331
2004,1745,0,8
2091,1820,0,343
2136,1738,0,338
83,676,0,103
99,818,0,177
134,769,0,84
144,833,0,61
169,739,0,106
187,825,0,358
178,793,1,285
205,775,0,6
203,716,1,85
204,749,1,52
206,841,1,9
215,682,0,190
211,871,0,331
233,704,1,42
240,823,0,322
254,765,0,83
259,717,1,291
286,856,1,71
288,735,1,53
299,709,0,350
301,811,0,341
344,777,0,67
341,718,0,90
365,868,0,177
366,813,1,276
395,687,0,356
404,793,0,10
431,717,0,27
441,872,0,336
464,830,0,135
473,729,0,30
500,737,1,72
509,867,0,261
544,735,0,329
551,767,1,351
561,826,0,244
577,780,1,337
596,682,0,199
595,836,0,63
619,719,0,348
648,814,0,322
657,738,0,279
672,794,0,309
695,692,0,39
744,703,0,152
765,754,0,342
763,816,0,120
762,859,1,19
788,846,1,45
814,860,1,333
828,774,0,22
839,690,1,289
849,820,0,2
866,860,1,341
897,706,0,186
922,676,1,324
960,836,0,231
973,740,1,297
1003,769,0,94
1016,686,0,184
1018,844,0,184
1026,711,1,309
1051,756,1,31
1090,800,0,128
1158,756,1,21
1199,762,0,38
1208,705,0,7
1242,853,0,349
1255,668,0,355
1308,763,0,356
1301,699,0,264
1329,836,0,3
1326,685,0,96
1351,729,0,325
1381,707,1,46
1396,820,0,333
1420,765,0,56
1470,747,0,318
1484,855,0,8
1490,734,1,313
1506,808,0,11
1543,705,1,354
1550,835,0,13
1606,675,0,225
1617,872,1,294
1618,843,1,90
1641,727,0,287
1650,677,0,23
1648,780,0,200
1657,816,0,359
1666,846,0,19
1675,711,0,149
1677,750,1,307
1708,794,0,155
1756,748,0,28
1790,806,0,268
1820,702,0,288
1830,758,1,278
1856,811,0,17
1881,787,1,35
1890,702,0,59
1908,832,0,0
1926,753,0,322
1930,802,0,320
2030,803,0,345
2032,720,0,358
2038,757,0,352
2136,807,0,353
2278,854,0,356
92,893,0,173
101,995,0,88
143,991,0,282
153,1073,0,88
168,894,0,16
169,952,0,270
177,1068,1,44
202,1045,0,226
210,937,0,305
205,902,1,0
232,1067,1,25
232,1006,1,73
233,916,1,65
253,879,0,82
259,989,1,12
274,1005,0,200
289,927,0,46
313,1020,1,315
319,970,0,3
326,878,0,337
329,1061,0,326
349,925,0,143
350,1012,0,145
370,1046,0,190
403,956,0,45
404,1054,0,88
438,981,0,193
473,953,0,278
497,1050,0,298
519,969,0,67
530,1013,0,216
559,884,0,133
550,920,1,270
573,945,0,73
593,1040,0,51
618,907,0,315
629,1077,0,205
650,1040,0,330
661,1003,0,113
681,935,1,18
682,966,1,63
713,995,0,306
747,960,0,308
764,1066,0,25
774,1013,0,357
814,921,1,38
814,891,1,87
826,974,0,109
839,937,1,332
851,1077,0,340
880,995,0,133
888,1031,1,338
891,936,1,286
917,1014,1,75
917,922,1,0
942,972,0,328
944,938,1,352
988,1046,0,214
991,938,0,329
1019,1065,0,204
1044,991,0,359
1102,941,1,321
1101,970,1,3
1154,998,1,45
1169,1060,0,85
1218,962,0,152
1223,1021,0,359
1235,1072,0,73
1245,995,0,357
1250,926,0,234
1278,1028,0,64
1311,1060,0,47
1309,907,0,75
1332,967,0,83
1363,1052,0,227
1376,1001,0,26
1383,1068,1,60
1389,947,0,44
1428,875,0,336
1440,922,0,140
1459,991,0,205
1467,1059,0,125
1487,948,0,328
1499,1017,0,43
1506,897,0,251
1506,987,1,345
1516,1050,0,49
1535,969,0,314
1534,917,1,302
1539,943,1,278
1558,897,0,32
1564,1057,0,22
1565,1004,0,42
1628,1020,0,287
1677,893,0,345
1678,1034,0,131
1702,1007,0,26
1804,1037,0,72
1805,893,1,333
1843,968,0,125
1859,947,1,315
1872,881,0,48
1867,1061,0,293
1877,976,0,358
1907,951,0,166
1916,1004,0,53
1923,900,0,136
1956,953,1,19
1979,1038,0,9
1985,969,0,7
2020,928,0,121
2037,986,0,21
2063,882,0,318
2090,1030,0,330
2116,992,0,84
2122,1072,0,358
2133,936,0,108
2156,1032,0,13
2158,990,0,61
2162,902,0,103
2204,1059,0,347
2213,958,0,358
2223,914,0,359
2249,1046,0,335
2248,1003,0,129
2288,910,0,330
2289,984,0,323
2346,965,0,19
2382,1044,0,9
2454,1019,0,53
2472,879,0,357
70,1199,0,309
123,1159,1,63
131,1260,0,58
175,1190,1,7
181,1098,0,1
181,1219,1,44
180,1249,1,71
207,1236,1,317
230,1283,0,216
233,1190,1,40
235,1253,0,306
261,1233,0,107
268,1100,0,187
269,1162,0,118
304,1233,0,299
313,1171,0,281
346,1203,0,60
352,1129,0,141
359,1236,0,25
369,1274,0,95
390,1114,0,316
404,1197,0,348
429,1139,0,27
437,1267,0,182
445,1174,0,351
445,1083,0,272
449,1216,0,41
472,1238,1,26
475,1088,0,309
508,1151,0,346
527,1273,0,329
525,1220,0,115
540,1086,0,85
547,1132,1,45
563,1262,0,341
572,1208,1,315
574,1178,1,307
577,1119,0,274
591,1188,0,308
600,1226,0,215
628,1152,0,31
650,1224,1,40
674,1183,0,6
697,1268,0,153
720,1233,0,347
731,1209,1,328
734,1155,1,15
744,1132,0,197
760,1225,1,292
758,1254,1,28
808,1263,0,26
812,1196,1,0
821,1146,0,354
848,1121,0,153
861,1258,1,354
867,1201,0,46
892,1090,1,85
916,1228,1,70
928,1162,0,107
943,1122,1,310
966,1231,0,269
994,1123,1,48
1017,1231,1,43
1047,1155,0,14
1077,1233,0,355
1086,1084,0,340
1105,1142,0,118
1168,1202,0,190
1176,1177,0,355
1195,1151,0,348
1209,1120,0,357
1261,1120,0,243
1310,1157,0,312
1314,1192,0,242
1339,1246,0,140
1354,1117,0,352
1367,1169,0,121
1407,1206,0,206
1417,1100,0,267
1428,1265,0,226
1433,1132,0,313
1459,1198,0,83
1482,1126,1,89
1516,1200,0,148
1530,1158,0,7
1538,1253,0,43
1545,1097,0,0
1583,1274,0,262
1594,1206,0,275
1619,1233,1,20
1651,1162,0,58
1658,1259,0,300
1665,1107,0,21
1672,1234,1,330
1703,1194,0,339
1709,1266,0,130
1741,1155,0,342
1757,1211,0,70
1803,1129,0,5
1802,1083,0,230
1816,1162,0,346
1818,1219,0,186
1843,1098,0,92
1871,1168,0,313
1878,1234,0,277
1910,1082,0,297
1922,1213,0,336
1939,1177,0,335
1970,1285,0,223
1979,1102,0,224
1981,1182,0,280
2013,1142,0,131
2022,1229,0,83
2038,1200,0,43
2042,1253,0,327
2041,1086,0,297
2092,1102,0,327
2094,1212,0,331
2106,1258,0,351
2109,1176,0,120
2127,1152,0,315
2170,1280,0,275
2176,1198,0,91
2183,1106,0,242
2208,1136,0,4
2215,1083,0,328
2236,1282,0,293
2244,1196,0,232
2275,1257,0,321
2290,1123,0,20
2302,1223,0,206
2329,1088,0,355
2341,1153,0,166
2338,1198,0,119
2377,1247,0,23
402,461,0,133
