56,2052,0,108
74,1958,0,353
132,2020,0,15
283,2011,1,292
315,1975,0,222
331,1933,0,200
337,2064,1,46
377,2053,0,112
386,1947,1,298
388,2006,1,74
416,2081,0,18
431,1967,0,140
441,2008,0,184
462,2082,1,47
463,2051,1,292
490,1948,1,3
517,2084,1,41
542,2100,0,1
542,1993,0,296
606,2094,0,205
593,1979,1,323
595,1924,1,66
593,1949,1,333
635,2020,0,335
664,2084,0,257
669,1933,0,348
699,1982,1,286
766,2103,0,352
774,2003,0,143
782,2065,0,201
803,1951,1,289
830,1997,1,21
878,1955,0,198
880,1923,0,5
888,1990,0,48
937,1909,1,327
966,1946,0,342
980,1906,0,155
1198,2085,0,183
203,2196,0,203
229,2186,1,0
286,2259,0,234
317,2113,0,24
344,2171,0,172
423,2183,0,285
483,2111,0,94
547,2135,0,352
621,2189,0,343
71,2370,0,165
174,2367,1,300
187,2358,0,55
2395,2470,0,16
156,237,0,281
437,170,0,132
879,238,0,4
1360,206,0,88
2517,217,0,265
75,427,0,245
154,455,0,325
209,388,0,246
233,261,0,193
259,385,1,68
260,358,1,26
296,348,0,167
311,394,0,19
338,276,0,321
341,445,0,0
352,337,0,207
371,396,0,41
406,426,0,5
454,439,0,224
474,383,1,6
507,330,0,354
527,381,1,35
541,408,0,170
612,396,0,346
652,310,0,170
662,361,0,187
665,433,0,239
687,446,1,44
723,277,0,53
731,443,0,262
757,349,0,353
760,284,0,95
785,410,0,294
799,261,0,76
817,401,1,320
844,334,0,2
842,427,0,292
896,432,0,4
909,386,0,334
1052,451,0,149
1632,447,0,337
1905,397,0,263
105,494,0,354
125,545,1,338
175,582,0,274
202,542,0,278
212,645,0,257
238,466,0,67
236,611,1,65
244,525,0,321
281,653,0,344
290,624,0,347
295,577,0,40
293,498,0,67
314,596,0,238
314,509,1,59
340,492,1,282
343,582,1,81
364,642,0,196
364,527,0,337
368,480,1,285
379,592,0,205
388,555,0,329
395,491,1,346
420,622,0,287
472,627,0,306
480,477,0,230
474,535,1,359
508,578,0,346
520,515,0,14
555,462,1,3
563,542,0,91
631,629,0,259
646,599,0,157
655,644,1,37
658,552,1,343
659,524,1,0
692,580,0,176
685,504,1,86
707,650,0,312
711,530,0,354
708,612,1,63
734,638,0,318
738,507,1,41
764,521,1,273
792,476,1,347
800,590,0,41
801,511,0,147
816,555,1,310
831,611,0,21
844,508,1,292
845,570,1,307
850,666,0,126
872,463,1,86
884,589,0,75
923,467,0,201
929,582,0,40
951,510,1,320
975,556,1,49
1001,571,1,354
1019,481,0,15
1027,618,1,275
1053,663,1,329
1071,519,0,5
1106,571,1,285
1128,622,0,116
1161,520,0,23
1161,467,0,21
1162,615,0,113
1220,543,0,1
1232,628,0,303
1249,469,0,351
1260,662,1,350
1263,494,0,318
1266,595,0,180
1302,505,0,5
1396,651,0,340
1492,642,1,47
1504,666,0,19
1545,643,1,312
1578,511,0,30
1573,600,1,287
1623,549,0,1
1625,629,1,38
1690,639,0,278
1692,515,0,74
1705,587,1,59
1732,632,1,0
1758,620,1,27
1793,622,0,108
1854,566,0,7
1862,658,0,21
1926,547,0,350
1980,654,0,36
103,1426,0,354
135,1347,0,197
138,1479,0,355
130,1293,0,302
173,1416,0,347
192,1363,0,213
192,1460,0,353
206,1313,0,244
233,1403,1,42
244,1367,0,292
266,1308,0,354
287,1337,0,200
283,1464,1,70
299,1409,0,352
304,1483,0,108
329,1345,0,187
340,1383,0,340
339,1301,0,358
356,1426,0,219
391,1404,1,342
391,1436,1,12
403,1465,0,11
407,1333,0,27
442,1376,1,301
453,1434,0,340
477,1327,0,210
469,1391,1,45
497,1482,0,351
503,1398,0,246
522,1330,1,272
548,1317,1,323
584,1319,0,352
611,1413,0,168
626,1398,0,100
623,1454,1,306
668,1397,0,21
685,1478,0,152
687,1329,0,203
714,1305,0,119
714,1401,0,196
735,1463,0,92
748,1388,0,319
766,1451,0,279
771,1343,0,228
788,1452,1,308
811,1288,1,270
832,1424,0,290
842,1371,0,342
852,1305,0,225
870,1462,0,216
881,1490,0,13
888,1302,0,351
910,1346,0,310
909,1438,0,233
939,1305,0,350
950,1366,0,87
958,1455,0,358
983,1360,0,233
987,1300,0,149
1015,1408,0,309
1035,1477,0,316
1052,1323,0,32
1054,1373,0,24
1055,1292,0,207
1089,1434,0,253
1100,1314,0,240
1111,1380,0,106
1137,1361,0,298
1167,1484,0,306
1208,1454,0,213
1243,1333,0,171
1257,1391,0,62
1295,1290,0,297
1312,1425,0,358
1319,1387,0,351
1329,1468,0,351
1351,1359,0,168
1354,1414,1,306
1361,1321,0,139
1389,1407,0,126
1405,1317,0,286
1405,1368,0,291
1424,1401,1,302
1432,1311,0,296
1465,1347,0,278
1509,1336,0,104
1544,1377,0,58
1567,1486,0,209
1585,1459,1,356
1612,1323,0,25
1619,1376,0,10
1625,1287,0,207
1680,1471,0,132
1690,1287,0,258
1762,1421,0,170
1778,1336,0,139
1805,1292,0,185
1814,1476,0,96
1847,1401,0,297
1851,1355,0,291
1871,1309,0,126
1921,1316,0,293
1928,1417,0,225
1933,1375,0,226
1968,1328,0,311
1982,1415,0,38
1984,1446,0,32
1998,1476,0,214
2002,1304,0,357
2014,1368,0,25
2061,1386,0,68
2065,1436,0,162
2118,1485,0,334
2130,1393,0,343
2136,1364,0,353
2142,1337,0,176
2173,1314,0,348
2186,1431,0,4
2219,1352,0,314
2231,1324,0,159
2315,1439,0,1
2312,1295,0,184
2316,1440,0,359
2355,1315,0,6
2379,1391,0,359
2396,1462,0,192
2426,1288,0,355
2451,1326,0,9
2473,1405,0,137
93,1574,0,252
110,1531,0,193
156,1576,0,347
161,1655,0,151
162,1690,0,358
179,1536,0,87
179,1612,0,171
205,1597,0,87
217,1666,0,330
232,1493,1,15
235,1532,0,67
262,1570,0,42
262,1613,0,19
287,1643,1,81
312,1570,0,255
317,1696,0,107
341,1637,0,306
351,1494,0,128
352,1544,0,316
365,1660,1,315
382,1619,0,203
387,1524,1,87
389,1585,1,58
409,1541,0,78
418,1682,0,359
420,1639,0,222
425,1600,0,17
454,1569,0,155
458,1537,0,332
471,1656,0,117
492,1532,0,308
534,1619,0,224
541,1660,0,3
544,1525,1,45
566,1530,0,58
580,1693,0,49
603,1564,0,23
617,1506,0,88
621,1602,1,323
625,1664,1,34
646,1650,0,214
655,1677,0,279
675,1660,1,83
687,1686,0,294
701,1524,0,328
702,1652,1,290
728,1574,1,357
729,1605,0,312
745,1645,0,347
759,1680,0,175
810,1682,0,19
821,1616,0,106
864,1565,0,335
859,1620,1,58
888,1535,0,348
884,1696,1,272
897,1613,0,233
936,1548,1,333
956,1678,0,133
977,1564,0,23
989,1669,1,298
1016,1502,1,32
1029,1577,0,53
1042,1518,1,45
1092,1609,1,326
1094,1667,1,43
1093,1547,1,337
1108,1676,0,322
1116,1521,0,46
1179,1576,0,262
1234,1494,0,350
1245,1674,0,340
1254,1607,0,35
1313,1510,0,14
1315,1683,0,87
1325,1608,0,92
1352,1621,1,304
1352,1682,1,320
1368,1552,0,258
1373,1638,0,197
1419,1651,0,29
1428,1588,0,73
1486,1586,0,136
1504,1538,0,191
1540,1624,0,229
1569,1691,0,344
1590,1522,0,3
1585,1624,0,259
1623,1584,0,113
1647,1685,0,306
1651,1509,0,8
1697,1652,0,287
1704,1519,0,240
1714,1570,0,270
1749,1548,0,350
1758,1631,0,159
1774,1669,0,199
1781,1605,0,326
1799,1551,0,25
1811,1633,0,32
1835,1682,0,33
1832,1588,0,81
1887,1570,0,233
1895,1493,0,267
1935,1621,0,192
1938,1653,0,11
1940,1561,0,277
1989,1571,0,118
2011,1505,0,221
2020,1677,0,8
2028,1541,0,231
2041,1609,0,281
2072,1504,0,283
2109,1611,0,338
2111,1611,0,338
2144,1519,0,352
2218,1581,0,341
2247,1496,0,355
2277,1537,0,357
2339,1513,0,326
2433,1494,0,201
2431,1540,0,241
68,1804,0,15
76,1879,1,358
91,1725,0,7
102,1841,0,209
127,1794,0,224
130,1886,0,19
159,1817,0,69
161,1745,0,221
222,1776,0,5
234,1701,0,15
232,1856,1,342
248,1739,0,4
254,1805,0,345
302,1803,0,261
336,1830,1,282
360,1721,1,23
368,1742,0,14
376,1824,0,156
383,1862,0,22
391,1903,0,173
388,1707,1,295
447,1715,0,44
465,1874,1,320
498,1897,0,298
513,1719,0,350
514,1750,0,337
514,1785,1,16
516,1843,1,35
543,1866,0,102
577,1836,0,302
585,1755,0,245
602,1893,0,214
610,1793,0,90
634,1831,0,73
652,1734,0,30
671,1853,0,92
699,1892,1,284
701,1803,1,31
726,1854,0,61
736,1729,0,309
783,1723,0,341
778,1847,1,18
779,1817,1,336
800,1894,0,87
806,1777,1,88
833,1727,1,355
899,1832,0,256
962,1805,1,328
982,1864,0,9
985,1785,0,346
1032,1738,0,5
1050,1886,0,327
1053,1826,0,193
1100,1894,0,312
1113,1844,0,25
1137,1716,0,359
1216,1720,0,56
1260,1849,0,354
1291,1787,0,282
1309,1885,0,3
1323,1820,0,0
1346,1773,0,108
1389,1708,0,354
1396,1809,1,11
1402,1772,0,102
1406,1856,0,297
1453,1771,0,284
1463,1709,0,315
1474,1873,0,310
1490,1766,0,345
1509,1705,0,91
1547,1826,0,350
1562,1877,0,7
1639,1764,0,10
1710,1798,0,358
1766,1723,0,334
1815,1799,0,135
1833,1750,0,342
1925,1763,0,352
1929,1827,0,339
2006,1746,0,8
2091,1820,0,343
2136,1737,0,336
80,761,0,234
82,678,0,118
109,806,0,126
132,775,0,105
178,793,1,311
186,823,0,8
188,691,0,207
206,774,0,8
203,748,1,46
207,841,1,34
212,872,0,339
228,713,0,89
259,715,1,53
277,828,0,10
286,855,1,30
294,722,0,20
305,758,0,203
332,801,0,107
341,713,0,274
343,766,1,44
367,812,1,81
367,782,1,334
404,864,0,139
414,794,0,354
416,728,0,14
412,672,0,114
469,857,0,137
490,740,0,333
501,823,0,338
520,773,0,0
558,792,0,212
557,861,0,37
586,674,0,143
645,706,0,211
647,675,0,179
681,813,1,84
701,738,0,246
726,793,0,15
763,707,1,76
761,860,1,45
795,737,0,211
808,840,0,94
817,707,1,9
839,691,1,298
843,724,1,351
848,823,0,309
867,862,1,15
881,739,0,20
922,676,1,353
973,741,1,301
983,794,0,203
1022,684,0,353
1026,710,1,308
1050,755,1,39
1054,784,0,212
1064,843,0,222
1102,816,0,116
1158,756,1,19
1161,836,0,297
1207,700,0,340
1212,779,0,4
1212,756,1,9
1234,847,0,346
1237,733,0,355
1288,672,0,332
1308,759,0,356
1299,710,0,283
1325,852,0,336
1383,707,1,299
1385,825,0,54
1396,786,0,13
1437,739,0,17
1456,825,0,335
1490,735,1,337
1495,860,0,24
1509,794,0,9
1543,705,1,347
1565,842,1,331
1597,705,1,337
1598,869,0,92
1619,841,1,302
1620,871,1,303
1636,719,0,60
1649,740,1,45
1654,675,1,22
1676,752,1,57
1678,693,1,86
1717,822,0,150
1737,748,0,321
1756,711,0,357
1769,809,0,320
1808,861,0,14
1819,700,0,282
1830,758,1,61
1852,796,0,27
1856,873,0,224
1890,700,0,59
1900,717,0,7
1906,809,0,27
1909,834,0,2
1924,750,0,253
1982,811,0,216
1984,738,0,285
2033,720,0,348
2039,759,0,348
2066,867,0,353
2131,816,0,1
2277,852,0,351
76,942,0,312
110,1016,0,300
126,941,0,113
153,1072,0,89
159,891,0,15
176,1067,1,60
187,928,0,300
202,1047,0,53
223,959,0,275
232,1065,1,72
233,1006,1,77
244,896,0,7
261,1001,0,267
287,920,0,42
303,1037,0,170
311,1068,0,7
316,957,0,29
330,877,0,335
337,993,0,187
338,916,1,37
394,1040,1,305
417,994,1,44
428,1056,0,280
439,980,0,188
446,919,1,343
459,896,0,147
458,942,0,3
451,1014,0,172
468,1000,0,87
500,1073,0,143
524,1007,0,211
544,1063,0,150
549,920,1,25
572,943,0,86
580,1038,0,340
613,1001,0,30
642,1070,0,99
656,878,0,7
665,990,0,97
681,935,1,357
714,1068,0,189
717,1028,0,207
709,950,1,298
720,979,0,178
723,880,0,214
734,906,1,355
745,932,0,354
760,1043,1,279
795,997,0,173
814,921,1,50
815,1018,0,260
814,891,1,79
839,936,1,347
891,936,1,297
891,1029,1,359
916,1013,1,71
943,938,1,331
943,1029,1,0
966,1076,0,106
987,1004,0,25
1022,1063,0,347
1060,1011,0,25
1073,1071,0,285
1095,1035,1,339
1101,940,1,350
1101,970,1,20
1115,1038,0,85
1155,998,1,50
1168,1060,0,92
1206,975,1,35
1213,999,0,40
1223,958,0,147
1232,1067,0,321
1271,1038,0,125
1272,923,0,54
1320,963,0,322
1321,1066,0,20
1381,944,0,13
1381,1037,1,282
1382,1067,1,330
1390,908,0,355
1391,1003,0,4
1422,874,0,342
1453,958,0,166
1469,1057,0,126
1487,948,0,328
1483,976,1,273
1485,916,1,279
1510,991,1,83
1512,1049,0,76
1512,875,1,15
1519,934,0,290
1551,1072,0,9
1593,919,0,152
1608,968,0,209
1629,1036,0,317
1675,892,0,343
1686,1073,0,223
1700,1008,0,25
1757,1078,0,118
1782,1033,0,94
1791,950,0,228
1806,893,1,330
1808,1030,0,94
1828,1076,0,237
1853,954,1,74
1861,1032,0,50
1882,918,0,195
1881,1057,0,66
1914,885,0,321
1918,1023,0,100
1954,954,1,37
1963,1066,0,358
1961,900,0,73
1982,1028,0,211
1993,939,0,267
2030,973,0,65
2038,1045,0,357
2056,910,0,346
2064,1000,0,206
2085,948,0,0
2102,1025,0,21
2110,906,0,319
2157,910,0,89
2191,877,0,76
2219,960,0,355
2214,1050,0,96
2224,925,0,350
2251,1009,0,101
2289,912,0,328
2291,987,0,323
2346,966,0,16
2380,1045,0,1
2454,1025,0,29
2472,879,0,3
68,1192,0,215
122,1160,1,60
131,1218,0,213
175,1273,0,155
173,1189,0,184
177,1220,0,59
182,1098,0,349
180,1249,1,25
208,1237,0,350
230,1284,1,10
239,1098,0,329
236,1253,0,324
233,1189,1,45
259,1229,0,329
259,1175,1,287
273,1271,0,6
313,1164,0,311
320,1104,0,199
346,1148,0,293
355,1257,0,182
373,1228,0,350
390,1114,0,178
389,1159,0,314
398,1200,0,338
427,1140,0,23
424,1256,0,77
450,1217,0,217
461,1175,0,13
463,1175,0,9
473,1087,1,322
468,1206,1,14
471,1239,1,16
493,1112,0,358
498,1268,0,181
502,1240,0,355
519,1214,0,4
530,1160,0,315
550,1266,0,122
574,1178,1,337
576,1210,1,300
578,1114,0,243
592,1259,0,103
622,1182,0,339
637,1264,0,306
650,1225,1,57
697,1162,0,157
701,1121,0,8
702,1210,0,332
705,1255,1,79
735,1148,1,339
759,1225,1,308
759,1256,1,90
759,1133,1,66
809,1244,0,346
815,1148,0,355
812,1196,1,335
853,1202,0,21
864,1128,0,359
863,1258,1,332
890,1090,1,32
916,1228,1,77
942,1120,1,65
943,1160,0,82
970,1245,0,220
994,1124,1,321
1018,1231,1,42
1024,1133,0,296
1050,1255,0,52
1069,1161,0,86
1097,1262,0,196
1104,1219,0,350
1106,1143,0,110
1140,1105,0,289
1176,1177,0,357
1210,1120,0,355
1251,1163,0,181
1265,1117,0,240
1269,1224,0,329
1297,1161,0,331
1306,1103,0,351
1325,1133,0,358
1342,1235,0,117
1395,1102,0,245
1396,1258,0,218
1408,1174,0,215
1427,1201,0,38
1431,1129,0,302
1454,1109,0,135
1464,1243,0,156
1473,1213,0,348
1488,1285,0,315
1498,1080,0,260
1505,1106,1,279
1514,1134,0,283
1514,1226,0,81
1557,1199,0,264
1588,1140,0,334
1592,1221,0,294
1608,1264,0,205
1621,1231,1,27
1664,1172,0,211
1671,1236,1,349
1694,1157,1,352
1724,1194,0,276
1771,1239,0,112
1776,1142,0,134
1805,1131,0,350
1798,1252,0,353
1852,1158,0,293
1876,1111,0,14
1890,1230,0,76
1898,1157,0,79
1936,1266,0,12
1954,1110,0,23
1961,1225,0,356
1961,1146,0,2
2000,1178,0,268
2018,1261,0,320
2043,1090,0,37
2050,1145,0,338
2049,1189,0,316
2068,1236,0,347
2076,1283,0,233
2082,1120,0,98
2104,1207,0,313
2121,1275,0,146
2126,1148,0,12
2147,1193,0,148
2153,1256,0,338
2181,1137,0,99
2208,1229,0,14
2221,1185,0,32
2245,1282,0,15
2262,1082,0,41
2275,1216,0,94
2271,1118,0,45
2281,1149,0,21
2312,1248,0,237
2328,1103,0,10
2331,1205,0,151
2337,1270,0,18
2381,1136,0,333
818,461,1,56
667,1782,0,350
