63,2043,0,94
77,1958,0,5
153,1998,0,4
284,1934,0,190
281,2010,1,284
309,2007,0,261
311,1961,1,21
335,1917,1,281
337,2064,1,324
365,2028,0,66
411,1944,0,163
418,2080,0,14
438,2007,0,207
462,2081,1,38
463,2051,1,58
480,2106,0,85
490,1948,1,3
518,2085,1,53
543,2099,1,7
599,2099,0,195
592,1979,1,312
595,1924,1,38
592,1949,1,341
633,2070,0,320
640,2024,0,315
671,1964,1,45
699,1982,1,296
715,1936,0,31
719,1970,0,354
769,2105,0,189
770,1989,0,147
781,2068,0,181
808,1948,0,184
830,1998,1,7
843,1947,1,285
866,1965,0,209
881,1929,0,4
889,1989,0,50
937,1908,1,68
981,1905,0,148
1066,1917,1,290
1090,1923,0,252
207,2197,0,214
267,2285,0,306
309,2111,0,6
344,2173,0,177
429,2181,0,2
542,2131,0,353
624,2192,0,347
656,2123,0,299
1093,2111,0,356
73,2367,1,27
183,2356,0,56
2387,2488,0,237
2420,2469,0,14
146,251,0,230
415,131,0,144
879,238,0,3
1242,180,0,90
2517,216,0,262
51,451,0,227
154,455,0,325
209,387,0,248
216,273,0,221
254,340,0,193
261,384,0,194
322,391,0,35
339,276,0,317
344,438,0,255
354,335,0,281
409,428,0,356
410,374,0,29
474,383,1,359
499,335,0,115
527,413,0,214
527,382,1,48
574,361,0,114
653,309,0,156
664,361,0,187
670,437,0,258
727,278,0,43
729,443,0,289
744,308,0,42
759,348,0,352
766,431,1,5
787,407,0,289
792,280,0,64
818,461,1,57
825,363,0,34
834,406,0,294
842,329,0,346
897,432,0,359
898,263,1,90
941,394,0,347
1027,437,0,348
1268,450,0,89
1632,447,0,332
105,494,0,353
126,546,1,337
173,601,0,324
202,554,0,292
211,655,0,226
230,467,0,66
235,612,1,295
240,525,0,321
234,638,1,290
279,607,0,141
300,491,0,86
304,562,0,54
318,599,0,276
340,492,1,293
342,582,1,0
347,651,0,332
367,479,0,323
392,546,0,340
395,627,0,75
394,493,1,310
422,467,0,191
437,649,0,287
472,501,0,251
505,520,0,35
539,507,0,125
555,462,1,279
554,597,0,280
571,656,0,200
605,572,0,133
617,532,0,134
631,632,0,264
656,643,1,49
659,553,1,301
665,520,0,141
686,506,1,55
742,663,0,353
764,520,1,274
791,498,0,156
793,474,1,340
801,580,0,47
831,612,0,11
845,661,0,142
846,570,1,1
879,493,0,224
890,581,0,61
896,513,1,7
929,584,0,42
967,515,0,330
975,556,1,15
1002,571,1,357
1014,480,0,12
1027,617,1,270
1053,663,1,337
1106,571,1,0
1109,481,1,87
1140,597,0,177
1159,464,0,20
1161,542,1,90
1188,613,0,70
1220,544,0,356
1220,652,0,30
1241,472,0,343
1257,515,0,316
1303,505,0,5
1394,651,0,332
1490,641,1,274
1494,665,0,31
1545,644,1,271
1573,600,1,283
1618,542,0,353
1615,491,0,98
1625,630,1,35
1685,647,0,314
1690,516,0,78
1704,587,1,83
1731,632,1,41
1758,620,1,28
1794,620,0,106
1812,514,0,189
1852,658,0,352
1853,566,0,10
1926,546,0,348
2047,631,0,18
103,1426,0,351
102,1348,0,81
147,1409,0,134
144,1331,0,272
192,1364,0,212
205,1477,0,32
210,1306,0,244
236,1367,0,40
235,1403,1,315
234,1434,1,62
242,1318,0,289
252,1416,0,339
285,1463,1,85
289,1340,0,274
300,1408,0,352
320,1305,0,134
330,1350,0,184
330,1444,0,216
367,1291,0,84
390,1403,1,310
401,1323,0,45
410,1483,0,5
414,1426,0,0
423,1453,0,189
430,1361,0,223
444,1378,1,49
470,1288,0,222
469,1392,1,30
497,1449,0,1
507,1485,0,357
505,1326,0,77
526,1331,1,351
547,1317,1,307
553,1289,0,138
580,1325,0,236
611,1396,0,153
616,1324,0,337
628,1490,0,143
662,1303,0,334
686,1330,0,207
687,1491,0,140
732,1461,0,94
730,1363,1,342
756,1378,1,84
759,1461,0,287
768,1423,0,358
768,1344,0,215
788,1307,0,141
790,1399,0,353
784,1454,1,277
811,1287,1,297
818,1357,0,153
831,1458,0,313
868,1373,1,35
900,1385,0,330
906,1439,0,219
912,1471,1,334
921,1362,0,165
914,1319,1,47
947,1340,0,348
960,1459,0,3
971,1377,0,215
990,1301,0,146
1001,1388,0,216
1019,1428,0,307
1056,1377,0,320
1055,1316,0,311
1075,1443,0,8
1100,1431,0,231
1099,1389,0,75
1101,1318,0,257
1144,1382,0,293
1202,1373,0,189
1207,1455,0,211
1241,1491,0,327
1256,1390,0,55
1287,1328,1,288
1296,1435,0,246
1307,1287,0,97
1323,1378,0,352
1326,1341,0,195
1331,1474,0,355
1354,1414,1,86
1366,1299,0,0
1377,1362,0,165
1381,1337,1,71
1423,1348,0,338
1428,1311,0,310
1424,1401,1,288
1450,1290,0,114
1488,1287,0,315
1543,1425,0,300
1556,1318,0,84
1585,1461,1,63
1660,1446,0,122
1677,1292,0,10
1692,1326,0,198
1687,1424,0,296
1708,1369,0,358
1744,1473,0,131
1807,1464,0,78
1835,1370,0,273
1849,1441,0,132
1864,1306,0,210
1868,1339,0,15
1894,1474,0,87
1932,1327,0,330
1975,1450,0,50
1985,1286,0,187
1982,1414,0,33
2028,1441,0,77
2052,1332,0,302
2071,1388,0,12
2081,1457,0,323
2096,1419,1,283
2149,1319,0,184
2147,1374,0,321
2225,1432,0,4
2229,1314,0,151
2227,1350,0,310
2295,1324,0,51
2319,1448,0,350
2346,1318,0,19
2403,1404,0,1
2400,1458,0,218
2416,1298,0,1
105,1625,0,294
111,1542,0,242
140,1579,0,253
166,1649,0,156
163,1692,0,357
175,1539,0,97
182,1615,0,175
205,1596,0,87
214,1665,0,334
225,1539,0,182
270,1554,0,43
279,1611,0,20
287,1642,1,356
306,1500,0,133
313,1556,0,235
325,1686,0,210
338,1642,0,25
355,1493,0,115
361,1569,0,279
365,1660,1,0
390,1527,1,318
388,1586,1,315
416,1676,0,358
413,1549,0,65
426,1630,0,235
462,1558,0,97
470,1597,0,347
479,1650,0,96
522,1686,0,27
528,1543,0,264
540,1639,0,207
569,1498,0,78
597,1667,0,59
589,1532,1,350
597,1500,1,297
624,1540,0,347
621,1602,1,319
646,1650,0,216
653,1679,0,202
675,1661,1,73
688,1687,0,294
702,1651,1,278
728,1574,1,352
729,1605,0,314
747,1645,0,346
760,1679,0,181
784,1516,0,338
824,1608,0,153
825,1689,0,337
841,1570,0,344
881,1492,0,5
878,1624,0,240
884,1696,1,275
900,1529,0,357
908,1653,1,353
933,1663,0,93
937,1548,1,355
978,1555,0,26
988,1669,1,327
1033,1572,0,84
1044,1500,0,5
1086,1691,0,154
1092,1609,1,327
1093,1546,1,15
1096,1667,1,353
1116,1520,0,45
1114,1676,0,336
1182,1589,0,215
1189,1519,0,316
1200,1670,1,285
1239,1492,0,16
1237,1646,0,2
1248,1679,0,343
1255,1607,0,42
1285,1625,0,40
1309,1519,0,10
1345,1599,0,248
1352,1682,1,325
1355,1504,1,315
1384,1639,0,359
1414,1609,0,151
1419,1545,0,17
1423,1679,0,20
1457,1591,0,181
1468,1679,0,77
1510,1533,0,147
1540,1507,0,289
1562,1658,0,359
1574,1538,0,276
1586,1609,0,34
1653,1504,0,21
1690,1535,0,23
1700,1649,0,310
1710,1506,0,196
1744,1532,0,19
1744,1623,0,119
1778,1674,0,186
1781,1607,0,323
1803,1641,0,42
1807,1524,0,222
1812,1552,1,29
1843,1558,0,52
1844,1649,0,44
1887,1565,0,221
1897,1625,0,278
1932,1502,0,259
1947,1608,0,306
1963,1544,0,216
1981,1499,0,226
1988,1573,0,115
1999,1619,0,314
2023,1676,0,9
2028,1530,0,218
2030,1492,0,230
2044,1617,0,275
2073,1547,0,282
2129,1616,0,345
2143,1525,0,350
2218,1581,0,341
2245,1504,0,15
2278,1539,0,351
2344,1512,0,344
2338,1642,0,236
2408,1550,0,213
65,1805,0,13
84,1880,0,257
94,1720,0,15
125,1796,0,229
128,1764,1,279
141,1901,0,58
150,1752,0,287
160,1817,0,58
223,1776,0,16
237,1710,0,12
232,1856,1,8
238,1893,0,56
249,1741,0,357
250,1801,0,1
258,1870,1,315
298,1826,0,255
336,1830,1,317
364,1743,0,8
363,1720,1,18
377,1824,0,159
388,1903,0,147
389,1707,1,294
389,1883,0,229
417,1854,0,66
465,1874,1,336
479,1722,0,24
493,1744,1,28
498,1896,0,298
515,1787,0,229
515,1873,1,306
542,1731,0,251
546,1865,0,141
574,1831,0,303
593,1803,0,319
601,1893,0,216
616,1760,0,89
647,1716,0,189
649,1799,0,88
671,1858,0,83
700,1800,0,308
698,1892,1,328
699,1834,1,295
711,1731,0,21
724,1856,0,72
754,1742,1,19
783,1725,0,342
778,1846,1,38
779,1817,1,353
804,1782,0,75
822,1885,0,64
833,1726,1,302
904,1836,0,320
963,1804,1,315
1046,1816,0,338
1047,1885,0,331
1058,1856,0,345
1071,1746,0,35
1113,1845,0,27
1117,1797,0,348
1174,1717,1,68
1215,1721,0,47
1257,1848,0,1
1290,1788,0,272
1311,1881,0,353
1307,1722,0,225
1323,1820,0,1
1349,1774,0,131
1351,1740,1,334
1382,1712,0,175
1393,1862,1,55
1396,1805,1,327
1414,1748,0,21
1420,1874,0,267
1442,1766,0,237
1473,1872,0,311
1516,1774,0,9
1532,1718,0,1
1562,1877,0,5
1579,1836,0,355
1641,1763,0,4
1678,1708,0,299
1734,1746,0,130
1738,1809,0,13
1775,1737,0,277
1800,1788,0,253
1833,1752,0,333
1928,1826,0,339
2005,1746,0,7
2091,1820,0,341
2136,1737,0,332
56,786,0,270
86,672,0,133
101,809,0,149
135,777,0,102
171,750,0,261
180,824,0,356
178,793,1,312
208,870,0,349
206,839,1,56
211,773,0,10
220,696,0,54
227,739,0,149
284,675,0,192
284,825,0,19
285,857,1,55
293,716,0,7
299,765,0,166
302,852,0,7
335,821,0,112
341,707,0,271
342,766,1,74
366,868,1,336
366,812,1,67
366,783,1,85
413,793,0,355
420,727,0,14
460,845,0,110
477,730,0,346
471,753,1,348
488,668,0,307
499,806,0,247
499,856,1,345
551,802,0,225
563,747,0,314
576,813,1,327
589,841,0,353
642,675,0,184
656,732,0,291
682,684,0,91
681,843,1,57
705,821,0,340
723,714,0,249
735,784,0,26
763,707,1,28
762,859,1,48
804,830,0,92
839,690,1,290
836,849,1,44
853,829,0,344
866,861,1,312
870,681,1,298
897,722,0,123
922,676,1,0
963,803,0,261
976,742,0,319
1020,683,0,350
1025,710,1,294
1039,793,0,178
1051,755,1,3
1060,833,0,192
1119,815,0,131
1158,756,1,9
1179,868,0,345
1212,705,0,359
1225,785,0,84
1238,849,0,350
1242,732,0,2
1264,692,0,335
1308,759,0,353
1324,843,0,353
1383,708,1,278
1394,817,0,17
1399,783,0,7
1427,872,0,332
1437,737,0,349
1479,833,0,17
1490,735,1,279
1499,860,0,1
1502,787,0,21
1544,705,1,2
1565,841,1,357
1597,705,1,339
1598,847,0,87
1623,873,0,330
1646,737,1,315
1653,676,0,27
1667,725,0,92
1675,753,1,319
1679,692,1,35
1690,810,0,212
1743,713,0,354
1754,764,0,345
1769,814,0,212
1814,855,0,2
1813,826,0,199
1821,702,0,287
1830,758,1,57
1856,807,0,18
1889,700,0,56
1900,717,0,13
1904,831,0,352
1929,757,0,279
1937,812,0,320
1989,778,0,332
2028,719,0,354
2038,758,0,348
2135,813,0,338
2175,797,0,107
2276,853,0,356
89,953,0,343
98,1003,0,21
113,921,0,154
153,1073,0,90
161,890,0,11
177,926,0,286
176,1068,1,59
200,1048,0,47
205,903,1,4
214,938,0,309
232,1066,1,73
251,896,0,67
259,999,0,264
285,920,0,45
312,987,0,208
315,1033,0,27
331,881,0,341
335,948,0,357
335,917,0,32
358,1049,0,35
441,978,0,182
454,899,0,156
466,1059,0,199
474,1003,0,71
516,924,0,344
522,1008,0,211
545,1067,0,347
541,969,0,170
570,942,0,85
583,1030,0,330
600,1072,1,347
610,1001,0,122
634,981,0,287
659,882,0,0
663,1051,0,192
664,1004,0,105
679,932,0,259
721,965,0,129
732,1068,0,85
760,950,1,44
762,1013,1,55
792,949,0,350
804,1034,0,294
813,921,1,63
814,891,1,278
840,937,1,295
891,937,1,292
891,1029,1,354
916,1013,1,336
943,938,1,331
951,996,0,130
999,974,0,85
1023,1058,0,352
1055,998,0,10
1101,940,1,314
1108,1019,0,5
1101,970,1,34
1155,998,1,67
1168,1060,0,90
1220,1049,0,209
1225,1018,0,2
1225,964,0,144
1276,1053,0,45
1297,902,0,78
1311,981,0,308
1319,1067,0,22
1333,970,1,290
1367,1001,0,31
1381,942,0,18
1381,1066,1,39
1381,1037,1,285
1424,1019,0,358
1423,983,0,300
1428,915,1,61
1463,927,0,17
1469,1059,0,134
1476,997,0,134
1488,950,0,331
1483,973,1,17
1489,988,0,192
1511,993,1,54
1512,1049,0,260
1539,955,0,328
1552,1071,0,7
1574,891,0,135
1652,1032,0,115
1675,893,0,344
1701,1007,0,25
1739,1055,0,338
1776,1000,0,260
1806,894,1,324
1805,1037,0,79
1835,921,0,264
1839,875,0,205
1845,1069,0,301
1856,953,1,64
1859,1023,0,86
1879,1062,0,144
1879,902,0,297
1925,875,0,248
1937,935,0,42
1954,1052,0,3
1953,1003,0,214
1955,955,1,45
1976,892,0,148
2013,944,0,79
2037,1044,0,352
2048,1005,0,357
2064,969,0,327
2075,881,0,359
2099,959,0,316
2108,1025,0,61
2132,931,0,302
2147,1034,0,8
2156,1075,0,353
2167,893,0,83
2192,1021,0,103
2224,962,0,351
2223,915,0,353
2245,1010,0,89
2256,971,0,151
2271,1076,0,52
2289,912,0,327
2290,987,0,330
2346,965,0,17
2380,1045,0,0
2453,1025,0,29
2472,879,0,357
61,1196,0,261
120,1233,0,236
123,1160,1,54
176,1189,1,54
181,1098,0,2
179,1218,0,68
184,1277,0,205
179,1250,1,20
209,1236,1,349
225,1283,1,35
233,1190,1,324
236,1254,1,332
251,1227,0,344
259,1175,1,84
276,1267,0,357
293,1090,0,193
294,1135,0,37
317,1246,0,109
319,1161,0,243
354,1185,0,283
369,1105,0,187
369,1241,0,29
399,1193,0,329
411,1117,0,217
424,1261,0,344
430,1143,0,23
444,1177,0,1
448,1218,0,43
471,1239,1,0
476,1087,1,338
491,1114,0,355
513,1205,0,280
553,1138,0,231
567,1198,0,0
573,1175,1,349
587,1258,0,105
620,1149,0,359
630,1205,0,42
628,1253,0,286
644,1120,0,166
651,1225,1,39
666,1089,0,356
698,1285,0,151
704,1218,0,289
705,1257,1,313
734,1149,1,10
759,1226,1,297
759,1256,1,51
760,1133,1,80
812,1241,0,344
816,1146,0,359
812,1196,1,325
835,1104,0,174
836,1211,1,75
853,1202,0,24
862,1258,1,347
890,1090,1,287
916,1228,1,45
929,1281,0,218
943,1120,1,56
944,1160,0,85
996,1122,1,337
1025,1156,0,358
1018,1232,1,37
1029,1104,0,129
1055,1249,0,31
1090,1084,0,341
1101,1208,0,348
1104,1141,0,110
1120,1250,0,188
1166,1149,0,5
1176,1178,0,357
1211,1120,0,354
1276,1170,0,345
1265,1117,0,258
1288,1172,0,169
1300,1205,0,201
1296,1155,0,21
1304,1109,0,51
1314,1131,0,359
1311,1155,0,352
1359,1204,0,191
1385,1257,0,284
1401,1117,0,258
1412,1200,0,113
1432,1128,0,298
1448,1179,0,22
1455,1106,0,131
1482,1226,0,345
1497,1096,0,117
1520,1135,0,295
1530,1187,1,80
1555,1190,0,239
1592,1221,0,299
1607,1267,0,210
1618,1154,0,331
1618,1088,0,267
1620,1232,1,12
1671,1236,1,348
1677,1136,0,329
1697,1192,0,211
1724,1260,0,333
1736,1121,0,89
1746,1195,0,43
1772,1242,0,101
1795,1100,0,250
1806,1132,0,4
1824,1247,0,105
1872,1148,0,249
1883,1249,0,201
1899,1189,0,93
1925,1265,0,30
1928,1097,0,199
1935,1136,0,325
1935,1202,0,85
1967,1232,0,271
1983,1094,0,64
1994,1219,0,269
2009,1152,0,332
2019,1235,1,27
2035,1098,0,26
2035,1246,0,141
2049,1207,0,331
2059,1279,0,132
2059,1152,0,120
2073,1243,0,329
2114,1103,0,134
2124,1189,0,166
2123,1230,0,310
2160,1266,0,59
2197,1259,0,69
2202,1147,0,19
2239,1227,0,61
2249,1274,0,21
2257,1179,0,181
2274,1135,0,36
2292,1231,0,276
2332,1098,0,354
2333,1199,0,153
2363,1261,0,358
2452,1257,0,305
872,461,1,81
