58,2058,0,124
67,1950,0,333
114,2030,0,6
235,1908,0,95
283,2008,0,288
310,1961,1,59
336,2064,1,90
337,1916,1,274
348,1974,0,173
383,2091,0,98
386,1946,1,312
388,2006,1,290
386,1977,1,304
419,2080,0,25
439,2007,0,192
463,2082,1,36
464,1992,1,309
463,2051,1,18
489,1948,1,44
533,2060,0,71
545,2103,0,352
610,2093,0,207
592,1980,1,305
594,1923,1,59
593,1949,1,313
640,2052,0,138
651,1948,0,49
697,2014,0,301
699,1982,1,293
781,2096,0,2
780,1984,0,201
780,2059,0,218
804,1951,1,37
830,1996,1,25
869,1925,0,359
875,1925,0,3
888,1989,0,49
883,1966,1,344
937,1908,1,36
978,1904,0,145
1351,1956,0,233
1611,1905,0,63
230,2181,0,193
306,2129,0,180
343,2170,0,177
359,2269,0,110
435,2120,0,341
522,2125,0,151
557,2180,0,147
611,2165,0,250
103,2399,0,18
183,2343,0,62
2382,2498,1,10
2393,2467,0,51
131,202,0,189
527,172,0,337
713,240,1,74
881,237,0,7
1544,247,0,155
2151,185,0,158
2517,217,0,263
110,275,0,266
153,455,0,323
209,390,0,250
259,383,1,19
262,355,1,45
293,280,0,157
292,457,0,74
302,387,0,18
306,344,0,122
342,279,1,277
343,428,0,101
362,360,0,75
408,425,0,4
454,405,0,327
474,382,1,341
491,329,0,351
527,382,1,53
541,406,0,237
599,419,0,69
652,307,0,168
663,361,0,188
672,414,0,215
687,445,1,329
721,276,0,60
729,444,0,264
757,349,0,353
757,274,0,82
785,412,0,290
806,275,0,51
818,461,1,43
824,405,0,293
839,334,0,1
897,431,0,353
980,460,0,212
985,327,0,334
1306,461,0,82
1633,449,0,332
105,494,0,355
129,548,0,165
182,525,0,187
196,563,0,224
216,466,0,15
223,621,0,274
251,526,0,152
275,553,0,357
284,611,0,147
287,521,0,142
307,592,1,29
314,505,1,276
316,658,1,293
321,575,0,70
342,551,1,330
357,494,0,36
355,591,0,59
366,531,0,304
386,642,0,168
397,554,1,24
398,492,1,27
417,601,0,330
435,552,0,299
474,535,1,346
509,465,0,194
528,558,0,218
537,510,0,343
558,593,0,63
557,462,1,351
579,657,1,81
631,631,1,88
656,644,1,23
658,552,1,347
658,523,1,66
682,587,0,159
690,629,0,327
685,507,1,72
721,526,0,258
736,660,1,37
763,592,0,113
763,521,1,286
783,493,0,119
804,628,0,95
816,555,1,293
837,611,0,14
844,508,1,57
844,570,1,270
871,547,0,278
873,462,1,82
876,635,0,355
906,542,0,335
929,585,0,37
921,646,1,26
951,510,1,321
975,556,1,351
980,662,0,48
1005,482,0,32
1001,571,1,0
1027,617,1,81
1033,521,0,258
1054,662,1,329
1069,472,0,125
1071,538,0,108
1106,572,1,24
1109,481,1,275
1123,646,0,111
1166,477,0,17
1219,542,0,358
1240,608,0,249
1252,471,0,353
1301,503,0,10
1405,664,0,354
1493,645,1,294
1546,641,1,295
1549,587,0,92
1573,601,1,84
1623,547,0,359
1625,629,1,30
1688,637,0,235
1691,509,0,45
1705,587,1,71
1746,634,0,265
1794,620,0,110
1849,611,0,340
1852,661,0,346
1854,564,0,10
1916,599,0,344
1925,546,0,349
1989,661,0,293
97,1478,0,241
103,1422,0,356
154,1317,0,289
176,1408,0,189
191,1366,0,217
196,1451,0,11
206,1314,0,245
231,1403,1,35
241,1338,0,219
286,1288,0,148
296,1409,0,343
296,1356,0,317
305,1485,0,111
320,1325,0,183
354,1413,0,72
380,1358,0,342
387,1476,0,329
396,1312,0,1
390,1435,1,342
392,1405,1,304
429,1460,0,110
442,1376,1,274
469,1452,1,329
488,1402,0,227
500,1287,0,160
506,1485,0,357
502,1312,0,224
512,1433,0,31
521,1329,1,340
531,1366,0,143
547,1316,1,81
558,1292,0,2
588,1318,0,353
590,1417,0,13
624,1483,0,5
660,1355,0,322
666,1396,0,348
673,1432,0,33
711,1352,0,93
741,1464,0,94
755,1376,1,295
766,1431,0,25
772,1350,0,182
779,1383,0,225
783,1454,1,20
803,1326,0,342
809,1287,1,272
849,1439,0,51
861,1319,1,301
870,1464,0,217
890,1318,0,323
887,1338,1,13
896,1408,0,72
909,1441,0,222
916,1472,1,31
936,1298,0,336
957,1455,0,3
990,1286,0,114
996,1346,0,43
1011,1383,0,32
1042,1415,0,16
1094,1360,0,355
1095,1309,0,225
1113,1410,0,231
1166,1437,0,245
1185,1383,0,191
1208,1454,0,217
1242,1357,0,178
1245,1329,0,178
1257,1391,0,56
1295,1484,0,359
1294,1438,0,270
1315,1426,0,346
1320,1386,0,338
1331,1331,0,353
1356,1414,1,50
1366,1376,0,129
1391,1347,0,337
1426,1308,0,287
1423,1401,1,298
1433,1372,0,142
1440,1447,0,35
1481,1472,0,156
1489,1286,0,314
1504,1336,0,177
1546,1392,0,2
1541,1448,0,298
1590,1438,0,143
1585,1462,1,341
1684,1369,0,33
1744,1459,1,46
1760,1486,0,286
1764,1383,0,86
1793,1304,0,195
1802,1398,0,241
1836,1345,0,189
1844,1388,0,67
1851,1426,0,221
1863,1459,0,227
1877,1295,0,207
1884,1358,0,305
1915,1400,0,350
1920,1332,0,307
1932,1467,0,125
1963,1362,0,41
1972,1454,0,82
1976,1410,0,54
1987,1293,0,58
2023,1441,0,30
2049,1377,0,29
2051,1294,0,330
2095,1436,0,17
2117,1376,0,318
2126,1473,0,211
2163,1420,0,13
2171,1364,0,149
2208,1314,0,278
2244,1491,0,353
2257,1341,0,99
2304,1412,0,325
2310,1310,0,54
2349,1314,0,32
2369,1406,0,340
2376,1354,0,161
2393,1461,0,238
2412,1383,0,9
2437,1426,0,269
2447,1321,0,24
2500,1427,0,1
118,1535,0,239
138,1658,0,163
174,1606,0,146
173,1694,0,173
181,1643,0,133
178,1538,0,89
209,1497,0,249
214,1576,0,56
219,1667,0,332
222,1620,0,87
234,1494,1,77
265,1562,0,54
260,1667,0,130
288,1643,1,61
287,1614,1,73
301,1570,0,267
346,1548,0,311
351,1499,0,115
356,1587,0,336
351,1686,0,144
368,1623,0,175
364,1659,1,271
390,1527,1,300
414,1684,0,8
412,1551,0,65
416,1644,0,196
425,1588,0,44
457,1518,0,341
467,1613,0,344
490,1649,0,214
510,1572,0,55
545,1589,0,224
554,1658,0,352
545,1528,1,353
568,1571,1,282
595,1500,1,297
600,1534,0,47
605,1663,0,323
622,1605,1,324
648,1650,0,202
674,1659,1,298
677,1543,1,79
677,1605,1,291
687,1686,0,293
692,1530,0,37
698,1637,0,301
730,1604,0,319
728,1574,1,359
757,1643,0,350
759,1680,0,177
821,1551,0,354
859,1638,0,171
884,1696,1,83
925,1620,0,171
935,1674,0,28
936,1548,1,342
988,1670,1,68
1000,1612,0,25
1035,1508,0,103
1059,1676,0,284
1065,1567,0,333
1092,1609,1,334
1092,1546,1,57
1095,1667,1,275
1115,1523,0,47
1109,1677,0,323
1152,1547,0,225
1174,1564,1,27
1222,1501,0,14
1249,1659,0,8
1240,1529,0,209
1255,1604,0,29
1273,1692,0,356
1292,1616,0,272
1311,1521,0,357
1338,1603,0,270
1352,1682,1,331
1355,1503,1,313
1384,1566,0,335
1395,1657,0,10
1426,1605,0,22
1443,1494,0,0
1532,1532,0,302
1558,1607,0,24
1580,1651,0,38
1604,1522,0,257
1662,1510,0,20
1694,1654,0,275
1713,1509,0,211
1767,1659,0,124
1780,1603,0,322
1797,1552,0,34
1805,1639,0,46
1822,1671,0,254
1861,1684,0,128
1867,1624,0,107
1909,1615,0,276
1928,1563,0,310
1930,1511,0,128
1946,1695,0,18
1963,1617,0,179
1991,1523,0,262
2006,1584,0,334
2020,1689,0,355
2036,1637,0,250
2039,1533,0,291
2064,1492,0,299
2077,1567,0,46
2083,1616,0,247
2118,1525,1,278
2133,1620,0,1
2152,1527,0,354
2219,1581,0,341
2277,1538,0,357
2332,1508,0,327
63,1801,0,24
76,1877,0,268
90,1734,0,2
112,1818,0,210
125,1900,0,351
129,1764,1,317
159,1823,0,67
172,1880,0,173
178,1733,0,2
194,1766,0,4
219,1801,0,48
232,1856,1,11
235,1902,0,82
248,1707,0,343
267,1811,0,291
287,1769,0,297
315,1701,0,119
323,1893,0,60
336,1830,1,4
346,1781,0,165
358,1721,1,5
374,1740,0,10
374,1813,0,2
388,1709,1,347
425,1743,0,71
430,1862,0,257
438,1829,1,52
456,1762,0,62
466,1875,1,16
500,1765,0,131
498,1896,0,300
509,1710,0,328
513,1831,0,8
546,1708,1,308
549,1859,0,226
553,1778,0,43
584,1799,0,53
600,1894,0,217
616,1716,0,342
628,1832,0,176
641,1888,0,66
673,1848,1,335
694,1860,0,59
699,1801,1,45
698,1895,1,357
737,1810,0,71
741,1745,0,32
746,1878,0,27
779,1817,1,2
779,1845,1,312
807,1902,0,156
808,1775,1,302
832,1727,1,355
863,1847,0,52
871,1750,0,345
881,1807,0,1
900,1732,0,134
962,1804,1,298
977,1903,0,143
1010,1800,0,258
1013,1740,0,87
1013,1717,1,58
1017,1882,0,263
1050,1855,0,311
1055,1889,0,330
1100,1798,0,26
1112,1845,0,26
1122,1776,1,72
1195,1701,0,2
1205,1739,0,209
1257,1851,0,359
1290,1785,0,275
1312,1741,0,181
1314,1887,0,356
1320,1821,0,0
1360,1782,0,337
1388,1732,0,1
1395,1862,1,18
1396,1805,1,302
1433,1761,0,212
1437,1704,0,331
1460,1793,0,207
1452,1837,1,315
1481,1848,0,339
1512,1828,0,333
1521,1744,0,236
1558,1880,0,0
1584,1700,0,189
1613,1903,0,63
1640,1763,0,5
1667,1698,0,349
1729,1701,0,267
1776,1767,0,182
1782,1729,0,343
1831,1751,0,336
1888,1766,0,70
1928,1825,0,339
2006,1741,0,17
2061,1752,0,260
2092,1822,0,344
2136,1737,0,338
78,752,0,214
79,672,0,86
100,811,0,155
134,786,0,120
177,793,1,338
185,822,0,11
194,689,0,193
205,776,0,349
206,870,0,334
204,748,1,54
206,840,1,39
220,791,0,311
228,733,0,109
247,862,0,261
259,718,1,75
280,823,0,338
281,768,0,93
312,782,1,347
333,818,0,94
340,703,0,259
338,727,0,113
341,766,1,53
365,870,1,341
367,811,1,331
368,782,1,62
390,699,0,340
398,846,0,336
396,673,1,344
419,740,0,6
422,801,0,352
449,706,0,359
468,786,0,135
499,734,1,54
512,760,0,18
509,850,0,252
558,787,0,204
552,764,1,330
578,779,1,270
627,698,0,118
629,812,1,45
629,844,1,90
652,784,0,131
690,700,0,60
718,808,0,68
724,864,0,340
761,708,1,338
787,693,0,140
787,782,1,27
814,861,1,52
816,680,0,324
817,708,1,24
828,764,0,11
840,690,1,58
842,723,1,7
853,806,0,239
866,860,1,298
869,690,0,72
921,676,1,16
967,687,0,261
969,740,1,29
993,723,0,273
1015,674,0,353
1022,707,1,304
1044,701,0,92
1051,756,1,284
1058,835,0,196
1078,770,1,71
1080,831,1,45
1113,758,0,232
1105,816,1,65
1159,756,1,86
1167,695,0,257
1197,826,0,349
1216,708,0,354
1231,787,0,358
1250,733,0,0
1252,867,0,326
1289,678,0,336
1293,705,0,291
1311,758,0,359
1314,825,0,228
1350,872,0,97
1381,744,0,343
1384,706,1,308
1395,797,0,242
1418,865,0,330
1490,851,0,336
1489,736,1,307
1496,808,0,354
1513,674,0,31
1543,705,1,4
1566,741,0,247
1565,842,1,15
1597,704,1,338
1617,872,1,321
1618,842,1,77
1631,721,0,42
1650,738,1,40
1652,675,0,28
1676,752,1,63
1677,693,1,274
1693,811,0,251
1758,726,0,113
1784,812,0,27
1816,862,0,15
1819,700,0,278
1830,758,1,44
1852,796,0,30
1883,706,0,66
1908,832,0,3
1912,685,1,332
1940,686,0,278
1944,747,0,290
1957,866,0,356
2027,866,0,315
2033,718,0,352
2040,756,0,350
2075,811,0,153
2076,849,0,343
2135,811,0,343
2195,838,0,281
2276,852,0,350
109,1007,0,257
156,973,0,168
152,1071,0,90
163,892,0,15
176,1067,1,47
189,923,0,325
200,1044,0,58
223,1075,0,273
232,965,0,247
233,1007,1,67
234,916,1,61
259,999,0,261
280,1052,0,58
289,921,0,35
309,876,0,9
315,970,0,44
314,1021,1,312
339,917,1,27
356,1011,0,147
363,1074,0,174
367,954,0,88
416,954,0,33
421,1059,0,340
435,1015,0,221
443,979,0,175
459,892,0,127
465,1034,0,83
481,947,0,22
523,1005,0,204
550,1075,0,343
549,920,1,12
562,1042,0,6
572,944,0,88
594,1004,0,9
614,905,0,313
621,1074,0,173
657,884,0,5
661,1004,0,51
736,1022,0,207
748,972,0,228
759,906,0,10
772,1055,0,204
814,921,1,30
813,892,1,60
840,937,1,289
844,992,0,274
891,936,1,295
891,1029,1,340
916,1013,1,57
933,1043,0,6
944,938,1,37
1024,1062,0,346
1027,1031,0,357
1083,1067,0,319
1087,956,0,117
1105,940,1,303
1123,887,0,27
1141,937,0,248
1152,991,1,73
1164,1015,0,203
1172,1063,0,72
1206,886,0,13
1211,983,0,339
1230,945,0,171
1235,1071,0,144
1244,972,0,90
1299,914,0,104
1301,1003,1,293
1314,1076,0,355
1320,951,0,354
1328,1028,0,358
1350,875,0,99
1383,935,0,347
1381,1067,1,305
1381,1037,1,282
1388,980,0,357
1421,1025,0,340
1429,915,1,50
1474,953,0,17
1481,1023,0,85
1482,975,1,11
1485,915,1,78
1513,899,0,317
1511,993,1,287
1516,1044,0,63
1522,1071,0,11
1538,945,1,14
1538,978,1,315
1567,964,0,24
1615,1035,0,359
1669,961,0,136
1676,891,0,344
1702,1007,0,27
1807,1057,0,4
1806,894,1,330
1807,1023,0,89
1838,944,0,193
1838,906,0,55
1852,1044,0,73
1875,1075,0,214
1889,888,0,248
1919,962,0,224
1937,1051,0,52
1956,959,1,52
1974,917,0,180
1971,1053,0,213
1981,981,0,212
2041,1039,0,333
2077,1016,0,269
2080,944,0,241
2078,968,0,118
2118,965,0,27
2127,1045,0,339
2142,922,0,330
2142,881,0,60
2140,1015,0,192
2173,972,0,306
2182,1034,0,328
2227,999,0,59
2252,910,0,312
2262,1025,0,174
2264,1072,0,46
2290,909,0,331
2292,987,0,333
2336,1058,0,339
2347,964,0,15
2376,1032,0,6
2415,1078,0,327
2454,1018,0,18
2471,879,0,357
78,1184,0,202
99,1090,0,200
110,1271,0,247
123,1160,1,63
159,1218,0,196
174,1189,1,5
179,1272,0,334
185,1099,1,345
203,1236,0,355
231,1156,0,336
233,1280,0,227
233,1190,1,284
235,1252,1,279
257,1229,0,290
277,1103,0,36
283,1128,1,35
305,1139,0,43
313,1234,0,71
348,1281,0,210
357,1236,0,208
358,1200,0,302
381,1156,0,330
391,1284,1,60
392,1191,1,318
403,1110,0,28
426,1147,0,345
431,1243,0,5
440,1190,0,222
454,1133,0,147
449,1219,0,50
462,1209,0,28
462,1107,0,321
473,1086,1,325
474,1238,1,344
497,1133,1,26
513,1174,0,17
504,1256,0,185
524,1111,0,354
522,1234,0,82
549,1279,0,74
570,1269,0,155
578,1135,0,17
574,1178,1,292
575,1207,1,344
595,1231,0,354
616,1179,0,32
608,1102,0,164
652,1224,1,46
665,1157,0,37
705,1188,0,270
705,1255,1,323
733,1148,1,346
759,1225,1,285
759,1256,1,55
760,1133,1,61
772,1181,0,192
804,1250,0,345
813,1196,1,48
827,1147,0,4
851,1201,0,28
859,1281,0,12
862,1257,1,0
889,1090,1,29
892,1153,0,258
902,1234,0,300
929,1099,0,200
944,1119,1,337
949,1159,0,118
960,1229,0,214
989,1284,0,115
995,1124,1,324
1011,1103,0,310
1019,1197,0,97
1048,1260,0,164
1047,1156,1,0
1062,1212,0,119
1101,1206,0,111
1105,1143,0,112
1151,1274,1,52
1176,1176,0,357
1213,1127,0,5
1238,1153,0,3
1255,1212,0,357
1265,1185,0,348
1280,1134,0,260
1284,1254,1,0
1306,1106,0,317
1307,1259,0,347
1328,1152,0,340
1332,1274,1,88
1375,1138,0,171
1384,1110,0,353
1381,1222,0,273
1420,1173,0,116
1432,1129,0,300
1434,1256,0,289
1468,1229,0,133
1482,1178,0,223
1494,1124,0,190
1531,1199,0,9
1533,1236,0,348
1537,1269,0,357
1544,1144,0,167
1549,1094,0,2
1590,1225,0,282
1610,1270,0,207
1619,1126,0,36
1620,1233,1,67
1662,1203,0,79
1673,1237,1,47
1681,1111,0,321
1706,1249,0,194
1726,1265,0,213
1779,1230,0,127
1798,1096,0,349
1803,1131,0,8
1835,1164,0,193
1842,1197,0,29
1920,1181,0,145
1961,1250,0,8
1971,1091,0,36
1984,1125,0,227
1990,1161,0,4
1991,1205,0,30
2044,1241,0,330
2053,1144,0,321
2061,1188,0,324
2073,1093,0,98
2108,1188,0,326
2118,1111,0,49
2155,1131,0,273
2172,1193,0,53
2176,1083,0,300
2195,1269,0,91
2204,1239,0,219
2227,1185,0,103
2264,1272,0,213
2279,1188,0,195
2305,1121,0,1
2308,1247,0,114
2324,1094,0,333
2329,1150,0,159
2331,1192,0,159
2416,1281,0,353
461,1350,0,148
2028,1079,0,108
2225,1079,0,72
