62,2075,0,140
68,1961,0,346
79,1905,0,259
109,2030,0,9
99,2082,1,321
244,1907,0,272
283,2008,0,289
311,1961,1,33
336,2064,1,305
361,1974,0,173
370,2070,0,126
386,1946,1,308
388,2006,1,285
391,1977,1,301
417,2080,0,21
438,2008,0,241
463,2083,1,24
464,1992,1,307
463,2051,1,81
490,1948,1,45
509,2078,0,45
543,2101,0,357
609,2094,0,203
592,1980,1,314
592,1924,1,74
592,1950,1,352
631,1908,0,65
635,1972,0,65
644,2052,0,143
671,1965,1,90
696,2012,0,336
699,1982,1,314
781,2098,0,194
781,2061,0,219
806,1976,0,195
807,1904,0,338
803,1951,1,64
830,1997,1,15
880,1926,0,6
889,1989,0,41
936,1909,1,6
980,1905,0,145
1384,1950,0,194
1671,1942,0,343
231,2183,0,208
313,2115,0,208
331,2293,0,32
344,2172,0,173
394,2134,0,16
534,2133,0,175
557,2169,0,247
610,2167,0,252
95,2406,0,51
183,2344,0,58
2373,2490,0,188
2384,2465,0,75
94,255,0,319
134,198,0,206
554,183,0,150
741,254,1,301
881,237,0,7
1617,229,0,199
2189,249,0,163
2517,216,0,264
153,456,0,321
209,389,0,251
227,458,0,5
259,383,1,59
262,355,1,49
291,270,0,206
300,385,0,21
303,346,0,314
341,279,1,304
349,426,0,136
365,359,0,72
408,428,0,357
433,393,0,355
475,382,1,298
491,331,0,349
527,381,1,41
534,406,0,225
615,433,0,108
652,308,0,166
663,361,0,188
674,411,0,219
687,445,1,352
725,277,0,53
733,439,0,264
757,349,0,353
762,282,0,81
766,432,1,294
783,411,0,292
807,265,0,70
818,461,1,11
823,401,0,300
836,330,0,356
897,431,0,355
945,343,0,22
953,459,0,227
1001,419,1,57
1023,448,0,308
1092,456,0,49
1632,448,0,333
72,665,0,74
105,494,0,354
129,548,0,152
131,498,0,192
178,522,0,212
206,553,0,254
212,607,0,249
236,611,1,73
246,525,0,328
275,565,0,332
285,614,0,144
284,464,0,61
288,523,0,144
312,596,1,31
314,506,1,80
315,659,1,315
321,571,1,293
339,492,1,85
342,583,1,315
355,637,0,45
366,560,0,195
373,513,0,345
368,479,1,301
394,490,1,337
402,638,0,228
427,589,0,349
440,658,0,146
446,533,0,295
475,535,1,303
492,464,0,198
544,552,0,189
547,509,0,308
555,462,1,289
557,595,0,64
579,658,1,286
631,631,0,86
657,643,1,45
658,552,1,327
658,522,1,68
682,620,0,316
700,496,0,294
707,576,0,197
762,593,0,104
762,521,1,302
785,497,0,110
808,638,0,100
816,555,1,87
838,611,0,12
844,508,1,272
844,570,1,356
872,462,1,88
875,526,0,238
909,545,0,328
927,586,0,35
937,641,0,208
951,510,1,326
975,555,1,18
991,492,0,343
1001,571,1,4
1027,617,1,58
1054,662,1,327
1066,564,0,98
1106,573,1,10
1118,650,0,100
1167,477,0,16
1164,661,0,274
1163,511,1,14
1219,542,0,0
1215,604,1,284
1240,612,0,239
1252,471,0,354
1264,663,0,93
1301,503,0,11
1493,645,1,313
1538,590,0,69
1547,643,1,300
1573,599,1,275
1624,547,0,0
1625,629,1,26
1683,508,0,39
1694,638,0,220
1705,587,1,90
1750,611,0,256
1793,621,0,109
1842,604,0,333
1850,658,0,306
1858,563,0,11
1906,646,0,335
1920,602,0,1
1926,540,0,355
1984,663,0,273
100,1479,0,218
104,1423,0,7
146,1296,0,272
174,1408,0,184
181,1288,0,81
192,1365,0,217
197,1453,0,50
203,1329,1,47
211,1301,0,226
232,1402,1,22
240,1461,0,250
248,1338,0,196
254,1415,0,337
283,1287,0,164
297,1411,0,347
303,1482,0,117
308,1372,0,320
328,1324,0,195
350,1426,0,60
372,1356,0,1
389,1469,0,355
391,1405,1,312
395,1315,0,36
389,1435,1,336
429,1437,0,197
442,1375,1,293
455,1471,0,324
469,1392,1,47
469,1450,1,82
486,1299,0,134
489,1357,0,161
508,1441,0,18
509,1484,0,349
522,1331,1,272
527,1390,0,224
549,1316,1,340
571,1353,0,161
571,1452,0,308
565,1291,0,319
588,1319,0,354
598,1418,0,337
661,1357,0,323
661,1452,0,54
674,1483,1,336
716,1376,0,89
742,1463,0,92
755,1376,1,315
773,1385,0,244
783,1454,1,350
811,1288,1,316
815,1347,0,127
852,1296,0,53
856,1442,0,107
876,1491,0,19
889,1340,0,330
897,1410,0,35
910,1442,0,227
914,1320,1,321
915,1473,1,8
957,1455,0,3
977,1387,0,5
990,1343,0,18
1015,1446,1,305
1040,1426,0,39
1042,1369,1,59
1054,1297,0,195
1065,1354,0,330
1094,1307,0,220
1113,1406,0,233
1165,1445,0,223
1166,1298,0,13
1180,1374,0,237
1209,1454,0,217
1226,1491,0,4
1253,1313,0,199
1258,1391,0,58
1297,1480,0,348
1293,1439,0,271
1314,1428,0,343
1321,1387,0,337
1331,1332,0,335
1355,1416,1,26
1367,1375,0,145
1413,1451,0,356
1423,1401,1,280
1426,1305,0,271
1464,1400,0,113
1481,1476,0,123
1487,1288,0,314
1518,1336,0,187
1523,1389,0,352
1528,1435,0,337
1556,1287,0,49
1588,1429,0,125
1585,1463,1,330
1628,1376,0,19
1754,1463,0,322
1765,1411,0,79
1805,1362,0,157
1794,1432,1,44
1804,1459,0,113
1820,1295,0,200
1829,1404,0,358
1834,1341,0,172
1846,1464,0,281
1865,1359,0,255
1892,1458,0,249
1918,1402,0,346
1920,1296,0,194
1928,1356,0,291
1938,1487,0,338
1949,1446,0,147
1975,1410,0,45
1989,1346,0,112
2004,1476,0,221
2019,1299,1,31
2044,1420,0,16
2045,1307,0,342
2056,1382,0,27
2072,1463,0,352
2105,1384,0,0
2165,1412,0,27
2178,1359,0,151
2255,1338,0,100
2306,1419,0,322
2319,1370,0,93
2318,1400,1,8
2347,1307,0,11
2359,1412,0,331
2377,1374,0,355
2394,1463,0,239
2419,1352,0,181
2440,1421,0,270
2445,1315,0,4
2505,1423,0,27
117,1535,0,242
142,1654,0,269
174,1693,0,179
176,1607,0,144
176,1646,0,120
177,1538,0,91
203,1597,1,74
216,1665,0,328
225,1621,0,86
261,1565,0,61
262,1658,0,95
287,1614,1,55
289,1643,1,66
300,1549,0,257
319,1696,0,151
344,1583,0,339
350,1498,0,129
346,1548,0,307
357,1684,0,345
369,1634,0,261
390,1526,1,307
418,1693,0,348
418,1593,0,4
435,1507,0,358
429,1625,0,19
435,1551,0,45
440,1663,0,166
479,1620,0,23
494,1578,0,29
497,1643,0,208
542,1589,0,220
545,1528,1,344
574,1623,0,261
599,1536,0,49
597,1498,1,18
597,1620,1,31
608,1660,0,337
622,1605,1,305
650,1648,0,192
675,1533,0,30
675,1658,1,310
676,1604,1,90
687,1686,0,292
700,1636,0,302
729,1604,0,331
728,1574,1,356
760,1680,0,180
758,1642,0,349
818,1541,0,327
836,1515,1,0
857,1617,1,23
872,1640,0,185
884,1696,1,305
915,1626,0,146
931,1678,0,43
936,1548,1,347
987,1670,1,324
998,1615,0,42
1043,1512,0,130
1064,1656,0,279
1091,1609,1,321
1098,1584,0,153
1093,1546,1,303
1096,1667,1,54
1106,1675,0,325
1115,1522,0,47
1179,1548,0,358
1176,1569,1,281
1206,1684,0,352
1201,1611,1,325
1228,1585,0,97
1246,1645,0,13
1255,1603,0,32
1316,1517,0,350
1347,1593,0,261
1355,1502,1,313
1374,1661,0,4
1398,1566,0,332
1416,1613,0,39
1443,1690,0,21
1462,1504,0,215
1503,1613,0,17
1531,1534,0,303
1554,1638,0,95
1599,1512,0,263
1615,1621,0,268
1659,1516,0,18
1695,1656,0,281
1711,1510,0,206
1778,1603,0,318
1798,1551,0,36
1801,1677,0,147
1805,1636,0,46
1850,1614,0,214
1876,1556,0,314
1884,1682,0,119
1915,1614,0,304
1920,1522,0,345
1921,1657,0,341
1947,1691,0,12
1975,1619,0,167
2015,1689,0,350
2016,1584,0,220
2020,1540,0,244
2037,1638,0,247
2062,1526,0,271
2068,1677,1,322
2078,1565,0,44
2109,1575,0,230
2124,1626,0,351
2120,1524,1,315
2155,1523,0,353
2219,1581,0,341
2243,1512,0,6
2278,1537,0,0
2330,1507,0,325
64,1801,0,15
79,1901,0,260
90,1732,0,356
112,1818,0,187
128,1902,0,342
129,1765,1,289
164,1825,0,52
172,1733,0,179
175,1769,0,17
174,1881,0,159
197,1709,1,44
217,1804,0,66
232,1856,1,329
232,1765,1,43
251,1709,0,344
273,1746,0,327
272,1804,0,263
317,1898,0,117
334,1829,1,18
336,1886,1,75
349,1779,0,145
358,1721,1,12
373,1739,0,9
377,1814,0,228
387,1708,1,330
424,1745,0,47
426,1868,0,231
452,1773,0,45
466,1874,1,56
490,1844,0,329
493,1773,0,61
498,1897,0,302
507,1705,0,332
533,1798,0,31
551,1858,0,225
547,1707,1,310
573,1738,0,10
581,1801,0,50
600,1889,0,219
634,1815,0,222
682,1855,0,70
698,1801,1,57
699,1892,1,343
737,1815,0,13
738,1871,0,358
744,1767,0,22
779,1846,1,321
780,1819,1,83
807,1773,1,310
832,1727,1,340
834,1758,1,86
859,1780,0,318
869,1842,0,79
916,1752,0,68
952,1889,0,327
962,1804,1,305
1001,1782,0,231
1011,1852,0,255
1019,1735,0,56
1052,1886,0,332
1059,1826,0,304
1097,1785,0,358
1112,1846,0,33
1137,1707,0,19
1150,1881,1,18
1169,1710,0,346
1250,1854,0,7
1246,1743,0,194
1291,1784,0,279
1314,1887,0,356
1316,1724,0,215
1320,1821,0,1
1371,1792,1,216
1380,1733,0,226
1395,1862,1,356
1396,1805,1,307
1393,1714,1,358
1429,1762,0,211
1479,1848,0,333
1481,1752,0,264
1523,1827,0,351
1524,1748,0,238
1559,1879,0,3
1639,1764,0,9
1661,1700,0,354
1725,1706,0,267
1778,1769,0,177
1781,1715,0,0
1832,1751,0,334
1872,1807,0,59
1928,1824,0,341
2003,1741,0,14
2072,1706,0,265
2092,1821,0,344
2136,1737,0,339
78,752,0,238
100,814,0,159
133,784,0,115
178,793,1,322
183,822,0,6
195,689,0,193
206,777,0,350
206,870,0,343
204,748,1,59
207,840,1,45
230,733,0,103
256,862,0,271
259,719,1,76
273,823,0,341
278,772,0,92
287,857,1,278
312,782,1,44
334,813,0,82
339,708,0,258
341,766,1,51
369,688,0,26
365,870,1,335
367,811,1,290
369,782,1,36
391,804,0,353
407,855,0,288
419,801,0,354
422,704,0,97
449,711,0,33
480,795,0,162
471,726,1,315
499,733,1,21
505,758,0,53
517,848,0,219
557,790,0,208
552,766,1,54
624,704,0,91
628,814,1,39
653,808,0,119
697,729,0,144
727,861,0,343
724,805,0,57
762,706,1,323
797,762,0,359
813,721,0,143
814,861,1,33
840,690,1,76
856,800,0,264
866,861,1,345
870,700,0,77
909,730,0,43
923,676,1,42
973,741,1,330
993,690,0,273
1022,711,1,66
1047,699,0,118
1051,756,1,24
1058,834,0,203
1120,747,0,231
1158,756,1,18
1187,831,0,16
1214,713,0,2
1232,737,0,355
1235,782,0,338
1253,843,0,315
1283,674,0,355
1286,675,0,354
1309,762,0,349
1300,716,0,101
1317,826,0,229
1341,732,0,347
1349,872,0,81
1381,706,0,342
1403,670,0,13
1415,863,0,330
1417,770,0,219
1489,853,0,339
1491,798,0,6
1489,736,1,324
1494,798,0,4
1509,673,0,33
1542,706,1,308
1565,841,1,14
1569,715,0,282
1597,705,1,313
1617,872,1,321
1618,842,1,73
1632,727,0,51
1651,739,1,36
1653,675,0,27
1676,752,1,42
1677,693,1,283
1685,805,0,237
1754,830,1,273
1774,728,0,354
1782,814,0,27
1812,858,0,11
1821,700,0,270
1830,758,1,86
1854,801,0,35
1884,710,0,62
1907,833,0,7
1931,867,0,355
1946,745,0,294
2026,864,0,325
2033,718,0,353
2039,753,0,355
2065,841,0,340
2134,811,0,344
2145,850,0,157
2160,785,0,336
2276,852,0,352
101,1076,0,257
109,1011,0,300
158,978,0,182
153,1072,0,91
163,888,0,16
176,1068,1,57
187,925,0,318
198,1042,0,58
222,1070,0,274
233,938,0,262
233,1006,1,58
259,1000,0,265
268,1067,0,65
289,921,0,32
307,876,0,19
308,989,0,48
314,1022,1,289
339,918,1,46
370,1043,0,161
366,1077,0,194
368,1005,0,137
393,980,0,134
400,934,0,347
443,977,0,190
445,919,1,33
458,1003,0,202
463,895,0,123
468,1040,0,65
522,1005,0,201
537,1046,0,4
549,919,1,15
573,943,0,88
595,1000,0,23
613,907,0,320
627,1071,0,202
652,1010,0,22
657,877,0,354
680,935,1,40
739,917,0,5
737,1022,0,212
751,973,0,231
788,1050,0,201
813,921,1,59
814,891,1,76
836,967,0,263
841,935,1,343
891,936,1,289
891,1029,1,357
903,1037,0,330
916,1013,1,34
936,1040,0,17
944,938,1,43
1021,1062,0,352
1028,1030,0,1
1025,1009,1,337
1084,1065,0,318
1101,940,1,315
1101,970,1,14
1125,886,0,1
1129,1027,0,102
1145,935,0,238
1155,996,1,86
1166,1068,0,61
1193,1012,0,208
1212,960,0,316
1214,887,0,51
1231,1070,0,147
1240,940,0,140
1282,1009,0,54
1312,1078,0,329
1318,947,0,355
1333,1022,0,126
1349,874,0,85
1376,994,0,89
1380,1037,1,322
1391,945,0,352
1429,1042,0,355
1430,915,1,48
1462,958,0,35
1486,1001,0,69
1486,915,1,73
1505,1067,0,337
1513,899,0,320
1514,1043,0,67
1515,993,1,78
1517,935,0,145
1539,945,1,5
1535,1004,0,352
1564,969,0,31
1586,1055,0,40
1657,985,0,103
1676,891,0,343
1701,1007,0,26
1800,948,0,66
1805,893,1,329
1806,1028,0,87
1819,1057,0,220
1860,935,0,188
1855,1041,0,82
1855,957,1,2
1878,895,0,323
1912,962,0,203
1917,1069,0,293
1947,1042,0,113
1956,959,1,58
1975,982,0,199
1980,930,0,144
1997,1025,0,245
2046,976,0,157
2047,1022,0,295
2079,943,0,1
2080,917,1,300
2106,924,0,343
2115,1033,0,322
2124,896,0,302
2136,1002,0,298
2160,1073,0,14
2159,894,0,355
2177,1021,0,334
2181,948,0,335
2229,1029,0,67
2245,915,0,331
2268,1020,0,164
2285,981,0,338
2291,909,0,329
2296,1056,0,354
2347,964,0,15
2338,1017,0,100
2365,1064,0,313
2381,1033,0,341
2456,1021,0,23
2472,879,0,358
77,1182,0,199
107,1270,0,243
123,1161,1,30
175,1189,1,357
187,1098,0,356
195,1216,0,185
208,1141,0,284
210,1239,1,1
231,1279,0,235
233,1188,1,328
238,1254,1,292
251,1122,0,15
258,1231,0,289
259,1175,1,84
294,1173,0,67
309,1236,0,74
338,1284,1,288
351,1239,0,32
353,1190,0,254
370,1141,0,309
377,1261,0,232
392,1192,1,318
390,1285,1,31
402,1100,0,33
424,1147,0,355
428,1254,0,29
451,1217,0,202
450,1132,0,142
477,1183,0,186
471,1084,1,52
475,1237,1,79
495,1106,0,0
498,1131,1,41
519,1215,0,19
521,1272,0,108
546,1127,1,12
559,1147,0,34
558,1092,0,134
569,1237,0,27
575,1177,1,76
587,1279,0,143
601,1193,0,17
651,1224,1,43
698,1164,0,308
705,1255,1,45
734,1148,1,350
759,1225,1,286
758,1257,1,8
760,1133,1,74
773,1176,0,204
799,1252,0,342
813,1196,1,65
821,1146,0,355
812,1167,1,310
851,1201,0,33
863,1257,1,19
890,1090,1,359
894,1202,0,267
920,1140,0,357
918,1229,1,64
927,1279,0,300
945,1086,0,191
943,1120,1,341
959,1114,0,34
963,1233,0,200
966,1164,0,81
989,1282,0,134
996,1122,1,290
1017,1232,1,279
1022,1123,0,277
1040,1213,0,146
1048,1264,0,173
1083,1189,0,144
1105,1143,0,112
1125,1257,0,144
1151,1094,1,280
1176,1176,0,359
1215,1128,0,25
1233,1190,0,37
1255,1226,0,348
1277,1136,0,285
1314,1129,0,296
1323,1258,0,355
1347,1171,0,58
1351,1264,1,296
1359,1200,0,181
1384,1095,0,86
1395,1245,0,223
1412,1170,0,131
1424,1099,0,250
1430,1126,0,300
1435,1252,0,55
1465,1162,0,74
1487,1261,0,188
1482,1126,1,90
1529,1226,0,346
1526,1124,0,100
1573,1166,0,124
1578,1108,0,2
1591,1229,0,284
1611,1148,1,44
1619,1232,1,73
1635,1130,0,46
1641,1265,0,197
1663,1194,0,76
1674,1235,1,330
1685,1115,0,310
1707,1248,0,183
1725,1267,0,217
1777,1246,0,99
1796,1256,0,20
1802,1131,0,10
1829,1201,0,30
1845,1160,0,170
1859,1094,0,221
1888,1208,0,56
1918,1127,0,16
1937,1222,0,282
1982,1178,0,141
1984,1094,0,252
1986,1263,0,108
2000,1139,0,358
2040,1109,0,136
2047,1241,0,347
2053,1192,0,304
2075,1081,0,119
2098,1158,0,305
2139,1149,0,107
2145,1232,0,32
2171,1116,0,263
2228,1229,0,201
2218,1176,0,99
2225,1083,0,59
2253,1088,0,63
2255,1271,0,234
2297,1114,0,2
2310,1245,0,25
2320,1151,0,152
2328,1087,0,348
2328,1187,0,140
2371,1137,1,85
2375,1192,0,258
2397,1140,0,171
2412,1275,0,349
2426,1188,0,11
2109,1434,0,297
2205,1285,0,296
461,944,0,13
