60,1955,0,351
109,2055,0,58
258,1929,0,107
283,2008,0,293
308,1960,1,49
335,1916,1,77
335,2064,1,275
343,1978,0,148
386,1946,1,308
387,2006,1,292
418,2080,0,19
429,2036,0,191
464,1977,0,76
463,2051,1,58
463,2083,1,24
492,1947,1,358
542,2099,0,1
588,2102,1,106
592,1979,1,341
594,1923,1,61
593,1949,1,324
600,2013,0,60
621,2084,1,69
651,1965,0,98
670,2056,0,245
697,2012,0,337
699,1982,1,322
753,2012,1,72
768,2043,0,270
780,2088,0,217
804,1952,1,36
829,1996,1,21
861,1994,0,82
887,1930,0,354
890,1990,0,53
936,1909,1,34
980,1904,0,146
1481,1910,0,219
1826,2042,0,140
77,2124,0,161
225,2184,0,205
246,2300,0,31
333,2129,0,155
344,2171,0,171
401,2153,0,96
486,2192,0,28
537,2129,0,198
560,2144,0,222
613,2113,0,253
633,2168,0,205
94,2410,0,327
186,2346,0,54
2384,2471,0,152
125,179,0,69
583,202,0,156
884,236,0,4
2243,239,0,267
2517,217,0,266
138,266,0,151
154,454,0,325
210,389,0,250
223,456,0,317
261,354,1,47
258,384,1,94
291,269,0,200
303,394,0,28
306,345,0,132
341,280,0,291
370,363,0,61
390,457,0,141
407,426,0,0
424,388,0,357
475,382,1,315
493,331,0,348
501,442,0,256
527,383,1,41
558,397,0,227
614,408,0,194
650,308,0,347
664,362,0,188
679,407,0,235
686,445,1,318
721,279,0,59
733,439,0,260
759,348,0,353
760,270,0,89
786,412,0,292
804,289,0,68
818,461,1,55
824,404,0,297
848,336,0,9
892,432,0,2
940,397,0,92
1633,448,0,336
1799,276,0,151
69,664,0,80
110,494,0,172
130,548,0,150
177,539,0,332
211,605,0,184
217,495,0,181
244,522,0,331
268,558,0,325
276,487,0,85
288,653,0,142
312,594,0,233
314,505,1,332
315,628,1,315
318,572,1,300
341,551,0,161
340,493,1,281
342,583,1,51
349,637,0,30
361,527,0,347
367,480,1,304
395,514,0,348
395,489,1,354
396,552,1,85
406,590,0,345
445,512,0,276
476,536,1,59
493,499,0,326
504,584,0,198
554,462,1,355
557,603,0,60
579,657,1,273
607,526,0,3
612,492,0,10
631,630,1,86
652,589,0,331
657,643,1,47
659,552,1,83
684,506,1,13
721,499,0,229
746,630,0,61
762,521,1,272
785,505,0,94
816,555,1,314
830,614,0,5
843,507,1,332
870,570,0,1
872,462,1,66
879,512,0,194
909,545,0,326
931,600,0,11
922,646,1,45
951,509,1,309
949,479,1,345
975,555,1,8
982,468,0,110
1001,571,1,343
1011,645,0,223
1031,523,0,337
1026,615,1,333
1052,659,1,351
1078,631,0,92
1086,559,0,220
1093,472,0,60
1107,573,1,31
1120,663,0,80
1147,615,0,323
1168,479,0,20
1219,542,0,0
1240,618,0,244
1251,471,0,353
1300,504,0,13
1493,641,1,18
1508,662,0,5
1515,600,0,31
1546,643,1,337
1573,600,1,300
1603,603,0,283
1623,546,0,2
1628,630,1,347
1682,515,0,92
1705,587,1,77
1720,648,0,169
1732,630,1,321
1758,620,1,90
1778,570,0,219
1795,620,0,104
1823,593,0,310
1840,654,0,301
1861,558,0,3
1887,633,0,337
1929,543,0,348
1947,600,0,349
1970,654,0,310
104,1426,0,359
112,1467,0,34
171,1409,0,178
186,1327,0,125
192,1367,0,224
203,1465,0,37
211,1309,0,276
230,1404,1,274
237,1312,1,347
256,1397,0,291
260,1480,0,280
266,1330,0,5
287,1292,0,207
283,1461,1,324
301,1410,0,330
299,1491,0,98
313,1371,0,333
336,1307,0,239
361,1459,0,145
367,1419,0,326
379,1339,0,15
390,1286,1,322
392,1403,1,308
442,1375,1,306
448,1446,0,23
472,1309,0,210
490,1364,0,156
499,1409,0,174
534,1332,0,136
537,1448,0,3
562,1405,0,3
560,1293,0,311
580,1370,0,192
585,1319,0,354
608,1433,0,36
630,1391,0,187
624,1472,0,249
623,1331,1,333
646,1308,0,323
660,1358,0,160
661,1478,0,61
743,1326,0,305
743,1467,0,88
758,1378,1,346
780,1423,0,140
774,1303,0,2
782,1454,1,292
810,1289,1,337
815,1368,0,84
834,1486,1,30
857,1427,0,51
857,1310,0,69
866,1368,0,2
870,1474,0,340
874,1404,0,223
901,1433,0,262
914,1320,1,337
913,1470,1,314
929,1381,0,4
956,1452,0,355
970,1338,0,7
988,1286,0,112
1037,1385,0,12
1047,1462,1,309
1059,1429,0,68
1082,1437,0,38
1087,1310,0,235
1118,1392,0,268
1160,1450,0,216
1173,1376,0,236
1190,1291,0,117
1208,1456,0,215
1228,1371,0,59
1259,1290,0,13
1260,1393,0,49
1282,1342,0,274
1293,1457,0,112
1315,1430,0,349
1326,1391,0,353
1343,1332,0,255
1354,1417,1,11
1384,1478,0,23
1388,1372,0,168
1424,1401,1,79
1425,1307,0,284
1460,1440,0,208
1482,1371,0,8
1483,1472,0,149
1489,1286,0,310
1514,1421,0,332
1526,1467,0,142
1529,1335,0,144
1526,1398,0,351
1569,1450,0,283
1593,1359,0,135
1595,1418,0,141
1649,1391,0,91
1725,1356,0,230
1751,1450,0,46
1755,1381,0,83
1783,1343,0,101
1803,1473,0,334
1812,1425,0,138
1832,1345,0,165
1840,1391,0,315
1886,1447,0,319
1890,1305,0,164
1904,1375,0,266
1924,1417,0,3
1937,1459,0,139
1964,1329,0,358
1971,1414,0,68
2004,1464,0,209
2007,1491,0,210
2022,1349,0,194
2021,1422,0,25
2055,1375,0,4
2076,1324,0,156
2075,1474,0,299
2096,1389,0,8
2106,1440,0,359
2172,1406,0,7
2179,1356,0,162
2229,1297,0,52
2249,1368,0,334
2259,1436,0,351
2297,1303,0,283
2335,1419,0,354
2349,1347,0,10
2347,1380,0,159
2373,1319,0,356
2394,1462,0,223
2399,1403,0,88
2443,1411,0,250
2465,1337,0,334
2500,1427,0,21
108,1540,0,259
150,1542,0,268
164,1696,0,352
167,1657,0,190
173,1607,0,124
180,1538,0,87
215,1664,0,331
229,1555,0,328
223,1623,0,107
232,1492,1,307
260,1660,0,94
272,1577,0,47
287,1613,1,279
289,1643,1,277
319,1571,0,354
314,1661,1,0
342,1682,0,184
342,1499,0,143
345,1545,0,315
349,1622,0,325
365,1659,1,342
378,1583,0,23
390,1527,1,313
414,1497,0,215
415,1697,0,338
408,1545,0,178
421,1608,0,0
438,1672,0,134
444,1549,0,45
465,1662,1,338
500,1635,0,281
510,1495,0,332
511,1688,0,46
530,1585,0,284
546,1528,1,357
577,1542,0,39
596,1498,1,318
602,1659,0,315
622,1603,1,270
623,1512,1,280
649,1649,0,199
681,1518,0,40
674,1657,1,291
687,1685,0,292
700,1642,0,302
728,1574,1,354
756,1648,0,342
756,1609,0,354
760,1681,0,178
799,1497,0,302
838,1667,0,307
858,1620,1,89
878,1636,0,168
877,1508,0,351
883,1697,1,48
918,1626,0,151
914,1685,0,60
936,1548,1,334
950,1509,0,5
989,1607,0,58
987,1669,1,36
1016,1504,1,45
1039,1538,0,60
1039,1629,0,280
1092,1609,1,325
1095,1668,1,15
1094,1547,1,69
1115,1523,0,48
1114,1677,0,4
1122,1655,1,38
1153,1651,0,5
1170,1613,0,353
1208,1499,0,10
1218,1561,0,85
1249,1649,0,1
1256,1607,0,25
1295,1494,0,351
1315,1523,0,351
1322,1557,0,354
1353,1624,1,281
1354,1506,1,335
1359,1669,0,56
1394,1548,0,3
1394,1688,0,229
1447,1589,0,351
1457,1641,0,182
1485,1509,0,294
1525,1655,0,231
1531,1536,0,292
1567,1608,0,290
1657,1500,0,8
1655,1542,0,72
1692,1653,0,269
1707,1512,0,201
1731,1495,0,319
1747,1651,0,196
1778,1602,0,318
1797,1552,0,43
1803,1638,0,47
1861,1505,0,244
1881,1648,0,216
1893,1600,0,21
1893,1557,0,311
1918,1517,0,87
1950,1630,0,259
1958,1576,0,197
1960,1519,0,111
2005,1573,0,255
2015,1697,0,354
2029,1603,0,43
2044,1646,0,257
2045,1527,0,276
2086,1541,0,319
2116,1602,0,356
2131,1502,0,306
2171,1619,0,210
2191,1500,0,325
2219,1581,0,340
2247,1493,0,352
2279,1536,0,0
2335,1510,0,331
65,1803,0,9
75,1893,0,264
90,1738,0,13
110,1835,0,117
129,1766,1,83
130,1901,0,83
148,1790,0,20
164,1828,0,48
185,1758,0,154
210,1707,0,58
214,1884,0,207
221,1810,0,117
231,1766,1,23
230,1855,1,22
260,1715,0,4
271,1752,0,342
294,1794,0,221
341,1806,0,45
344,1711,0,187
355,1873,0,233
372,1736,0,12
361,1722,1,90
384,1710,1,313
397,1787,0,225
416,1698,0,339
417,1876,0,179
418,1850,0,185
428,1804,0,51
440,1734,0,342
470,1837,0,357
466,1874,1,32
492,1762,0,17
494,1902,0,295
515,1796,0,13
529,1848,0,68
544,1709,1,353
556,1865,0,242
561,1739,0,7
600,1890,0,213
642,1896,0,37
653,1750,0,234
673,1848,1,279
698,1893,1,345
697,1797,1,38
707,1817,0,17
722,1871,0,346
736,1760,0,354
778,1846,1,334
779,1817,1,331
807,1773,1,307
826,1884,0,271
832,1727,1,346
880,1853,0,41
910,1754,0,221
940,1760,1,42
957,1720,0,300
963,1804,1,300
1014,1711,0,41
1027,1753,0,238
1052,1885,0,331
1072,1743,0,263
1112,1844,0,24
1113,1717,0,261
1166,1720,0,320
1264,1852,0,356
1310,1763,0,344
1306,1703,0,292
1318,1888,0,342
1321,1821,0,0
1351,1742,1,276
1373,1788,1,4
1395,1862,1,3
1396,1804,1,301
1429,1758,0,225
1446,1705,0,20
1466,1860,0,5
1484,1810,0,347
1533,1732,0,249
1560,1879,0,4
1639,1764,0,9
1651,1701,0,2
1728,1716,0,320
1765,1845,0,337
1778,1766,0,189
1780,1701,0,77
1830,1751,0,331
1929,1822,0,343
2004,1741,0,14
2092,1820,0,342
2136,1738,0,339
81,754,0,276
108,813,0,341
132,780,0,138
183,823,0,4
178,792,1,16
194,689,0,192
202,778,0,355
203,748,1,26
207,870,0,350
229,754,0,76
233,702,1,50
237,828,0,311
259,718,1,88
271,819,0,161
284,767,0,130
285,855,1,347
329,817,0,69
339,706,0,266
341,766,1,68
338,727,0,92
365,870,1,349
368,811,1,82
369,782,1,32
389,681,0,321
409,738,0,8
417,801,0,351
429,838,0,205
446,758,0,34
445,857,1,1
472,799,0,337
498,734,1,28
503,757,0,23
497,856,1,26
537,842,0,218
556,789,0,206
551,764,1,24
612,708,0,66
689,770,0,207
719,709,0,237
732,799,0,14
751,848,0,226
763,707,1,278
772,743,0,317
804,681,0,100
820,856,0,92
840,690,1,291
868,700,0,91
866,861,1,302
872,773,0,240
922,676,1,24
973,741,1,313
1006,719,0,214
1052,847,0,340
1051,756,1,67
1051,701,0,93
1090,686,0,322
1104,756,0,216
1147,818,0,314
1158,756,1,10
1206,703,0,7
1213,783,0,345
1207,846,1,308
1222,729,0,359
1237,836,0,7
1282,673,0,356
1306,767,0,2
1323,732,0,350
1326,836,0,212
1379,704,0,155
1402,668,0,11
1406,861,0,338
1418,738,0,251
1490,807,0,349
1489,736,1,338
1493,808,0,348
1500,854,0,311
1543,705,1,7
1564,841,1,35
1597,705,1,326
1617,872,1,320
1618,842,1,78
1633,727,0,24
1650,741,1,47
1653,675,0,15
1675,752,1,42
1678,693,1,90
1731,783,0,225
1774,819,0,9
1791,722,0,306
1791,872,0,52
1820,702,0,286
1829,757,1,40
1839,785,0,63
1852,832,1,36
1876,849,0,322
1881,788,1,271
1891,703,0,63
1909,832,0,0
1944,747,0,289
2019,852,0,354
2034,717,0,353
2038,754,0,352
2068,823,0,329
2130,815,0,346
2185,853,0,51
2215,838,0,4
2278,839,0,349
2281,871,0,333
2299,870,0,180
109,1006,0,305
153,1069,0,93
161,978,0,187
161,892,0,16
176,1068,1,53
188,924,0,327
200,1049,0,64
215,1014,0,333
231,1066,1,28
244,930,0,240
265,1068,0,40
262,1000,0,276
288,922,0,36
305,878,0,6
306,1012,0,99
314,1067,0,35
337,919,1,55
362,1077,0,201
365,987,0,52
372,910,0,327
393,1039,1,301
417,1030,0,80
439,931,0,327
440,978,0,167
446,1065,0,31
457,895,0,137
477,903,1,44
514,1055,0,16
520,933,0,222
524,1005,0,204
549,960,0,87
568,1023,0,11
572,943,0,90
599,887,0,284
607,1041,0,34
659,875,0,7
679,1050,0,258
680,936,1,9
697,911,0,336
737,1023,0,211
760,1044,1,0
772,966,0,205
811,1059,0,180
814,921,1,55
871,923,0,230
891,1029,1,329
892,939,1,282
916,1013,1,10
923,1039,0,20
916,955,1,336
927,914,0,54
944,938,1,52
1023,1069,0,9
1027,1034,0,5
1089,1065,0,320
1103,922,0,335
1098,944,1,344
1101,970,1,34
1117,874,0,9
1126,1042,0,99
1155,997,1,58
1154,1031,1,20
1174,893,0,41
1191,1061,0,43
1205,999,1,23
1210,939,0,321
1241,1031,0,86
1251,983,0,147
1255,948,0,127
1275,1036,0,273
1298,916,0,70
1308,937,0,343
1325,1079,0,8
1328,981,0,11
1340,1027,0,344
1379,893,0,155
1381,1067,1,318
1381,1037,1,60
1393,942,0,3
1417,1024,0,277
1430,914,1,61
1455,974,0,321
1469,1024,0,315
1484,951,0,5
1485,915,1,87
1501,926,0,336
1510,994,1,287
1515,902,0,326
1513,1045,0,70
1538,946,1,348
1577,1020,0,129
1646,1009,0,318
1675,891,0,343
1685,981,0,93
1704,1006,0,18
1776,1046,0,129
1798,975,0,44
1803,1035,0,70
1809,895,1,324
1844,1000,0,245
1854,951,1,71
1856,1041,0,67
1854,893,1,56
1875,928,0,310
1907,1025,0,145
1931,886,0,257
1953,956,1,51
1969,1002,0,83
2007,929,0,170
2007,1079,0,347
2032,1007,0,329
2051,1078,0,112
2058,970,0,180
2058,916,0,146
2091,1034,0,74
2116,889,0,342
2124,945,0,111
2128,1022,0,311
2154,1010,0,134
2170,900,0,1
2171,1067,0,17
2189,1033,0,331
2196,951,0,340
2199,1002,0,332
2244,919,0,348
2253,1058,0,345
2260,1000,0,157
2289,977,0,331
2295,912,0,330
2323,1033,0,295
2347,965,0,9
2386,1011,0,315
2456,1024,0,11
2472,879,0,354
73,1181,0,237
102,1258,0,295
122,1160,1,62
139,1102,0,133
146,1232,0,267
175,1188,0,156
177,1219,0,2
180,1250,1,274
183,1096,1,16
205,1236,0,338
210,1109,0,253
228,1284,0,207
236,1161,0,223
236,1254,1,292
234,1193,1,23
250,1116,0,28
259,1208,0,236
258,1175,1,23
278,1263,0,36
309,1147,0,335
320,1199,0,133
350,1234,0,33
362,1120,0,17
374,1174,0,223
396,1239,0,200
392,1193,1,81
420,1142,0,26
421,1257,0,39
417,1114,1,2
431,1169,0,217
453,1110,0,358
453,1217,0,207
453,1278,0,32
465,1169,0,327
474,1086,1,325
474,1239,1,5
497,1132,1,53
527,1215,0,140
551,1268,0,7
549,1130,1,320
572,1176,1,53
587,1209,0,88
598,1284,1,350
603,1114,0,79
600,1132,1,340
622,1234,0,88
630,1145,0,205
644,1106,0,23
652,1224,1,59
663,1147,0,318
705,1255,1,10
734,1148,1,12
749,1104,0,348
759,1224,1,62
761,1133,1,17
775,1172,0,205
788,1259,0,324
812,1196,1,303
856,1200,0,23
858,1137,0,310
867,1260,0,351
889,1091,1,315
916,1228,1,42
936,1170,0,340
942,1120,1,304
950,1084,0,183
976,1144,0,162
987,1284,0,112
996,1121,1,325
1024,1175,0,225
1017,1230,1,82
1039,1251,0,192
1051,1111,0,210
1076,1285,0,195
1097,1203,0,359
1105,1142,0,115
1124,1263,0,100
1176,1176,0,358
1208,1214,0,73
1227,1119,0,27
1243,1082,0,147
1252,1241,0,1
1272,1145,0,264
1310,1187,0,260
1320,1125,0,329
1347,1240,0,26
1388,1214,0,177
1403,1092,0,227
1411,1166,0,146
1430,1128,0,297
1444,1098,0,219
1481,1119,0,60
1494,1216,0,207
1496,1165,0,24
1550,1193,0,321
1549,1264,0,142
1591,1238,0,275
1619,1233,1,66
1630,1189,0,142
1637,1264,0,193
1649,1235,0,273
1656,1094,0,79
1672,1186,0,323
1672,1235,1,348
1690,1158,0,164
1728,1257,0,238
1789,1237,0,89
1803,1131,0,9
1837,1102,0,134
1843,1263,0,34
1878,1145,0,236
1895,1087,0,341
1894,1250,0,69
1910,1158,0,81
1941,1269,0,36
1938,1192,0,267
1954,1093,0,91
1982,1171,0,313
1994,1230,0,311
2005,1126,0,303
2026,1279,0,355
2056,1228,0,317
2055,1171,0,90
2102,1091,0,353
2107,1158,0,18
2124,1234,0,28
2129,1270,0,359
2155,1170,0,104
2184,1127,0,85
2188,1278,0,78
2199,1204,0,261
2206,1083,0,359
2230,1169,0,101
2260,1168,0,108
2263,1121,0,124
2266,1235,0,177
2297,1153,0,58
2319,1193,0,152
2328,1088,0,1
2368,1163,0,326
2384,1283,0,317
2430,1263,0,102
