66,1951,0,33
128,1904,0,338
178,2046,0,273
230,2033,0,209
241,1955,0,215
283,2009,0,280
310,1961,1,47
329,1906,0,288
335,2064,1,64
374,1968,0,199
386,2062,0,52
385,1944,1,352
388,2005,1,302
415,2081,0,17
437,2012,1,18
444,1984,0,194
456,1942,0,23
463,2051,1,39
463,2082,1,35
491,1950,1,347
499,2017,0,124
549,2099,0,7
545,1920,1,72
555,1982,0,297
564,1908,0,30
591,2102,1,38
592,1979,1,357
595,1922,1,65
592,1949,1,315
643,1995,0,46
685,2008,0,45
699,1982,1,301
700,2013,1,323
730,2062,0,344
786,1960,0,287
807,1952,1,280
830,1996,1,7
856,1938,0,0
888,1991,0,54
936,1909,1,15
970,1904,0,122
982,2030,0,249
1017,1953,1,42
1046,1929,0,288
1306,1909,0,335
1611,2044,0,94
79,2206,0,36
82,2141,0,133
159,2208,0,319
233,2184,0,214
345,2170,0,164
542,2175,0,347
544,2131,0,165
729,2122,0,244
785,2145,0,132
778,2176,1,68
196,2369,0,122
2415,2482,0,183
132,209,0,276
347,247,0,146
735,255,1,78
892,237,0,358
2517,216,0,263
157,451,0,342
203,397,0,251
229,379,0,273
282,363,0,121
297,409,0,17
313,347,0,104
341,435,0,206
341,278,0,304
383,376,0,23
397,440,0,40
436,343,0,284
474,383,1,6
493,331,0,351
527,383,1,36
537,303,0,302
548,420,0,351
604,379,0,132
648,319,0,348
655,421,0,237
661,358,0,187
720,282,0,57
756,349,0,352
750,455,0,308
760,285,0,86
768,412,0,287
804,292,0,83
807,407,0,280
816,461,1,19
853,306,0,53
897,263,1,280
944,407,0,340
1248,459,0,4
1631,447,0,338
104,494,0,175
107,536,1,24
154,667,0,75
222,597,0,169
238,542,0,312
249,521,0,323
270,625,0,51
318,480,0,49
316,567,1,327
318,627,0,253
344,524,0,8
342,492,1,60
343,553,1,45
342,582,1,339
367,633,0,355
368,480,0,293
381,583,0,18
394,491,1,293
419,553,0,308
443,640,0,303
474,473,0,244
484,608,0,81
497,524,0,341
523,611,0,250
553,463,1,25
559,624,0,61
579,658,1,4
598,464,0,261
631,629,1,271
657,644,1,40
658,552,1,351
658,523,1,45
685,506,1,300
705,462,0,286
716,647,0,338
746,504,0,206
763,582,0,64
763,522,1,43
784,660,0,212
792,477,1,23
815,555,1,306
830,614,0,0
828,488,0,35
844,510,1,34
861,563,0,319
873,463,1,281
900,540,0,289
934,497,0,78
955,511,1,80
973,556,1,320
999,528,0,262
1001,572,1,11
1027,617,1,77
1050,663,1,290
1069,474,0,67
1094,518,0,44
1106,571,1,334
1107,631,1,11
1143,590,0,236
1168,658,0,344
1168,488,0,16
1196,604,0,250
1219,550,0,0
1212,638,1,48
1235,613,0,39
1236,512,0,214
1274,625,0,23
1288,545,0,324
1312,493,0,27
1307,463,0,89
1375,626,0,328
1484,662,0,324
1495,642,1,303
1545,644,1,345
1573,599,1,71
1585,662,0,57
1600,565,0,340
1623,534,0,18
1626,630,1,26
1677,611,0,204
1685,484,0,258
1706,585,1,292
1719,536,0,23
1731,633,1,13
1767,631,0,134
1801,564,0,161
1823,521,0,1
1847,585,0,158
1875,604,0,322
1924,544,0,350
1918,624,0,84
1952,641,0,75
1966,520,0,348
1958,613,1,48
1983,600,0,290
104,1425,0,354
107,1473,0,207
162,1302,0,100
167,1410,0,178
187,1455,0,19
192,1366,0,214
208,1312,0,270
231,1403,1,44
270,1348,0,213
270,1386,0,220
276,1292,0,232
297,1414,0,338
310,1476,0,354
320,1306,0,219
328,1382,0,331
333,1337,0,187
340,1443,0,358
391,1405,1,63
390,1435,1,327
408,1370,0,324
443,1373,1,301
469,1451,1,14
482,1392,0,91
503,1309,0,221
521,1329,1,285
532,1441,0,136
548,1317,1,271
558,1408,0,352
562,1368,0,164
576,1323,0,235
604,1315,0,311
640,1353,0,235
657,1483,0,54
655,1398,0,216
677,1438,0,159
681,1358,0,276
694,1307,0,334
724,1399,0,234
746,1466,0,86
767,1340,0,291
776,1416,0,137
783,1455,1,324
810,1288,1,317
876,1345,0,6
886,1425,1,358
905,1402,0,151
912,1471,1,0
914,1319,1,337
946,1447,0,353
1007,1338,0,129
1058,1440,0,344
1055,1307,0,276
1087,1402,0,3
1097,1486,1,352
1113,1366,0,8
1162,1442,0,303
1201,1429,0,329
1210,1363,0,344
1294,1422,0,274
1309,1391,0,340
1311,1484,0,83
1335,1325,0,139
1346,1442,0,316
1354,1414,1,272
1359,1370,0,1
1380,1419,0,200
1409,1484,0,11
1411,1395,0,180
1425,1310,0,326
1436,1441,0,347
1447,1365,0,345
1495,1313,0,68
1584,1462,1,335
1593,1441,0,338
1629,1369,0,250
1652,1477,0,218
1653,1306,0,224
1687,1420,0,147
1691,1349,0,117
1738,1372,0,118
1763,1302,0,65
1785,1376,0,128
1797,1468,0,202
1809,1357,0,142
1814,1418,0,220
1816,1324,0,132
1829,1292,0,156
1845,1430,0,251
1848,1323,1,285
1872,1444,0,253
1891,1318,0,290
1917,1384,0,273
1937,1445,0,286
1961,1314,0,248
1975,1410,0,241
2009,1486,0,329
2010,1292,0,230
2012,1365,0,107
2024,1442,0,271
2058,1315,0,8
2092,1441,0,317
2101,1405,0,349
2113,1371,0,304
2119,1311,0,302
2132,1446,0,232
2154,1361,0,67
2166,1460,0,1
2183,1315,0,354
2191,1417,0,30
2225,1367,0,339
2231,1465,0,24
2275,1302,0,156
2284,1352,0,305
2336,1350,0,332
2358,1321,0,351
2394,1468,0,174
2446,1405,0,5
2456,1370,0,190
100,1541,0,255
179,1668,0,125
179,1544,0,93
179,1606,0,266
198,1506,0,325
213,1660,0,338
233,1493,1,270
232,1553,1,292
234,1583,1,289
267,1529,0,29
288,1554,0,203
287,1644,1,30
297,1581,0,209
316,1628,0,322
308,1508,0,152
319,1682,0,336
337,1592,0,189
370,1632,0,343
365,1517,0,263
371,1604,0,332
380,1570,0,345
390,1677,0,329
391,1524,1,292
421,1553,0,332
438,1663,1,280
453,1606,0,339
454,1518,0,10
450,1492,0,357
460,1665,0,176
459,1537,0,333
515,1580,0,40
516,1642,0,197
533,1493,0,347
545,1528,1,333
566,1667,0,71
584,1611,0,352
597,1498,1,318
598,1655,0,313
596,1590,1,334
610,1544,0,218
650,1649,0,204
653,1609,0,341
648,1681,1,12
666,1532,0,225
687,1683,0,291
705,1550,0,216
704,1590,1,61
725,1576,1,356
734,1656,0,44
743,1513,0,338
753,1600,0,178
749,1685,1,77
772,1560,0,12
773,1667,0,180
811,1601,0,16
859,1620,1,68
869,1516,0,73
888,1574,0,229
901,1674,0,5
909,1639,0,202
916,1603,0,36
935,1548,1,334
950,1567,0,37
971,1611,0,82
1002,1678,0,319
1011,1592,1,0
1014,1503,1,24
1025,1614,0,357
1035,1504,0,69
1042,1579,0,140
1074,1509,0,229
1092,1608,1,318
1093,1550,1,339
1094,1669,1,329
1115,1526,0,49
1154,1655,0,319
1197,1589,0,330
1213,1637,0,26
1284,1623,0,261
1326,1609,0,82
1340,1658,0,26
1352,1623,1,286
1354,1503,1,313
1353,1682,1,354
1375,1530,0,205
1377,1583,0,334
1398,1629,0,149
1446,1573,0,318
1453,1503,0,236
1455,1687,0,208
1491,1502,0,307
1497,1585,0,280
1551,1512,0,181
1608,1685,0,331
1623,1537,0,226
1689,1507,0,99
1691,1684,0,310
1703,1649,0,325
1715,1508,0,225
1731,1551,0,261
1748,1685,0,41
1754,1547,0,269
1762,1604,0,226
1798,1536,0,17
1795,1562,1,43
1802,1640,0,49
1814,1691,0,307
1826,1498,0,208
1846,1584,0,199
1855,1630,0,216
1864,1507,0,208
1884,1535,0,221
1885,1693,0,310
1916,1577,0,56
1945,1505,0,248
1955,1590,0,225
1979,1538,0,20
2002,1691,0,359
2012,1655,0,350
2054,1534,0,335
2067,1612,0,11
2094,1493,0,200
2151,1502,0,11
2164,1551,0,197
2211,1584,0,330
2238,1554,0,299
2249,1508,0,346
2280,1546,0,344
2332,1546,0,295
2368,1514,0,122
76,1811,0,359
81,1887,0,272
88,1734,0,229
119,1849,0,120
123,1779,0,76
128,1822,1,331
163,1699,0,325
164,1740,0,133
178,1846,0,186
181,1793,0,17
223,1707,0,31
235,1894,0,132
233,1766,1,25
242,1729,0,29
231,1854,1,45
262,1813,0,284
272,1874,0,309
284,1766,1,78
288,1827,1,44
325,1731,0,359
336,1829,1,359
345,1804,0,184
335,1858,1,31
354,1771,0,352
364,1870,0,355
405,1902,0,38
410,1731,0,326
438,1845,0,146
453,1792,0,176
452,1901,0,233
482,1729,0,72
493,1896,0,260
507,1820,0,19
528,1783,0,18
537,1750,0,181
543,1709,1,308
556,1861,0,22
562,1720,0,336
615,1727,0,353
622,1813,0,320
633,1890,0,101
699,1801,1,32
699,1892,1,34
725,1700,1,73
739,1733,0,0
751,1708,1,52
778,1846,1,346
779,1817,1,353
803,1708,0,260
807,1773,1,320
835,1817,0,170
834,1878,0,189
831,1790,0,179
839,1741,0,84
859,1770,1,315
867,1711,0,120
870,1860,0,326
874,1900,0,343
898,1798,0,334
923,1769,0,111
956,1754,0,101
963,1804,1,285
995,1843,0,126
1056,1879,0,12
1083,1735,0,116
1087,1807,0,27
1112,1846,0,22
1124,1777,1,43
1172,1717,1,41
1209,1797,0,195
1221,1746,0,176
1243,1847,0,352
1308,1738,0,228
1311,1830,0,335
1317,1794,0,150
1318,1868,0,345
1348,1712,1,336
1359,1757,0,215
1378,1836,0,9
1374,1788,1,308
1381,1712,0,357
1395,1862,1,12
1396,1804,1,298
1418,1733,0,41
1435,1767,0,236
1465,1793,0,317
1472,1862,0,7
1488,1740,0,136
1528,1762,0,314
1542,1699,0,119
1561,1877,0,16
1564,1760,0,8
1638,1764,0,7
1675,1716,0,126
1763,1775,0,347
1786,1730,0,125
1841,1741,0,23
1929,1820,0,342
2007,1753,0,358
2038,1723,0,356
2092,1820,0,346
2134,1739,0,349
80,800,0,1
85,671,0,145
137,752,0,110
147,833,0,99
153,668,0,74
177,793,1,351
184,823,0,7
185,693,0,208
203,749,1,25
207,776,0,1
209,872,1,315
222,721,0,16
221,827,0,90
243,718,0,112
260,754,0,194
261,683,0,12
260,853,0,240
262,720,1,83
281,797,0,191
330,730,0,245
347,829,0,20
364,774,0,47
367,870,1,357
383,672,0,219
390,833,0,266
424,846,0,113
450,765,0,17
473,805,0,343
482,850,0,353
499,736,1,315
553,770,0,22
567,842,0,331
573,809,0,337
602,796,1,341
633,684,0,142
654,771,0,331
665,832,0,70
686,728,0,160
735,788,0,16
762,707,1,291
814,861,1,63
840,690,1,57
869,704,0,37
866,861,1,336
899,745,0,44
919,825,0,348
922,675,1,85
945,723,1,64
961,710,0,35
973,741,1,304
987,835,0,56
1026,711,1,57
1039,872,0,174
1050,755,1,344
1072,796,0,24
1074,676,0,258
1105,816,1,57
1114,856,0,227
1130,724,0,48
1159,756,1,18
1216,701,0,4
1232,731,0,350
1232,765,0,5
1288,671,0,5
1302,767,0,350
1299,739,1,11
1310,716,0,356
1329,824,0,130
1356,755,0,97
1377,856,0,96
1382,705,1,84
1405,670,0,1
1411,764,0,305
1424,713,0,132
1457,840,0,147
1463,799,0,277
1485,745,0,81
1510,778,0,253
1541,848,0,13
1544,705,1,3
1598,704,1,358
1618,872,1,338
1618,842,1,275
1642,720,0,126
1653,675,1,29
1650,740,1,90
1676,752,1,290
1691,682,0,114
1719,792,0,294
1743,714,0,273
1782,702,0,120
1824,688,0,303
1829,758,1,15
1843,843,0,137
1883,723,0,7
1880,788,1,72
1907,832,0,7
1908,684,1,58
1928,745,0,0
1992,783,0,5
2033,720,0,347
2040,806,0,34
2042,752,0,359
2076,822,0,239
2097,872,0,286
2127,851,0,332
2138,807,0,341
2277,842,0,349
100,997,0,239
147,1069,0,104
170,903,0,27
175,1010,0,339
172,1068,1,70
179,960,0,187
200,921,0,134
212,1039,0,23
234,1006,0,353
232,1065,1,84
245,938,0,206
246,905,0,347
275,977,0,266
288,1038,1,24
300,882,0,261
307,937,0,63
313,1021,1,348
338,919,1,87
359,1016,0,22
359,1078,0,110
373,909,0,133
389,954,0,354
395,987,0,168
394,1039,1,311
428,1072,0,183
446,981,0,268
461,898,0,133
471,1055,1,64
491,919,0,192
492,986,0,226
495,1053,0,95
517,875,0,4
524,995,1,57
547,1072,0,17
551,954,0,62
558,1023,0,59
579,920,0,316
572,970,0,10
600,1072,1,81
613,969,0,212
636,1023,0,307
640,991,0,31
710,1043,1,49
726,1020,0,347
743,992,0,328
776,949,0,115
814,921,1,68
821,1060,0,193
814,891,1,87
814,982,1,335
835,964,0,320
841,906,1,56
888,892,0,22
890,1029,1,321
910,927,0,249
916,992,0,41
938,908,0,325
944,939,1,338
986,908,0,338
990,997,0,205
1022,1062,0,350
1086,1060,0,326
1101,940,1,306
1101,970,1,46
1131,1019,0,329
1155,998,1,58
1167,896,0,335
1182,925,1,42
1205,997,1,14
1206,1033,1,273
1208,938,1,294
1232,1009,0,102
1245,943,0,167
1254,1043,0,176
1278,896,0,155
1318,953,0,40
1334,1031,0,121
1379,1009,0,334
1381,948,0,29
1380,1038,1,327
1381,1067,1,302
1396,984,0,341
1431,913,1,57
1438,874,0,328
1452,1002,0,149
1460,960,0,24
1480,1064,0,140
1483,977,1,66
1485,915,1,86
1501,927,0,317
1508,993,1,52
1512,1042,0,91
1517,909,0,308
1537,947,1,289
1562,993,0,26
1634,963,0,145
1672,889,0,348
1673,1012,0,46
1707,1007,1,39
1732,924,0,280
1764,1026,0,319
1771,876,0,26
1784,989,0,151
1786,935,0,356
1803,893,1,331
1806,1037,0,92
1841,885,0,340
1827,951,0,277
1842,921,0,153
1838,1044,0,268
1848,989,0,178
1853,955,1,273
1861,1037,1,290
1876,1077,0,91
1901,1034,0,336
1899,892,0,96
1927,934,0,194
1942,879,0,303
1947,1017,0,154
1956,958,1,347
1977,988,0,11
2013,933,0,94
2024,1030,0,22
2047,1069,0,328
2100,959,1,315
2133,967,0,170
2165,999,0,352
2183,1064,0,71
2201,895,0,352
2194,1001,1,320
2228,949,0,358
2253,991,0,12
2263,1068,0,151
2287,910,0,335
2298,1028,0,104
2349,965,0,5
2370,990,0,3
2453,1012,0,32
2471,879,0,355
88,1107,0,260
123,1160,1,44
148,1117,0,310
148,1150,1,354
191,1230,0,331
182,1097,0,353
186,1162,0,348
180,1251,1,282
220,1212,0,138
230,1283,0,211
238,1106,0,4
235,1251,1,307
234,1189,1,305
259,1174,1,86
259,1080,1,324
293,1177,0,303
317,1084,0,84
335,1180,0,92
359,1080,0,114
363,1232,0,348
372,1275,0,334
371,1175,0,287
420,1143,0,27
419,1213,0,82
434,1112,0,346
453,1218,0,27
464,1152,0,16
474,1086,0,332
473,1240,1,6
498,1272,0,174
497,1130,1,332
503,1180,0,169
499,1241,0,341
523,1216,0,169
554,1159,0,105
558,1284,0,20
562,1096,0,210
575,1209,1,30
574,1118,1,15
603,1141,0,326
613,1102,0,179
618,1273,0,114
643,1088,0,33
642,1242,0,296
647,1197,0,144
680,1248,0,101
704,1122,0,29
701,1202,0,278
705,1256,1,305
730,1242,0,93
734,1149,1,6
731,1273,1,83
757,1225,1,314
776,1247,0,255
802,1151,0,72
812,1196,1,35
862,1258,1,11
890,1090,1,71
894,1157,0,74
919,1200,0,202
915,1230,1,36
934,1248,0,47
942,1122,1,33
973,1105,0,337
999,1263,0,127
1016,1230,1,37
1070,1225,0,328
1085,1172,0,355
1136,1098,0,6
1151,1274,1,47
1199,1142,0,14
1289,1082,0,60
1291,1163,0,202
1288,1224,0,254
1299,1101,0,346
1307,1128,0,194
1346,1273,0,118
1361,1116,0,77
1369,1161,0,59
1381,1226,0,339
1404,1284,0,96
1407,1177,0,73
1433,1193,0,337
1470,1282,0,214
1473,1199,0,99
1476,1128,0,42
1536,1094,0,264
1554,1215,0,290
1604,1217,0,54
1612,1157,0,151
1618,1236,1,52
1630,1086,0,255
1654,1197,0,236
1666,1264,0,350
1668,1126,0,28
1672,1235,1,347
1731,1272,0,62
1762,1185,0,107
1804,1128,0,22
1825,1211,0,357
1832,1259,0,345
1832,1143,0,218
1859,1184,0,334
1907,1237,0,221
1911,1172,0,151
1944,1141,0,174
1948,1270,0,210
1976,1095,0,152
1999,1205,0,172
1999,1145,0,77
2033,1165,0,278
2063,1152,0,94
2069,1244,0,316
2101,1219,0,316
2108,1154,0,324
2114,1109,0,128
2148,1235,0,60
2180,1123,0,357
2216,1242,0,122
2251,1143,0,279
2262,1221,0,99
2289,1116,0,165
2293,1176,0,107
2301,1263,0,22
2330,1096,0,354
2340,1224,0,24
2346,1285,0,224
2352,1155,0,311
2398,1227,0,273
2406,1163,0,349
2413,1203,0,9
2441,1231,0,9
