146,215,0,344
347,247,0,141
845,255,0,117
894,237,0,357
2517,216,0,265
156,451,0,341
204,391,0,252
228,383,0,260
259,349,1,50
276,364,0,213
292,396,0,33
314,439,0,205
313,347,0,104
341,280,0,292
375,379,0,21
383,433,0,127
437,368,0,251
474,383,1,0
493,330,0,351
527,385,1,18
533,349,0,243
588,368,0,135
589,423,0,335
649,319,0,171
659,358,0,186
664,415,0,224
687,445,1,280
712,453,0,271
721,283,0,52
756,349,0,353
760,288,0,74
766,416,0,290
791,327,1,289
806,408,0,298
808,302,0,65
846,256,0,119
847,450,0,59
897,264,1,308
927,430,0,337
976,433,1,348
1001,415,0,41
1069,459,0,153
1268,422,0,261
1633,448,0,334
106,494,0,172
126,546,1,320
171,632,0,70
225,597,0,175
236,545,0,340
246,520,0,341
276,620,0,47
316,481,0,49
317,568,1,323
321,624,0,213
342,492,1,52
342,581,1,357
341,555,1,1
353,535,0,341
360,643,0,3
368,479,1,294
390,574,0,28
394,491,1,307
395,549,1,312
412,621,0,270
448,583,1,45
460,649,0,289
469,476,0,220
478,570,0,152
475,534,1,353
524,541,0,352
529,627,0,247
554,462,1,281
579,602,0,84
579,658,1,82
611,483,0,295
631,629,1,85
659,644,0,187
658,552,1,341
685,506,1,9
723,648,0,347
728,523,0,250
738,476,1,285
761,520,1,78
780,544,0,78
791,477,1,295
817,554,1,288
831,614,0,0
815,462,1,83
835,510,0,342
844,570,1,23
853,482,0,322
874,462,1,77
886,586,0,351
906,539,0,256
925,464,1,286
950,510,1,293
974,557,1,358
994,518,0,247
1001,572,1,325
1004,479,1,82
1027,617,1,85
1103,520,0,74
1110,606,0,194
1106,571,1,87
1168,488,0,18
1189,606,0,279
1219,515,0,181
1221,545,0,356
1251,471,0,353
1274,634,0,16
1267,590,0,87
1299,503,0,20
1305,597,0,27
1390,613,0,18
1397,651,0,21
1463,657,0,290
1493,644,1,318
1545,644,1,36
1573,600,1,282
1586,666,0,61
1623,541,0,9
1625,630,1,24
1673,608,0,335
1686,502,0,291
1704,588,1,308
1739,560,0,2
1732,634,1,353
1757,600,0,357
1765,637,0,145
1802,563,0,154
1845,584,0,143
1852,506,0,356
1875,604,0,323
1880,563,0,138
1928,539,0,357
1934,596,0,28
1955,617,0,5
2007,563,0,304
69,1956,0,7
232,2033,0,217
244,1947,0,251
283,2008,0,290
309,1927,0,328
310,1961,1,39
336,1915,1,326
333,2064,1,276
355,1998,0,192
357,2051,0,272
388,1918,0,282
389,2008,1,315
401,2045,0,58
408,1973,0,345
418,2081,0,21
436,2008,1,27
439,1917,1,62
462,1955,0,319
463,2082,1,25
463,2051,1,83
492,1947,1,289
544,2099,0,1
570,2017,0,321
591,2102,0,181
592,1979,1,320
594,1921,1,50
697,2012,0,340
699,1963,0,359
699,1984,1,1
735,2054,0,354
784,1957,0,298
806,1950,1,299
829,1996,1,5
849,1933,0,121
879,1907,0,337
889,1989,0,51
883,1963,1,355
936,1908,1,33
973,2036,0,293
1038,1930,0,199
1307,1905,0,328
1405,1916,0,114
81,2140,0,112
103,2224,0,296
102,2169,1,16
158,2206,0,314
183,2112,0,272
233,2186,0,211
344,2172,0,173
516,2186,0,171
546,2130,0,174
720,2138,0,261
786,2177,0,224
160,2355,0,243
2397,2493,0,180
2411,2475,0,112
84,672,0,146
92,789,0,313
132,753,0,108
139,828,0,55
177,793,1,299
185,822,0,9
184,690,0,196
205,774,0,358
204,748,1,29
207,869,0,333
221,823,0,67
244,721,0,346
250,761,0,239
280,759,0,211
289,711,0,321
289,841,0,299
308,793,0,16
335,679,0,182
335,873,0,81
337,714,0,262
342,766,1,68
360,802,0,38
366,871,1,345
371,691,1,56
396,725,0,333
390,827,1,281
401,854,0,348
411,803,0,42
451,823,0,16
473,784,0,9
486,842,0,14
499,736,1,305
543,740,0,332
599,822,0,146
602,867,0,5
605,736,0,121
643,676,0,186
666,801,0,38
668,800,0,33
689,725,0,339
733,684,0,194
762,706,1,338
762,859,1,27
813,672,0,30
814,861,1,90
840,690,1,18
869,702,0,36
866,861,1,342
908,744,0,113
913,810,0,147
922,676,1,79
919,860,1,43
961,712,0,36
971,863,1,74
974,742,1,310
988,827,0,58
1026,711,1,64
1034,859,0,217
1059,728,0,230
1078,670,0,10
1080,670,0,188
1106,816,1,78
1131,690,0,177
1126,761,0,270
1159,755,1,50
1213,765,0,346
1216,700,0,357
1231,733,0,342
1239,872,0,122
1280,671,0,1
1299,769,0,355
1307,725,0,354
1310,819,0,193
1374,841,0,98
1380,721,0,178
1383,700,1,359
1402,776,0,331
1433,754,0,344
1436,869,0,350
1439,712,0,164
1457,840,0,149
1483,790,0,257
1489,735,1,315
1487,854,1,58
1534,683,0,26
1541,848,0,7
1544,706,1,63
1597,705,1,17
1618,872,1,352
1618,842,1,59
1654,675,1,26
1653,737,1,353
1676,752,1,43
1683,691,0,78
1731,718,0,233
1738,836,0,297
1779,689,0,141
1817,823,0,125
1826,690,0,306
1829,758,1,21
1876,721,0,32
1880,787,1,80
1899,812,0,16
1908,834,0,5
1909,683,1,73
1936,758,0,17
1980,781,0,3
2034,719,0,348
2041,755,0,358
2068,814,0,350
2067,868,0,295
2135,811,0,348
2276,841,0,344
2333,862,0,80
105,998,0,224
151,1069,0,97
170,893,0,17
173,962,0,199
180,1007,0,205
172,1070,1,62
191,918,0,358
207,1044,0,58
232,1067,1,70
235,1005,1,1
245,945,0,189
264,910,0,341
260,991,1,315
262,874,0,357
285,886,0,148
288,1026,0,285
314,955,0,83
313,1020,1,284
336,918,1,14
357,1013,0,35
365,1049,0,34
378,968,0,131
414,922,0,173
419,1072,0,3
424,989,0,208
439,1035,0,339
460,897,0,139
477,964,0,95
505,1033,0,131
516,875,0,8
525,994,1,71
540,951,0,19
550,920,1,15
565,1038,0,31
581,984,0,242
591,911,0,330
644,1049,0,264
681,966,1,66
680,936,1,322
714,1073,0,345
723,1037,0,332
733,1001,0,317
764,934,0,342
814,921,1,59
814,891,1,79
839,937,1,342
856,976,0,325
890,938,1,296
891,1029,1,346
890,908,1,70
916,1013,1,278
929,895,0,320
918,950,0,267
945,938,1,314
963,1043,0,244
977,964,0,0
1018,932,0,317
1023,1066,0,354
1061,917,0,147
1071,889,0,9
1090,1006,0,191
1089,1054,0,345
1102,941,1,347
1101,970,1,49
1155,999,1,59
1180,888,0,1
1207,1004,1,46
1207,970,1,308
1220,949,0,140
1225,996,0,21
1240,992,0,18
1257,1024,0,334
1263,942,0,128
1314,1018,0,78
1357,895,0,345
1353,1062,0,89
1362,965,0,338
1385,1010,0,353
1382,1066,1,317
1381,1037,1,297
1408,951,0,343
1428,1069,0,25
1421,981,0,339
1430,913,1,47
1440,1026,0,207
1460,960,0,12
1483,976,1,85
1485,916,1,77
1484,1009,0,100
1500,1044,0,318
1509,993,1,34
1532,907,0,234
1537,945,1,69
1547,1016,0,307
1572,982,0,285
1626,957,0,143
1672,889,0,345
1673,1011,0,46
1710,1003,1,57
1733,993,0,279
1750,929,0,196
1757,1033,0,261
1789,885,0,48
1795,988,0,109
1802,1036,0,63
1811,898,1,43
1825,940,0,82
1844,986,0,184
1852,1045,0,64
1855,952,1,276
1851,894,1,34
1878,908,0,333
1891,1036,0,104
1915,1014,0,288
1928,875,0,264
1934,937,0,214
1955,960,1,83
1961,1004,0,151
1974,1044,0,355
2009,924,0,131
2017,1016,0,99
2069,1027,0,253
2078,964,0,353
2107,1071,0,10
2119,937,0,123
2127,886,0,354
2141,924,0,356
2156,1008,0,5
2190,1000,0,18
2203,900,0,354
2233,945,0,353
2249,989,0,4
2258,1070,0,177
2289,905,0,335
2299,1020,0,108
2347,963,0,9
2382,989,0,8
2451,1013,0,16
2471,879,0,358
91,1111,0,263
123,1160,1,65
148,1118,0,317
160,1199,0,115
178,1096,0,3
180,1251,1,84
207,1238,1,330
220,1166,0,356
221,1211,0,135
228,1283,0,212
240,1105,0,7
236,1252,1,287
235,1189,1,337
259,1176,1,77
307,1157,0,254
313,1082,0,112
353,1144,0,305
357,1204,0,135
374,1272,0,331
398,1122,0,68
415,1236,0,284
422,1184,0,337
423,1146,0,358
456,1217,0,204
466,1116,0,13
473,1156,0,13
474,1086,1,335
473,1240,1,18
513,1182,0,31
527,1219,0,220
530,1115,0,255
552,1131,1,54
562,1285,0,18
574,1177,1,295
586,1123,0,111
591,1216,0,93
627,1170,0,62
642,1231,0,235
657,1198,0,288
667,1146,0,345
680,1269,0,286
695,1120,0,118
698,1175,0,288
724,1236,0,213
735,1149,1,9
746,1118,0,8
758,1256,1,38
761,1226,1,48
771,1085,0,298
790,1147,0,38
812,1195,1,0
862,1258,1,21
890,1091,1,43
895,1205,0,188
892,1121,1,59
904,1167,0,6
915,1228,1,40
942,1122,1,25
960,1222,0,85
997,1149,0,348
996,1120,1,5
1000,1262,0,103
1018,1231,1,28
1038,1226,0,44
1078,1253,0,318
1099,1175,0,273
1141,1090,0,10
1180,1137,1,66
1216,1143,0,352
1287,1284,0,140
1303,1084,0,342
1301,1172,0,203
1300,1266,1,288
1316,1142,0,196
1323,1242,0,152
1351,1125,1,341
1373,1156,0,36
1371,1239,0,116
1401,1116,0,356
1408,1218,0,293
1414,1170,0,180
1436,1193,0,339
1474,1278,0,201
1488,1172,0,349
1484,1132,1,0
1494,1111,0,6
1546,1206,0,311
1603,1181,0,295
1617,1255,0,191
1616,1232,1,30
1628,1085,0,251
1671,1119,0,31
1671,1235,1,347
1684,1184,0,344
1696,1269,0,352
1716,1131,0,60
1805,1274,0,139
1807,1129,0,1
1812,1154,0,183
1812,1093,0,132
1846,1185,0,192
1853,1226,0,49
1876,1083,0,325
1881,1127,0,135
1916,1180,0,228
1922,1241,1,43
1938,1103,0,100
1949,1250,0,348
1976,1203,0,328
1978,1128,0,78
2011,1176,0,155
2024,1266,0,317
2034,1115,0,63
2057,1156,0,92
2075,1253,0,159
2084,1224,0,321
2119,1174,0,53
2143,1271,0,338
2183,1127,0,19
2187,1085,0,36
2222,1243,0,158
2244,1157,0,207
2262,1111,0,182
2272,1221,0,127
2301,1172,0,119
2298,1261,1,90
2315,1269,0,331
2330,1101,0,0
2348,1163,0,274
2367,1228,0,35
2370,1199,0,49
2377,1211,0,209
2387,1273,0,284
104,1426,0,356
134,1286,0,162
169,1411,0,177
184,1457,0,11
194,1365,0,212
206,1307,0,251
231,1404,1,5
247,1451,0,260
262,1373,0,247
276,1292,0,238
284,1464,1,58
298,1414,0,329
316,1346,0,213
326,1302,0,217
329,1456,0,326
351,1384,0,296
391,1406,1,290
390,1435,1,331
397,1472,0,348
414,1369,0,335
451,1491,0,213
458,1327,0,101
469,1451,1,278
468,1391,1,13
485,1295,0,120
514,1360,0,192
520,1330,1,280
531,1481,0,345
534,1397,0,181
538,1445,0,145
566,1421,0,353
585,1328,0,342
595,1365,0,11
607,1411,0,221
602,1288,1,55
650,1472,0,12
675,1356,0,215
702,1403,0,212
710,1308,0,215
725,1455,1,53
736,1313,0,329
745,1466,0,88
758,1379,1,338
780,1421,0,138
782,1455,1,313
787,1385,0,162
786,1332,0,272
810,1288,1,309
822,1407,0,317
854,1366,0,66
869,1478,0,86
881,1398,0,34
906,1413,0,202
912,1472,1,359
914,1319,1,37
919,1350,0,40
947,1447,0,357
962,1289,0,142
1038,1342,0,335
1067,1422,0,20
1067,1466,0,48
1116,1369,0,25
1124,1432,0,73
1171,1461,0,317
1207,1428,0,326
1247,1405,0,336
1295,1422,0,263
1313,1383,0,352
1307,1477,0,89
1323,1334,0,292
1354,1413,1,87
1371,1474,0,216
1383,1309,0,144
1397,1420,0,124
1425,1306,0,305
1457,1479,0,349
1469,1320,0,10
1474,1348,0,9
1519,1436,0,46
1586,1489,0,298
1623,1448,0,223
1626,1405,0,207
1632,1480,0,237
1642,1370,1,314
1643,1309,0,95
1695,1428,0,241
1699,1351,0,93
1736,1340,0,76
1747,1393,0,61
1752,1480,0,234
1774,1341,0,104
1780,1434,0,153
1788,1398,0,261
1800,1318,0,111
1810,1487,0,249
1832,1389,0,230
1837,1335,0,146
1828,1454,0,129
1872,1479,0,337
1878,1448,0,331
1883,1412,0,355
1887,1290,0,75
1901,1377,0,21
1945,1321,0,120
1951,1399,0,286
1980,1417,0,47
1980,1308,0,129
1994,1446,0,251
2027,1464,0,259
2039,1353,0,241
2055,1483,0,240
2060,1417,0,297
2079,1378,0,205
2105,1399,0,35
2105,1296,0,314
2119,1437,0,235
2139,1346,0,328
2152,1466,0,318
2178,1321,0,9
2181,1418,0,19
2212,1442,0,56
2243,1380,0,319
2281,1345,0,308
2329,1300,0,3
2389,1461,0,186
2428,1302,0,42
2446,1406,0,349
2455,1375,0,186
100,1541,0,257
126,1520,1,347
177,1606,0,270
180,1538,0,79
191,1682,0,136
212,1660,0,340
208,1601,1,45
220,1547,0,303
233,1493,1,66
244,1625,0,193
236,1583,1,90
261,1680,0,2
271,1529,0,356
274,1577,0,236
288,1643,1,28
313,1508,0,113
312,1690,1,345
333,1662,0,290
335,1584,0,266
363,1524,0,274
366,1604,0,342
362,1658,1,357
385,1577,0,170
390,1524,1,279
420,1550,0,333
437,1684,0,349
452,1632,0,166
449,1492,0,207
456,1518,0,15
459,1600,0,332
499,1585,0,344
492,1556,1,302
527,1635,0,70
546,1528,1,348
590,1603,0,250
596,1498,1,313
600,1657,0,319
636,1552,0,251
652,1649,0,202
651,1619,0,14
639,1596,0,72
648,1681,1,13
687,1576,0,127
691,1492,0,195
687,1683,0,295
704,1543,0,282
703,1651,1,45
705,1520,0,233
725,1576,1,294
738,1535,0,96
749,1594,0,31
752,1634,0,0
752,1687,1,20
759,1663,0,179
752,1562,1,64
805,1659,0,73
806,1621,1,332
835,1577,0,24
845,1695,0,107
859,1621,1,3
891,1652,0,187
884,1696,1,302
888,1584,0,252
924,1600,0,74
936,1548,1,323
952,1509,0,337
961,1643,0,51
967,1584,0,59
995,1675,0,327
1012,1512,0,343
1033,1618,0,314
1079,1505,0,230
1092,1609,1,316
1094,1550,1,8
1094,1669,1,348
1106,1678,0,317
1115,1525,0,49
1123,1646,0,85
1158,1678,0,248
1172,1613,0,39
1213,1628,0,45
1224,1685,0,321
1284,1551,0,209
1286,1550,0,209
1289,1683,0,80
1327,1587,0,104
1352,1624,1,294
1352,1683,1,287
1388,1573,0,42
1399,1612,0,30
1427,1519,0,207
1446,1625,0,208
1453,1656,0,186
1463,1695,0,160
1483,1555,0,1
1488,1501,0,311
1520,1669,0,119
1539,1512,0,145
1622,1688,0,321
1652,1661,0,127
1677,1501,0,134
1702,1649,0,326
1702,1525,0,242
1714,1569,0,272
1746,1616,0,233
1746,1555,0,265
1761,1651,0,56
1779,1513,0,274
1796,1557,1,62
1802,1642,0,47
1802,1685,0,295
1833,1516,0,217
1839,1565,0,241
1860,1630,0,265
1901,1561,0,29
1921,1514,0,340
1927,1613,0,295
2004,1689,0,358
2020,1656,0,346
2031,1608,0,225
2067,1554,0,221
2089,1493,0,230
2113,1574,0,43
2188,1512,0,325
2209,1543,0,341
2218,1583,0,336
2255,1497,0,343
2278,1544,0,359
2332,1503,0,336
75,1809,0,1
86,1742,0,131
82,1886,0,276
118,1845,0,295
121,1901,0,333
145,1769,0,7
159,1818,0,54
161,1699,0,323
175,1733,0,359
206,1862,0,106
217,1778,0,40
233,1856,1,319
250,1720,0,24
280,1875,0,356
282,1827,1,26
286,1767,1,30
293,1739,0,200
335,1802,0,190
335,1829,1,359
353,1770,0,352
355,1867,0,347
350,1743,0,331
365,1699,0,66
396,1826,0,58
395,1741,0,96
437,1793,0,164
440,1729,0,342
442,1846,0,19
456,1887,0,116
468,1759,0,355
487,1711,0,6
494,1894,0,264
516,1811,0,9
544,1754,0,43
544,1708,1,4
553,1846,0,325
567,1896,0,3
590,1803,1,25
606,1837,0,153
624,1798,0,314
657,1747,0,332
674,1885,0,298
699,1734,0,151
700,1801,1,0
701,1890,1,284
727,1698,1,6
772,1723,0,354
778,1846,1,337
779,1817,1,330
807,1774,1,325
811,1886,0,57
831,1728,1,338
869,1826,0,308
892,1747,0,38
910,1811,0,294
952,1719,0,109
962,1805,1,300
973,1895,0,110
996,1792,0,133
1016,1805,1,293
1056,1879,0,9
1067,1731,0,190
1099,1821,1,280
1111,1845,0,24
1139,1701,0,21
1158,1769,0,233
1173,1717,1,31
1178,1786,1,66
1205,1788,0,269
1244,1849,0,337
1305,1806,0,147
1305,1855,0,324
1308,1737,0,225
1348,1715,1,326
1353,1742,1,82
1373,1761,0,223
1379,1716,0,354
1376,1791,1,44
1384,1835,0,23
1395,1804,1,332
1395,1862,1,281
1427,1712,0,79
1434,1766,0,226
1467,1790,0,326
1472,1855,0,4
1534,1762,1,340
1561,1877,0,17
1561,1743,0,43
1638,1763,0,8
1707,1705,0,291
1757,1773,0,243
1784,1725,0,128
1830,1745,0,25
1876,1716,0,292
1929,1820,0,342
2007,1752,0,357
2048,1725,0,356
2091,1820,0,345
2135,1739,0,345
1491,1737,0,113
