68,1953,0,49
143,1905,0,356
175,2037,1,75
231,2035,0,217
238,1961,0,209
259,1910,0,145
283,2009,1,277
310,1961,1,58
335,1916,1,322
335,2064,1,74
366,1969,0,251
382,1912,0,27
388,2005,1,302
389,2088,0,108
384,1944,1,90
419,2081,0,30
437,1952,0,27
438,2008,0,203
450,1905,0,226
463,2082,1,44
463,2051,1,277
491,1947,1,356
504,1982,0,144
526,2032,0,337
549,2099,0,5
564,1905,0,38
563,1980,0,288
591,2102,1,39
592,1979,1,307
595,1921,1,72
592,1950,1,45
643,2014,0,84
672,1963,1,65
678,1910,1,349
697,2011,0,342
699,1982,1,311
726,2064,0,12
783,1961,0,294
805,1952,1,274
830,1996,1,3
863,1934,0,336
889,1990,0,53
936,1909,1,359
968,1908,0,123
996,2021,0,222
1017,1953,1,36
1017,1983,1,44
1040,1932,0,297
1307,1910,0,339
1728,2082,0,144
78,2142,0,115
90,2224,0,60
104,2169,1,45
158,2207,0,315
233,2182,0,127
347,2170,0,168
544,2131,0,164
561,2169,0,184
735,2121,0,214
797,2147,0,153
202,2385,0,23
2421,2484,0,194
122,199,0,300
347,246,0,147
892,237,0,357
2517,217,0,264
157,451,0,343
202,403,1,272
223,368,0,273
285,367,0,146
298,409,0,19
313,345,0,112
343,280,0,301
377,373,0,25
383,412,0,206
392,456,0,352
427,315,0,280
474,383,1,14
493,330,0,354
515,283,0,320
527,382,1,42
541,412,0,351
604,383,0,137
605,453,0,256
647,318,0,169
648,425,0,234
658,356,0,183
720,283,0,51
736,446,0,307
756,349,0,354
760,285,0,73
774,421,0,291
799,290,0,52
812,407,0,287
816,460,1,8
846,305,0,49
894,402,0,346
897,263,1,278
1248,458,0,3
1631,447,0,339
104,494,0,174
126,545,1,325
221,595,0,153
243,543,0,318
266,627,0,37
317,482,0,60
316,568,1,316
316,623,0,269
342,492,1,70
342,554,1,26
341,581,1,11
353,530,0,351
349,650,0,54
368,481,0,298
374,585,0,43
395,489,1,37
405,521,0,325
435,639,0,39
473,520,0,344
476,468,0,237
496,645,0,113
527,613,0,258
553,648,0,74
554,463,1,84
580,657,1,61
631,630,1,81
657,644,1,40
659,552,1,351
658,523,1,65
685,506,1,291
700,469,0,298
711,646,0,330
750,503,0,219
764,581,0,64
765,523,1,68
797,656,0,7
791,477,1,10
795,575,0,2
815,555,1,301
830,614,0,1
823,490,0,37
818,523,0,206
845,511,1,48
854,559,0,311
873,463,1,71
895,541,0,285
942,543,0,68
973,556,1,323
998,527,0,261
1002,573,1,17
1027,617,1,75
1053,664,1,328
1068,485,0,35
1081,654,0,284
1094,518,0,44
1105,572,1,271
1131,563,0,275
1168,489,0,15
1193,656,0,341
1204,595,0,226
1215,549,0,345
1239,613,0,41
1259,540,0,319
1275,630,0,23
1272,491,0,211
1320,502,0,21
1372,627,0,343
1488,662,0,337
1495,641,1,299
1536,579,0,41
1545,644,1,289
1572,600,1,288
1581,664,0,58
1623,534,0,11
1625,630,1,54
1690,489,0,257
1709,631,0,149
1706,587,1,90
1718,541,0,40
1768,629,0,134
1800,564,0,163
1800,518,0,2
1876,603,0,326
1890,665,0,63
1925,541,0,1
1955,507,0,354
1968,658,0,140
1980,580,0,270
99,1422,0,10
120,1460,0,222
151,1341,0,71
167,1410,0,182
195,1365,0,217
199,1453,0,14
208,1310,0,272
207,1416,1,81
208,1338,0,85
231,1403,1,30
264,1393,0,241
275,1294,0,232
277,1345,0,207
283,1471,0,339
296,1411,0,349
305,1440,0,359
320,1299,0,206
332,1332,0,172
327,1382,0,301
391,1405,1,76
390,1435,1,333
392,1287,1,25
405,1371,0,323
443,1373,1,300
469,1451,1,36
491,1290,0,88
493,1406,0,117
521,1329,1,69
536,1487,0,344
534,1380,0,312
548,1317,1,41
582,1435,0,125
607,1409,0,123
614,1312,0,321
633,1361,0,196
652,1484,0,106
683,1366,0,254
690,1302,0,328
691,1452,0,118
726,1389,0,264
746,1468,0,84
759,1303,0,314
758,1379,1,294
776,1420,0,140
782,1455,1,326
810,1288,1,290
870,1349,0,26
886,1425,1,24
906,1402,0,147
912,1471,1,354
914,1319,1,305
946,1447,0,356
1006,1407,0,333
1013,1359,0,100
1086,1397,0,343
1083,1425,0,340
1103,1367,0,339
1098,1337,1,63
1162,1441,0,338
1197,1427,0,326
1204,1365,0,322
1238,1410,0,168
1293,1414,0,283
1294,1440,0,83
1302,1484,0,67
1307,1394,0,351
1329,1349,0,209
1336,1440,0,288
1355,1414,1,87
1370,1369,0,182
1392,1439,0,352
1397,1478,0,10
1402,1391,0,228
1427,1307,0,286
1455,1368,0,144
1469,1449,0,246
1498,1315,0,82
1580,1452,0,20
1632,1379,0,284
1656,1460,0,199
1651,1299,0,210
1686,1425,0,342
1687,1302,0,39
1692,1373,0,332
1727,1325,0,235
1750,1412,0,113
1764,1358,0,107
1778,1487,0,353
1797,1301,0,346
1799,1340,0,142
1805,1430,0,183
1838,1334,0,139
1839,1402,0,132
1865,1290,0,338
1886,1381,0,65
1899,1442,0,280
1927,1421,0,294
1952,1318,0,207
1963,1436,0,282
1978,1412,0,61
1999,1346,0,13
1996,1465,0,299
2029,1433,0,281
2049,1349,0,290
2092,1402,0,346
2090,1439,0,326
2103,1324,0,358
2111,1369,0,320
2145,1439,0,275
2176,1463,0,3
2179,1316,0,6
2177,1412,0,91
2200,1418,0,28
2225,1368,0,347
2236,1458,0,45
2280,1349,0,305
2329,1352,0,335
2372,1337,0,339
2391,1468,0,180
2453,1408,0,11
2456,1371,0,189
100,1541,0,252
127,1519,1,5
163,1697,0,325
181,1669,0,132
180,1609,0,74
182,1499,0,324
179,1544,0,93
212,1659,0,336
233,1493,1,278
235,1583,1,80
258,1535,0,38
257,1509,1,34
278,1609,0,333
283,1554,0,221
285,1644,1,72
308,1510,0,148
313,1686,0,294
333,1560,0,224
356,1591,0,180
357,1638,0,6
369,1520,0,296
368,1611,0,190
379,1673,0,343
374,1611,0,337
395,1567,0,352
421,1539,0,329
449,1607,0,337
456,1666,0,176
456,1517,0,4
500,1582,0,5
531,1679,0,29
543,1637,0,180
545,1528,1,322
586,1605,0,334
596,1654,0,311
597,1498,1,307
595,1559,1,46
639,1589,0,326
648,1650,0,205
644,1547,0,139
648,1682,0,17
687,1683,0,290
690,1524,0,270
721,1528,0,256
730,1661,0,36
727,1574,1,342
744,1623,0,3
770,1669,0,214
772,1529,0,305
797,1513,0,135
824,1598,0,32
845,1652,0,227
844,1551,0,173
858,1619,1,4
865,1531,0,74
882,1677,0,5
889,1573,0,214
914,1607,0,44
926,1632,0,225
936,1548,1,324
935,1668,1,359
966,1638,0,66
1011,1687,0,315
1015,1503,1,65
1027,1624,0,8
1044,1506,0,53
1056,1582,0,172
1069,1526,0,252
1093,1608,1,324
1094,1669,1,322
1094,1550,1,333
1115,1526,0,50
1132,1659,0,320
1174,1597,1,315
1198,1587,0,325
1211,1639,0,20
1298,1566,0,305
1336,1661,0,35
1353,1623,1,296
1353,1683,1,309
1354,1501,1,6
1360,1581,0,304
1375,1521,0,197
1434,1628,0,119
1435,1538,0,238
1459,1685,0,218
1485,1566,0,304
1488,1499,0,312
1540,1695,0,114
1556,1512,0,190
1644,1513,0,210
1645,1647,0,322
1691,1510,0,92
1703,1649,0,323
1716,1509,0,218
1731,1556,0,253
1761,1580,0,42
1766,1608,0,232
1765,1537,0,247
1799,1674,0,9
1797,1553,1,276
1803,1637,0,48
1854,1501,0,235
1857,1628,0,206
1862,1577,0,187
1884,1534,0,206
1885,1689,0,319
1902,1492,0,229
1919,1621,0,89
1948,1517,0,207
1954,1550,0,22
1982,1571,0,224
2002,1691,0,0
2011,1657,0,348
2025,1514,0,336
2061,1621,0,12
2093,1493,0,199
2143,1514,0,12
2199,1509,0,264
2213,1585,0,334
2234,1560,0,331
2256,1514,0,346
2282,1543,0,359
2302,1584,0,4
2330,1527,0,285
73,1815,0,1
86,1734,0,223
82,1886,0,272
113,1766,0,86
122,1845,0,283
144,1742,0,93
165,1802,0,33
182,1842,0,250
197,1725,0,25
231,1857,1,331
242,1737,0,19
259,1791,0,295
263,1867,0,310
284,1766,1,298
284,1828,1,45
314,1884,0,258
336,1830,1,359
353,1772,0,350
350,1740,0,338
353,1806,0,178
370,1859,0,1
399,1723,0,301
438,1845,0,153
442,1800,0,192
466,1876,1,328
488,1736,0,77
497,1899,0,253
513,1822,0,34
539,1780,0,3
544,1707,1,322
553,1749,0,156
560,1862,0,18
564,1719,0,342
591,1802,1,53
609,1707,0,328
625,1810,0,303
647,1896,0,146
699,1801,1,37
699,1892,1,79
730,1758,0,6
778,1846,1,347
779,1817,1,335
807,1773,1,303
824,1877,0,260
832,1727,1,323
837,1791,0,71
869,1713,0,156
864,1747,0,161
868,1868,0,281
889,1698,1,337
896,1764,0,81
908,1840,0,109
941,1782,0,69
964,1803,1,51
972,1738,0,109
997,1807,0,355
989,1786,0,53
998,1857,0,113
1056,1879,0,14
1087,1738,0,105
1113,1845,0,21
1200,1731,1,32
1215,1845,1,348
1226,1783,0,224
1232,1847,0,346
1245,1847,1,272
1266,1708,0,220
1291,1717,1,46
1291,1822,0,111
1308,1876,0,342
1307,1738,0,229
1319,1792,0,139
1358,1756,0,243
1374,1833,0,13
1372,1881,0,146
1374,1789,1,283
1382,1704,0,4
1396,1804,1,285
1396,1861,1,330
1397,1745,0,79
1436,1761,0,244
1471,1864,0,11
1469,1793,0,318
1490,1738,0,134
1531,1762,1,63
1561,1877,0,17
1564,1756,0,8
1607,1698,0,329
1638,1763,0,8
1705,1738,0,149
1734,1704,0,43
1777,1768,0,126
1782,1727,0,131
1843,1741,0,28
1929,1820,0,342
2007,1753,0,357
2042,1723,0,0
2091,1819,0,346
2134,1739,0,347
78,795,0,58
84,673,0,133
137,751,0,111
147,832,0,94
149,673,0,77
177,793,1,335
184,823,0,6
183,696,0,214
212,776,0,177
204,749,1,5
209,871,1,329
215,719,0,9
223,829,0,98
255,754,0,147
258,678,0,24
261,721,1,71
269,860,0,230
275,709,0,29
286,800,0,225
287,736,1,29
318,735,0,51
340,765,1,271
346,830,0,318
349,708,0,297
365,775,0,72
365,872,1,348
405,811,0,275
422,861,0,13
421,688,0,148
440,754,0,346
472,806,0,335
484,846,0,14
499,736,1,318
547,772,0,19
546,828,0,324
586,801,0,193
623,708,0,95
629,844,1,59
662,864,0,65
671,774,0,185
688,726,0,153
681,812,1,270
725,801,0,30
763,706,1,85
814,861,1,37
840,690,1,52
869,706,0,35
866,861,1,331
899,745,0,45
922,675,1,49
944,812,0,205
962,711,0,33
966,847,0,43
974,741,1,314
1026,711,1,59
1035,798,0,348
1051,755,1,338
1055,869,0,216
1106,816,1,70
1122,770,0,79
1135,845,0,191
1159,755,1,25
1217,698,0,1
1231,732,0,350
1232,759,0,342
1269,758,1,319
1291,671,0,2
1304,766,0,350
1313,721,0,6
1326,855,0,153
1349,791,0,63
1383,705,1,75
1393,854,0,136
1399,669,0,352
1410,763,0,306
1430,722,0,107
1458,839,0,142
1461,795,0,292
1467,809,0,183
1481,747,0,80
1518,773,0,277
1541,848,0,10
1544,705,1,20
1597,705,1,3
1617,872,1,337
1618,842,1,275
1648,717,0,94
1653,675,0,19
1649,738,1,98
1671,782,1,327
1676,752,1,69
1678,693,1,298
1701,791,0,333
1742,726,0,286
1775,873,0,30
1799,708,0,105
1824,689,0,312
1830,758,1,32
1858,842,0,169
1884,713,0,14
1880,788,1,63
1906,833,0,9
1909,685,1,49
1925,745,0,344
1994,777,0,12
2033,719,0,349
2030,811,0,49
2042,751,0,358
2086,767,0,258
2087,842,0,271
2112,841,1,306
2137,808,0,347
2140,847,0,343
2277,842,0,349
101,990,0,210
148,1066,0,100
166,894,0,23
173,971,0,225
172,1070,1,61
192,921,0,171
187,1004,0,213
201,1041,0,356
232,1065,1,67
235,1006,1,18
245,936,0,208
249,904,0,348
258,993,1,305
276,954,0,251
288,1038,1,47
308,879,0,238
310,938,0,58
312,1021,1,279
340,919,1,88
351,1075,0,123
360,1015,0,20
367,971,0,19
384,926,0,125
393,1039,1,317
437,1070,0,202
437,933,0,305
439,1013,0,90
462,900,0,143
471,994,1,90
487,1042,0,103
494,923,0,196
501,979,0,264
517,875,0,6
527,996,1,64
534,1030,0,113
551,956,0,79
558,1034,0,60
581,917,0,342
590,1049,0,37
628,947,0,232
627,1019,0,301
724,1022,0,352
748,992,0,323
774,946,0,112
812,920,1,36
814,891,1,272
829,958,0,292
841,1058,0,6
839,1029,1,328
884,1001,0,28
887,894,0,34
891,1029,1,356
908,927,0,251
917,1015,1,44
939,907,0,318
944,939,1,2
962,1068,0,334
985,908,0,340
1000,979,0,229
1023,1062,0,350
1090,1062,0,329
1101,940,1,324
1101,970,1,49
1140,1043,0,124
1154,999,1,50
1165,896,0,336
1202,1049,0,69
1205,999,1,356
1243,944,0,169
1255,1038,0,195
1278,894,0,131
1289,1078,0,60
1298,993,0,268
1317,946,0,52
1344,1063,0,132
1371,981,0,38
1379,1011,0,13
1381,1038,1,321
1382,1066,1,299
1431,913,1,73
1430,1036,1,15
1458,883,0,316
1461,960,0,21
1463,1012,0,354
1483,977,1,72
1486,916,1,29
1500,1067,0,344
1501,926,0,324
1508,994,1,55
1515,906,0,311
1516,1041,0,82
1538,945,1,316
1562,1002,0,334
1635,963,0,149
1671,889,0,347
1673,1011,0,47
1715,1003,1,45
1729,892,0,281
1758,951,0,26
1765,1028,0,317
1780,989,0,336
1805,894,1,327
1804,1030,1,87
1838,979,0,230
1843,921,0,151
1847,884,0,344
1838,1047,0,272
1861,1040,1,271
1886,1022,0,326
1899,904,0,83
1903,988,0,313
1937,964,0,305
1944,919,0,138
1946,877,0,312
1954,1011,0,348
1963,958,1,302
2023,1009,0,78
2058,1062,0,358
2142,951,0,100
2169,1016,0,20
2180,1062,0,86
2203,896,0,5
2231,940,0,348
2253,990,0,7
2262,1072,0,127
2286,912,0,333
2297,1032,0,110
2348,962,0,13
2348,991,1,4
2372,988,0,10
2389,1072,0,76
2453,1009,0,31
2472,879,0,358
90,1098,0,267
123,1160,1,61
149,1114,0,326
167,1155,0,347
181,1095,0,359
177,1217,0,101
180,1251,1,86
207,1238,1,325
221,1211,0,134
227,1283,0,210
238,1106,0,5
235,1187,1,317
236,1252,1,283
259,1174,1,79
260,1080,1,299
293,1179,0,298
316,1095,0,73
336,1194,0,86
350,1268,0,316
365,1148,0,310
374,1246,0,134
392,1191,1,323
414,1216,0,80
419,1142,0,4
424,1107,0,9
455,1217,0,29
474,1155,0,337
473,1240,1,335
475,1087,1,302
499,1109,0,13
494,1136,1,84
498,1241,0,3
518,1215,0,349
548,1192,0,144
546,1128,1,5
556,1285,0,20
570,1162,0,130
583,1088,0,226
602,1146,0,325
618,1267,0,129
631,1227,0,308
636,1095,0,105
666,1269,0,29
683,1232,0,119
693,1117,0,48
698,1196,0,317
734,1148,1,7
735,1236,0,74
760,1133,1,61
774,1223,0,263
807,1142,0,70
812,1195,1,340
862,1258,1,354
890,1161,0,61
890,1090,1,315
916,1229,1,31
923,1259,0,50
926,1196,0,212
942,1122,1,22
996,1122,1,305
1000,1263,0,130
1016,1231,1,23
1063,1224,0,330
1066,1284,0,260
1084,1176,0,15
1133,1103,0,4
1151,1275,1,57
1192,1137,0,5
1284,1224,0,274
1293,1162,0,199
1310,1119,0,29
1334,1198,0,42
1361,1225,0,2
1356,1275,0,89
1366,1123,0,62
1393,1283,0,89
1401,1186,0,94
1434,1192,0,326
1471,1282,0,214
1468,1225,0,66
1475,1132,0,58
1545,1204,0,288
1546,1087,0,251
1570,1250,0,59
1616,1233,1,2
1629,1263,0,346
1629,1086,0,252
1659,1165,0,171
1663,1119,0,21
1671,1236,1,350
1696,1191,0,197
1707,1254,0,170
1757,1183,0,89
1805,1127,0,19
1802,1254,0,120
1834,1146,0,201
1842,1239,0,346
1867,1088,0,53
1870,1188,0,139
1895,1239,0,141
1922,1116,0,254
1954,1189,0,341
1968,1253,0,212
1974,1081,0,63
1977,1142,0,126
2003,1104,0,222
2016,1270,0,212
2031,1207,0,189
2027,1151,0,272
2031,1180,0,147
2067,1162,0,139
2066,1117,0,328
2069,1265,0,283
2098,1216,0,329
2143,1249,0,69
2147,1177,0,105
2179,1115,0,336
2220,1272,0,88
2222,1094,0,295
2257,1219,0,100
2278,1115,0,195
2287,1162,0,104
2292,1272,0,336
2305,1211,0,358
2329,1094,0,352
2324,1146,0,299
2353,1149,0,294
2375,1246,0,267
2384,1189,0,132
2394,1135,0,324
2425,1201,0,270
2435,1243,0,25
