128,175,0,245
348,247,0,154
890,238,0,5
2517,217,0,265
157,451,0,344
207,397,0,240
224,355,0,253
258,353,1,76
294,412,0,7
295,369,0,144
312,344,0,112
345,445,0,8
349,284,0,318
361,340,0,37
367,379,0,16
421,284,0,34
437,355,0,259
474,383,1,357
493,331,0,353
527,383,1,65
563,410,0,348
621,417,0,88
657,357,0,190
660,315,0,359
679,412,0,212
687,444,1,282
709,371,1,90
719,279,0,79
753,352,0,351
762,283,0,76
769,419,0,310
796,400,0,318
807,285,0,75
817,461,1,20
855,302,0,51
897,263,1,57
928,440,0,344
1006,421,0,12
1118,453,0,257
1173,455,0,44
1218,457,1,26
1250,461,0,352
1632,447,0,340
107,495,0,171
125,545,1,311
218,643,0,193
218,603,0,149
242,523,0,338
266,568,0,69
285,665,0,301
290,486,0,55
316,568,1,307
323,599,0,13
333,653,0,330
339,489,1,270
342,555,1,17
356,533,0,353
361,506,0,349
364,632,0,330
368,477,0,324
403,560,0,15
413,597,0,14
422,657,1,275
437,517,0,143
475,536,1,4
489,467,0,304
538,491,0,84
579,609,0,135
579,657,1,34
636,592,0,4
630,629,1,283
648,485,0,231
659,643,0,211
658,552,1,64
684,529,0,329
686,505,1,324
721,662,0,355
764,522,1,304
765,583,1,25
765,555,1,285
792,478,1,14
798,568,0,326
818,552,1,332
832,614,0,3
844,508,1,79
846,570,1,329
867,583,0,352
872,462,1,65
899,656,0,122
903,570,0,43
946,505,1,71
963,517,0,212
975,556,1,295
993,651,0,121
1002,572,1,14
1004,480,1,35
1024,517,0,265
1027,616,1,325
1057,575,0,81
1107,572,1,335
1121,638,0,119
1163,542,0,28
1169,606,0,342
1163,511,1,19
1204,666,0,128
1217,569,0,331
1235,539,0,359
1272,625,0,343
1319,506,0,15
1365,620,0,20
1403,655,0,15
1493,644,1,42
1545,644,1,350
1573,599,1,282
1575,665,0,68
1625,543,0,21
1625,630,1,17
1661,492,0,25
1673,569,0,22
1704,653,0,199
1705,587,1,45
1750,504,0,18
1769,627,0,132
1799,565,0,164
1798,522,0,14
1800,462,0,333
1845,583,0,132
1876,604,0,327
1927,542,0,3
1932,585,0,14
1970,652,0,94
1997,606,0,327
58,1970,0,80
132,1928,0,268
185,1916,0,2
231,1946,0,7
232,2034,0,215
285,1987,0,146
281,2013,1,311
319,1943,0,8
308,1967,1,6
335,1916,1,357
334,2064,1,48
363,2050,1,77
372,2012,0,346
385,1946,1,303
399,1907,0,195
409,1931,1,25
417,2078,0,23
435,1943,0,250
442,2006,0,196
463,2051,1,286
463,2082,1,35
490,1909,0,300
489,1948,1,317
542,2101,0,356
583,2056,0,217
594,2100,0,202
591,1922,1,354
593,1979,1,343
592,1950,1,326
620,2001,0,30
671,1964,1,36
692,1929,0,164
698,2011,0,341
699,1982,1,312
723,2070,0,6
718,1989,0,144
724,1937,1,74
740,1975,0,72
768,2007,0,235
783,2088,0,213
795,1941,0,239
827,2023,0,143
833,1995,1,327
861,1932,0,346
888,1989,0,50
919,1936,0,275
952,2008,0,249
969,1906,0,157
995,1964,0,324
1043,1935,0,310
1069,1925,1,350
1308,1910,0,346
2120,1990,0,257
78,2140,0,106
125,2303,1,14
154,2204,0,316
233,2168,0,58
343,2168,0,163
455,2123,0,127
547,2133,0,166
674,2165,0,193
80,2329,0,19
135,2334,0,290
2392,2421,0,66
85,812,0,151
85,671,0,139
123,752,0,352
140,828,0,102
172,740,0,101
176,793,1,346
184,823,0,2
204,691,0,144
207,776,0,9
205,873,1,340
230,731,0,28
232,761,1,13
253,861,0,7
257,687,1,329
263,800,0,98
295,715,0,163
288,735,1,13
310,808,1,44
317,859,0,292
332,753,0,48
333,827,0,107
362,689,0,341
364,871,1,340
368,824,0,279
390,796,0,7
429,707,0,44
433,767,0,359
461,846,0,15
463,846,0,15
480,795,0,358
499,735,1,327
537,842,0,1
539,795,0,126
545,698,0,3
560,755,0,132
590,808,0,140
621,719,0,34
629,843,1,35
671,751,0,28
693,858,0,222
754,865,0,18
761,705,1,40
792,712,0,231
789,814,1,13
842,829,0,349
839,689,1,9
849,766,0,54
870,702,0,24
867,861,1,0
879,791,0,26
922,764,0,320
934,709,0,355
973,741,1,297
1026,711,1,57
1037,791,0,144
1051,755,1,339
1074,669,0,359
1140,846,0,179
1152,790,0,14
1158,756,1,39
1192,710,0,0
1212,816,1,83
1242,737,0,349
1243,841,0,187
1267,698,0,329
1290,671,0,351
1305,764,0,6
1328,822,0,11
1328,711,0,63
1383,705,1,65
1399,753,0,325
1419,839,0,182
1468,699,0,49
1468,776,0,81
1484,841,0,233
1490,735,1,299
1509,870,1,344
1526,687,0,56
1538,778,0,134
1542,868,0,359
1545,704,1,25
1566,741,0,339
1565,840,1,3
1598,705,1,344
1617,871,1,328
1618,842,1,276
1645,725,0,357
1653,675,1,23
1661,824,0,54
1676,752,1,65
1677,693,1,29
1758,748,0,146
1775,696,0,334
1777,846,1,64
1798,841,0,336
1813,761,0,112
1825,686,0,310
1843,827,0,334
1854,872,0,351
1857,727,0,346
1867,843,0,142
1875,799,0,133
1912,832,0,10
1908,684,1,87
1920,749,0,328
1938,807,0,309
1988,793,0,346
2011,848,0,341
2034,718,0,354
2039,754,0,0
2058,840,0,125
2130,856,0,354
2137,809,0,353
2278,843,0,348
100,985,0,199
104,1050,0,262
146,1071,0,104
155,926,0,83
157,1024,0,310
169,1066,1,274
195,918,0,174
190,1002,0,301
233,1068,1,84
242,906,0,334
243,936,0,220
236,1005,1,82
249,970,0,202
259,1028,0,347
261,992,1,20
308,901,0,345
324,1043,0,102
338,918,1,16
350,938,0,203
360,998,0,97
411,962,0,63
420,1046,0,297
456,1002,0,318
459,897,0,142
472,1052,0,337
502,991,0,146
515,878,0,357
518,941,0,341
536,1056,0,98
583,987,0,6
583,1058,0,72
619,904,0,326
619,1071,0,69
627,947,0,357
658,1073,0,57
699,895,0,39
709,1042,1,25
757,1008,0,344
753,907,0,245
773,1041,0,196
786,952,0,185
814,921,1,45
819,1054,0,52
813,891,1,63
839,937,1,345
893,883,0,51
891,1029,1,332
905,923,0,245
916,1015,1,296
918,1067,0,273
935,988,0,288
938,904,0,311
944,938,1,348
969,928,1,353
981,905,0,340
1021,1060,0,342
1022,956,0,210
1054,878,0,234
1082,1076,0,299
1101,940,1,319
1101,970,1,348
1154,998,1,57
1156,899,0,272
1182,989,0,169
1183,1050,1,15
1217,1005,0,156
1215,956,0,52
1231,1043,0,353
1257,983,0,59
1297,1014,0,56
1363,995,0,338
1380,1067,1,33
1405,1034,0,5
1411,966,0,121
1436,892,0,353
1430,916,1,341
1459,961,0,20
1483,977,1,72
1490,947,0,323
1492,876,0,195
1508,921,0,298
1508,995,1,58
1515,1053,0,332
1542,1010,0,77
1541,947,1,44
1562,925,0,347
1594,1031,0,181
1616,1000,0,187
1649,1038,1,324
1665,971,0,188
1672,881,0,343
1672,1014,0,46
1716,1004,1,346
1732,919,0,207
1732,982,0,321
1737,1078,0,61
1765,1036,0,306
1771,967,0,104
1794,919,0,115
1809,998,0,39
1809,892,1,316
1807,1033,0,66
1853,1042,1,62
1859,930,0,84
1894,946,0,308
1915,1054,0,196
1930,874,0,14
1933,907,0,357
1957,956,0,323
1993,927,0,294
2014,1044,0,182
2065,1024,0,82
2081,918,0,154
2115,1005,0,54
2124,1065,0,313
2130,926,0,52
2134,1047,1,342
2156,1032,0,35
2202,881,0,1
2213,923,0,350
2211,1060,0,87
2229,961,0,2
2245,1001,0,357
2284,915,0,337
2296,1032,0,72
2346,965,0,15
2365,1064,0,301
2383,1001,0,16
2453,1010,0,23
2472,879,0,357
123,1159,1,57
152,1143,1,356
152,1111,1,71
181,1252,0,331
182,1219,1,347
187,1095,0,254
207,1236,0,337
225,1284,0,215
234,1252,0,322
238,1111,0,9
233,1189,1,48
245,1212,0,20
259,1175,1,277
272,1280,0,209
293,1201,0,53
310,1146,0,6
348,1122,0,144
364,1252,0,268
377,1191,0,39
382,1083,0,249
422,1146,0,8
424,1248,0,234
424,1198,0,226
438,1109,0,13
464,1210,0,19
472,1280,0,348
474,1087,1,316
471,1239,1,73
483,1249,0,326
511,1120,0,106
522,1181,0,359
549,1131,1,7
558,1155,0,192
572,1208,1,353
574,1116,1,90
588,1183,0,285
600,1285,1,0
612,1133,0,344
642,1169,0,174
696,1165,0,21
705,1256,1,81
718,1206,0,331
734,1149,1,298
743,1092,0,177
759,1230,1,90
759,1256,1,65
767,1200,0,310
788,1121,0,33
786,1152,1,15
812,1196,1,61
848,1155,0,4
862,1258,1,3
865,1226,1,290
889,1090,1,17
892,1120,1,59
916,1230,1,41
922,1274,0,210
926,1195,0,211
942,1121,1,324
974,1211,0,58
995,1122,1,317
1027,1130,0,273
1038,1236,0,295
1062,1182,0,19
1102,1212,0,60
1100,1124,1,329
1166,1230,0,214
1186,1085,0,123
1211,1156,0,89
1272,1266,0,149
1301,1135,0,335
1294,1178,0,307
1322,1116,0,359
1326,1255,0,274
1346,1167,0,347
1354,1201,0,213
1354,1110,1,60
1368,1250,0,81
1403,1266,0,228
1404,1179,0,65
1435,1192,0,354
1453,1225,0,347
1483,1126,1,0
1492,1285,0,153
1532,1218,1,315
1564,1231,0,326
1594,1086,0,238
1616,1163,0,347
1616,1234,1,10
1632,1091,0,254
1650,1227,0,163
1659,1202,0,164
1672,1235,1,10
1707,1255,0,168
1716,1234,0,345
1739,1159,0,280
1762,1236,0,268
1791,1107,0,22
1798,1166,0,31
1799,1258,0,119
1805,1130,0,13
1881,1177,0,196
1887,1285,0,131
1891,1126,0,226
1912,1236,0,109
1927,1081,0,223
1936,1112,0,237
1954,1178,0,289
1979,1131,0,107
1994,1205,0,275
2030,1105,0,356
2042,1178,0,317
2043,1249,0,221
2045,1217,0,166
2063,1274,0,42
2080,1100,0,317
2086,1167,0,126
2117,1107,0,96
2158,1155,0,282
2179,1090,0,307
2228,1238,0,230
2262,1093,0,96
2267,1170,0,230
2289,1231,0,233
2309,1126,0,312
2326,1090,0,356
2337,1226,0,316
2348,1156,0,265
2441,1281,0,94
2457,1152,0,136
99,1423,0,10
153,1464,0,237
157,1386,0,121
164,1329,0,235
189,1364,0,194
207,1303,0,241
203,1320,1,329
213,1471,0,24
233,1345,0,350
233,1402,1,44
234,1434,1,56
283,1464,1,51
298,1412,0,343
298,1342,0,159
336,1484,0,150
334,1299,0,256
337,1393,0,263
350,1448,0,311
368,1352,0,280
391,1485,0,105
390,1404,1,340
395,1293,0,196
390,1435,1,318
411,1330,0,69
421,1405,0,277
442,1375,1,84
460,1333,0,223
464,1389,1,0
468,1452,1,300
494,1390,0,356
497,1427,0,199
521,1330,1,85
549,1286,0,13
548,1317,1,24
562,1362,0,195
607,1441,0,327
622,1325,0,297
642,1406,0,148
635,1428,0,352
660,1377,0,172
679,1331,0,81
682,1473,0,68
713,1470,0,316
722,1380,0,163
723,1304,0,77
730,1454,1,10
762,1480,0,39
768,1354,0,355
760,1380,1,320
797,1422,0,152
810,1288,1,276
825,1473,0,91
845,1336,0,324
846,1371,0,341
870,1413,0,333
906,1480,0,141
915,1375,0,34
914,1319,1,347
945,1450,0,0
957,1291,0,51
996,1402,0,4
998,1289,0,70
1032,1335,0,17
1081,1476,0,227
1089,1399,0,96
1186,1367,0,350
1196,1422,0,357
1216,1484,0,301
1243,1360,0,75
1295,1426,0,324
1305,1355,0,334
1316,1392,0,338
1343,1339,0,328
1354,1415,1,64
1357,1375,0,353
1378,1459,0,185
1390,1333,0,306
1427,1308,0,302
1447,1474,0,199
1496,1345,0,97
1536,1464,0,132
1560,1440,0,322
1581,1297,0,291
1623,1375,0,239
1632,1288,0,265
1648,1435,0,19
1645,1378,1,71
1673,1291,0,83
1684,1466,0,230
1691,1390,0,304
1706,1314,0,228
1729,1354,0,252
1749,1458,0,134
1758,1286,0,155
1790,1379,0,191
1790,1328,0,238
1813,1464,0,334
1829,1339,0,137
1869,1489,0,258
1879,1356,0,39
1882,1406,0,230
1893,1437,0,197
1908,1481,0,41
1950,1361,0,329
1977,1414,0,51
1989,1469,0,317
2006,1365,0,287
2020,1450,0,313
2037,1422,0,313
2053,1379,0,325
2055,1347,0,334
2072,1475,0,226
2083,1317,0,356
2091,1418,0,61
2116,1479,0,231
2125,1392,0,338
2134,1343,0,97
2144,1428,0,336
2176,1301,0,15
2187,1353,0,351
2190,1477,0,79
2207,1436,0,29
2230,1311,0,48
2240,1456,0,47
2239,1375,0,273
2268,1334,0,260
2319,1363,0,38
2335,1480,0,347
2355,1308,0,355
2373,1441,0,323
2382,1365,0,332
2442,1414,0,356
2440,1286,0,87
2449,1362,0,35
100,1540,0,259
101,1683,0,281
112,1634,0,314
176,1609,0,107
179,1538,0,84
212,1590,0,305
214,1661,0,351
230,1695,0,357
234,1494,1,334
242,1571,0,122
268,1507,0,262
287,1643,1,48
287,1614,1,272
294,1564,0,237
312,1691,1,16
319,1518,0,162
315,1572,1,43
326,1648,0,299
356,1568,0,236
370,1604,0,338
373,1642,0,327
389,1527,1,283
425,1610,0,71
427,1654,0,12
435,1495,0,338
457,1540,0,27
470,1693,0,126
473,1633,0,119
494,1569,0,4
501,1601,0,351
508,1649,0,257
518,1495,0,328
529,1691,0,353
546,1528,1,343
561,1662,0,122
587,1625,0,33
595,1652,0,307
595,1499,1,293
631,1500,0,132
649,1650,0,202
676,1605,1,323
687,1683,0,293
696,1519,0,238
715,1648,0,299
730,1607,0,331
733,1553,0,90
752,1680,1,23
780,1516,0,213
785,1657,0,44
838,1672,0,84
860,1576,0,147
859,1621,1,289
887,1509,0,312
891,1638,0,33
901,1682,0,352
914,1568,0,131
935,1548,1,349
945,1646,0,115
969,1695,0,228
975,1568,0,80
1010,1644,0,351
1014,1494,0,271
1009,1671,1,59
1026,1687,0,228
1032,1591,0,188
1075,1517,0,218
1092,1609,1,327
1095,1669,1,332
1094,1550,1,326
1116,1526,0,49
1109,1678,0,330
1149,1598,0,1
1190,1567,0,139
1217,1645,0,7
1232,1603,0,39
1259,1542,0,38
1317,1571,0,7
1352,1623,1,291
1352,1683,1,290
1354,1503,1,320
1391,1543,0,358
1395,1594,0,333
1465,1687,0,246
1490,1495,0,339
1499,1598,0,195
1546,1519,0,134
1577,1572,0,49
1610,1583,0,235
1699,1647,0,303
1709,1511,0,218
1739,1668,0,47
1738,1497,0,307
1770,1607,0,269
1782,1676,0,9
1796,1511,0,337
1801,1641,0,46
1801,1555,0,307
1826,1609,0,325
1836,1687,0,216
1849,1574,0,158
1842,1527,1,6
1873,1543,0,332
1905,1602,0,211
1921,1670,0,10
1936,1553,0,177
1935,1504,0,217
1979,1515,0,74
1982,1581,0,258
1988,1694,0,16
2017,1653,0,358
2019,1514,0,36
2062,1627,0,356
2061,1553,0,316
2183,1534,0,342
2206,1580,0,345
2243,1519,0,342
2277,1560,0,355
2305,1512,0,339
56,1820,0,14
75,1893,0,249
89,1847,0,75
109,1903,0,220
125,1858,0,43
127,1765,1,49
162,1699,0,319
172,1873,0,26
189,1745,0,50
227,1795,0,326
231,1766,1,349
251,1878,0,285
268,1733,0,43
278,1827,1,51
283,1768,1,345
297,1842,0,258
335,1828,1,51
337,1736,1,71
356,1762,0,4
353,1852,0,6
364,1794,0,202
363,1722,1,309
396,1712,0,11
403,1872,0,16
406,1816,0,217
423,1756,0,127
467,1873,0,115
483,1786,0,35
516,1875,1,87
546,1843,0,35
548,1770,0,114
546,1712,1,346
554,1902,0,54
590,1805,1,274
602,1779,0,323
612,1900,0,277
625,1836,0,338
638,1706,0,344
677,1778,0,350
699,1892,1,75
701,1803,1,24
778,1846,1,307
779,1817,1,333
807,1774,1,314
817,1848,0,46
832,1727,1,354
862,1746,0,80
875,1903,0,349
961,1801,1,12
969,1822,0,191
999,1874,0,280
1011,1747,0,104
1056,1883,0,11
1063,1854,0,6
1062,1817,0,179
1085,1740,0,112
1113,1845,0,23
1150,1880,1,15
1173,1710,0,19
1202,1848,1,303
1235,1724,0,353
1239,1861,0,344
1290,1806,0,16
1299,1840,0,17
1307,1737,0,228
1327,1872,0,10
1349,1713,1,301
1367,1832,0,19
1373,1744,0,170
1374,1788,1,305
1382,1709,0,6
1396,1804,1,289
1395,1862,1,356
1434,1761,0,256
1459,1849,0,22
1479,1794,0,286
1507,1750,0,109
1532,1706,0,150
1561,1876,0,16
1636,1715,0,328
1638,1763,0,6
1723,1773,0,330
1727,1812,0,342
1730,1709,0,208
1789,1721,0,316
1837,1742,0,18
1888,1720,0,233
1933,1824,0,351
2013,1757,0,4
2091,1819,0,345
2135,1740,0,346
1491,1182,0,29
