135,187,0,320
349,247,0,149
890,238,0,5
2517,217,0,266
157,451,0,344
207,398,0,243
224,355,0,255
259,352,1,64
295,410,0,6
294,368,0,135
312,343,0,109
353,447,0,28
349,283,0,324
366,334,0,34
365,374,0,26
421,283,0,34
438,349,0,260
474,383,1,359
493,330,0,355
528,383,1,86
527,441,0,79
602,400,0,323
616,373,0,136
647,317,0,162
657,361,0,343
676,426,0,204
688,447,1,44
710,371,1,90
719,285,0,56
754,351,0,353
760,285,0,76
769,419,0,303
790,325,1,69
801,404,0,313
804,295,0,62
817,461,1,27
822,342,1,310
848,315,0,48
898,263,1,277
999,451,0,208
1077,435,0,34
1174,454,0,46
1217,457,1,9
1251,460,0,358
1632,448,0,339
107,495,0,171
126,546,1,80
213,648,0,19
223,601,0,185
239,518,0,354
259,564,0,18
262,534,1,281
302,480,0,71
315,565,1,73
315,626,1,45
337,658,0,346
340,493,1,317
346,595,0,20
350,538,0,324
358,474,0,322
366,485,1,306
377,510,0,24
390,557,0,352
395,649,0,312
423,590,0,3
437,507,0,100
475,537,1,339
473,658,1,32
499,511,0,6
555,462,1,287
573,586,0,192
579,658,1,339
630,630,0,79
645,511,0,286
656,644,1,35
659,553,1,347
664,590,0,58
685,506,1,83
712,654,0,1
757,531,0,11
765,586,1,333
792,478,1,9
798,576,0,336
817,553,1,326
831,614,0,2
844,509,1,83
846,570,1,334
862,585,0,337
869,651,0,11
872,463,1,62
909,570,0,28
950,509,1,342
978,616,0,152
986,528,0,287
1001,572,1,24
1027,617,1,279
1029,551,0,285
1053,663,1,339
1059,505,0,103
1076,591,0,114
1105,645,0,4
1106,572,1,32
1107,509,0,282
1163,511,1,77
1188,594,0,343
1188,529,0,33
1202,663,0,143
1228,562,0,0
1227,654,0,69
1272,628,0,4
1275,592,0,3
1319,506,0,15
1352,634,0,6
1393,655,0,9
1493,644,1,57
1546,642,1,309
1573,600,1,281
1581,664,0,62
1623,546,0,22
1625,630,1,44
1656,496,0,19
1679,564,0,19
1702,654,0,194
1705,587,1,80
1732,632,1,331
1763,503,0,8
1770,627,0,134
1799,564,0,163
1831,518,0,20
1876,603,0,328
1906,507,0,9
1926,541,0,1
1929,584,0,6
1964,652,0,127
2029,652,0,333
61,1962,0,84
136,1965,0,300
163,1913,0,15
222,1931,0,2
231,2036,0,213
286,1985,0,135
281,2013,1,305
308,1967,1,0
320,1944,0,4
335,1916,1,12
334,2064,1,76
363,2018,0,353
383,1908,0,83
386,1948,1,299
390,2058,0,64
420,2078,0,31
430,1908,0,56
437,2008,1,51
463,2050,1,70
464,2082,1,26
489,1948,1,51
546,2101,0,357
556,1905,0,44
568,2057,0,218
579,1946,0,194
591,2102,1,46
592,1979,1,324
594,1920,1,287
593,2010,1,313
593,2040,1,341
611,1971,0,19
626,1998,0,22
619,1937,1,277
675,2048,0,190
681,1936,0,90
698,2012,0,341
700,1984,1,30
727,2071,0,6
739,1957,0,68
774,2102,0,218
787,1961,0,192
798,1992,0,31
832,1998,1,52
862,1933,0,352
862,2041,0,207
888,1989,0,56
932,1961,0,316
1009,1961,0,284
1039,1924,0,338
1309,1908,0,346
76,2314,0,84
78,2140,0,109
103,2169,1,36
157,2205,0,317
234,2166,0,62
341,2172,0,172
364,2172,1,289
435,2111,0,358
544,2131,0,173
646,2173,0,194
2069,2196,0,264
2070,2167,1,302
76,2316,0,86
132,2338,0,318
2403,2413,0,13
98,1424,0,11
128,1365,0,87
153,1462,0,302
180,1402,0,297
194,1357,0,184
207,1469,0,350
202,1309,0,253
233,1402,1,50
243,1341,0,304
270,1286,0,217
281,1319,0,202
284,1458,0,152
298,1413,0,330
323,1388,0,125
328,1297,0,251
342,1455,0,284
353,1323,0,227
386,1369,0,338
382,1490,0,97
390,1436,1,342
390,1405,1,53
409,1320,0,54
420,1481,0,283
430,1350,0,24
442,1432,0,128
442,1376,1,270
466,1325,0,322
470,1392,1,90
492,1359,0,184
501,1396,0,53
511,1450,0,358
521,1330,1,32
527,1490,0,326
550,1287,0,10
548,1317,1,36
582,1467,0,145
600,1287,1,69
607,1439,0,169
624,1332,0,341
633,1366,0,189
647,1466,0,315
663,1390,0,194
685,1332,0,95
717,1411,0,73
723,1307,0,80
730,1454,1,309
762,1481,0,35
759,1380,1,346
771,1355,0,359
792,1313,0,154
806,1420,0,198
810,1477,0,66
810,1287,1,317
850,1337,0,335
868,1436,0,140
870,1291,0,27
864,1464,0,194
913,1471,1,293
914,1319,1,317
919,1392,0,247
945,1449,0,3
989,1428,1,45
992,1336,1,90
1013,1480,0,92
1024,1335,0,4
1027,1415,0,350
1101,1376,0,51
1195,1430,0,342
1201,1383,0,355
1217,1481,0,272
1235,1328,0,47
1277,1478,0,264
1301,1349,0,197
1307,1393,0,345
1319,1420,0,1
1340,1472,0,21
1341,1311,0,339
1360,1383,0,315
1397,1345,0,282
1427,1309,0,299
1449,1472,0,225
1498,1416,0,119
1500,1343,0,99
1507,1446,1,340
1558,1311,0,147
1585,1461,1,281
1611,1418,0,219
1616,1490,0,49
1622,1361,0,196
1625,1301,0,328
1642,1378,1,52
1681,1482,0,351
1733,1473,0,319
1777,1439,0,28
1783,1356,0,183
1809,1385,0,190
1810,1471,0,351
1835,1339,0,150
1838,1420,0,234
1845,1299,0,129
1881,1429,0,270
1899,1368,0,201
1906,1474,0,257
1920,1418,0,299
1979,1417,0,38
1982,1360,0,315
1988,1458,0,331
1998,1314,0,79
2015,1404,0,274
2029,1451,0,321
2048,1340,0,4
2049,1387,0,320
2076,1450,0,338
2083,1374,0,352
2092,1431,0,355
2109,1473,0,209
2116,1331,0,33
2142,1383,0,5
2170,1468,0,43
2175,1341,0,356
2219,1292,0,78
2225,1421,0,7
2236,1370,0,289
2239,1456,0,45
2262,1330,0,279
2337,1477,0,352
2360,1312,0,338
2394,1457,0,269
2418,1364,0,338
2451,1426,0,355
2453,1326,0,150
100,1541,0,252
119,1679,0,22
127,1519,1,35
179,1539,0,84
179,1612,0,113
213,1661,0,345
216,1547,0,72
238,1621,0,344
233,1494,1,29
233,1582,1,57
268,1516,0,119
287,1642,1,68
287,1613,1,71
294,1567,0,221
317,1515,0,160
334,1614,0,281
344,1680,0,331
364,1602,0,336
365,1659,1,308
388,1528,1,18
419,1613,0,74
417,1536,0,198
444,1673,0,342
458,1632,0,189
453,1593,0,321
464,1536,0,25
503,1607,0,342
499,1658,0,257
517,1574,0,347
546,1528,1,354
561,1679,0,345
562,1619,0,50
595,1651,0,312
596,1500,1,343
626,1622,0,7
649,1651,0,194
648,1682,1,28
659,1565,0,245
687,1683,0,292
702,1640,0,329
724,1598,0,353
725,1565,0,121
753,1681,1,42
779,1516,1,10
785,1657,0,53
800,1562,0,145
829,1652,0,103
859,1621,1,89
866,1654,0,134
889,1551,0,142
895,1634,0,31
889,1696,1,93
898,1499,0,303
915,1670,0,3
915,1536,0,134
925,1591,0,184
934,1547,1,354
950,1509,0,27
974,1544,0,58
997,1598,0,200
1015,1642,0,26
1022,1690,0,232
1042,1546,0,191
1042,1518,1,64
1051,1575,0,32
1093,1609,1,329
1093,1551,1,316
1095,1669,1,48
1109,1680,0,316
1116,1526,0,50
1157,1680,0,8
1173,1605,0,28
1181,1556,0,6
1216,1644,0,5
1243,1581,0,4
1331,1574,0,346
1353,1623,1,292
1352,1683,1,289
1365,1534,0,121
1415,1601,0,340
1465,1687,0,238
1490,1495,0,333
1487,1597,0,113
1560,1515,0,152
1560,1615,0,267
1608,1648,0,260
1621,1573,0,277
1702,1650,0,317
1715,1510,0,217
1713,1571,0,281
1751,1563,0,315
1762,1650,0,7
1773,1605,0,286
1783,1688,0,236
1786,1521,0,208
1796,1556,1,70
1804,1638,0,53
1838,1688,0,2
1839,1625,0,281
1849,1577,0,169
1857,1522,0,262
1901,1609,0,183
1903,1559,0,321
1920,1660,0,357
1933,1533,0,353
1993,1687,0,2
1990,1585,0,239
2015,1645,0,349
2019,1530,0,8
2061,1574,0,321
2068,1625,0,353
2186,1532,0,341
2207,1580,0,350
2246,1519,0,342
2276,1561,0,353
2333,1526,0,359
51,1831,0,357
79,1886,0,263
96,1730,0,320
103,1825,0,62
122,1898,0,224
130,1857,0,30
128,1766,1,28
163,1700,0,320
175,1750,0,4
176,1862,0,32
227,1703,0,335
232,1794,0,335
233,1765,1,283
231,1855,1,38
243,1874,0,306
282,1720,0,60
283,1767,1,289
283,1829,1,14
293,1874,0,248
333,1806,0,196
335,1830,1,5
337,1737,1,65
353,1769,0,345
351,1850,0,12
386,1748,0,332
410,1839,0,134
417,1720,0,304
446,1768,0,221
469,1708,0,359
468,1872,1,316
482,1834,0,31
486,1780,0,31
490,1903,0,287
544,1852,0,12
544,1708,1,325
589,1805,1,351
597,1772,1,325
611,1794,0,301
635,1706,0,345
646,1855,0,42
700,1802,1,90
700,1892,1,292
715,1741,0,357
778,1846,1,339
779,1817,1,346
807,1773,1,322
832,1727,1,330
850,1814,0,352
868,1710,0,118
874,1852,0,29
915,1898,0,140
918,1835,0,94
938,1702,0,204
962,1804,1,306
966,1872,0,264
965,1835,1,350
1006,1770,0,134
1003,1828,0,87
1032,1865,0,54
1056,1876,0,42
1088,1741,0,109
1112,1845,0,23
1242,1845,0,351
1245,1731,0,335
1293,1806,0,83
1307,1737,0,229
1322,1869,0,4
1335,1817,0,55
1349,1712,1,305
1368,1833,0,23
1375,1742,0,344
1374,1788,1,293
1382,1709,0,5
1396,1804,1,278
1395,1862,1,327
1432,1751,0,252
1468,1857,0,13
1467,1792,0,320
1496,1744,0,123
1541,1714,0,136
1561,1876,0,16
1639,1764,0,6
1640,1707,0,307
1731,1703,0,46
1737,1782,0,346
1801,1738,0,221
1823,1798,0,14
1839,1742,0,21
1900,1781,0,238
1939,1826,0,350
2014,1757,0,3
2091,1819,0,345
2134,1740,0,340
71,815,0,139
85,672,0,138
120,750,0,80
136,830,0,70
157,736,0,96
156,839,1,14
182,824,0,8
176,793,1,76
194,688,0,207
203,748,1,3
201,775,1,85
227,843,0,106
240,720,0,315
244,765,0,199
258,794,0,190
261,680,0,55
285,834,0,7
298,761,0,109
303,700,0,24
341,766,1,359
354,736,0,349
355,832,0,245
367,872,1,5
407,818,0,261
431,762,0,329
448,704,0,43
466,842,0,21
482,803,0,355
483,759,0,133
498,856,1,20
500,736,1,281
552,822,0,330
557,765,0,55
578,706,0,77
585,796,0,184
629,713,0,83
629,844,1,90
670,753,0,59
762,707,1,348
762,859,1,79
792,752,0,216
811,858,0,331
814,831,1,352
839,689,1,49
842,724,1,324
852,822,0,350
872,747,0,16
867,861,1,71
874,747,0,16
922,676,1,28
929,792,0,328
973,710,0,20
974,742,1,336
1029,778,0,344
1027,711,1,66
1051,755,1,344
1106,817,1,73
1132,849,0,241
1159,755,1,22
1197,775,0,8
1203,704,0,358
1235,743,0,331
1245,871,0,194
1252,844,0,175
1278,711,0,354
1287,675,0,340
1307,762,0,8
1327,822,0,5
1380,866,0,198
1383,705,1,74
1400,755,0,327
1450,682,0,101
1459,857,0,170
1461,755,0,94
1513,672,0,43
1516,764,0,235
1541,849,0,17
1544,705,1,15
1579,758,0,311
1597,705,1,352
1617,871,1,344
1617,842,1,290
1645,731,0,62
1654,676,1,23
1666,810,0,65
1676,752,1,79
1679,692,1,72
1734,740,0,232
1765,681,0,113
1785,838,0,325
1802,748,0,127
1822,686,0,308
1845,802,0,233
1862,738,0,338
1876,842,0,108
1880,788,1,311
1908,684,1,88
1922,748,0,317
1936,810,0,287
1986,788,0,337
2028,834,0,10
2032,716,0,357
2039,754,0,2
2130,855,0,3
2138,810,0,349
2278,844,0,347
98,987,0,265
108,1054,0,252
145,1067,0,89
155,924,0,72
180,1024,0,312
198,914,0,172
192,954,0,235
204,874,1,58
231,1072,0,83
235,1005,1,0
238,1032,0,325
249,935,0,202
249,909,0,338
260,992,1,282
290,894,0,335
295,954,0,203
299,1000,0,38
314,1021,1,54
334,921,1,81
348,1027,0,60
354,903,0,314
349,951,0,305
363,972,0,143
381,1066,0,275
402,947,0,98
428,1040,0,310
449,999,0,312
461,899,0,140
469,935,0,153
484,995,0,102
516,879,0,3
529,1047,0,348
546,950,0,9
556,984,0,31
579,1031,0,107
612,969,0,299
640,930,0,290
674,888,0,140
681,966,0,237
690,1055,0,21
698,999,0,55
749,1057,0,206
761,1011,0,326
763,890,1,90
779,952,0,198
815,1052,0,59
814,921,1,60
814,891,1,296
840,936,1,0
888,881,0,50
891,1029,1,340
907,924,0,252
915,1013,1,300
936,1025,0,258
939,905,0,305
944,938,1,352
981,905,0,347
989,960,0,249
1019,1061,0,353
1053,888,0,264
1084,1066,0,305
1101,940,1,306
1101,970,1,13
1154,998,1,50
1157,896,0,275
1171,1071,0,158
1185,924,1,35
1207,1001,1,340
1217,924,0,267
1249,1054,0,352
1262,945,0,103
1287,1011,0,47
1322,1072,0,357
1323,907,0,157
1315,969,1,314
1357,973,0,45
1377,1004,0,37
1379,1067,1,39
1393,1025,0,18
1427,917,1,324
1442,901,0,323
1460,960,0,20
1483,978,1,29
1491,947,0,323
1500,910,0,312
1507,995,1,65
1517,1050,0,2
1535,967,0,356
1539,944,1,350
1586,933,0,312
1593,1005,0,344
1591,1048,0,207
1604,893,0,172
1648,1037,1,325
1664,966,0,207
1671,1014,0,46
1679,886,0,348
1708,1005,0,15
1757,944,0,355
1765,1030,0,321
1774,986,0,352
1788,900,0,138
1805,1032,1,80
1811,893,1,315
1827,974,0,336
1838,929,0,207
1853,893,1,25
1853,1041,1,46
1859,1069,0,198
1857,952,1,49
1900,951,0,336
1935,909,0,0
1958,956,0,318
1982,1034,0,206
2004,969,0,18
2005,902,0,127
2041,885,0,335
2059,1038,0,352
2057,968,0,85
2101,993,0,51
2113,924,0,348
2154,1027,0,40
2207,889,0,4
2232,943,0,341
2253,987,0,3
2284,914,0,334
2294,1032,0,84
2347,961,0,15
2345,1022,0,317
2400,993,0,35
2453,1010,0,27
2472,879,0,3
123,1160,1,57
152,1144,1,348
160,1098,0,267
181,1218,1,44
189,1093,0,6
199,1259,0,343
209,1235,0,337
224,1210,0,88
232,1282,0,215
236,1109,0,10
238,1251,0,311
259,1175,1,90
292,1202,0,42
311,1133,0,286
360,1262,0,298
365,1124,0,146
392,1191,1,298
413,1101,0,75
415,1251,0,67
422,1145,0,12
424,1199,0,41
455,1218,0,18
459,1123,0,303
474,1087,1,312
473,1241,1,2
488,1273,0,357
514,1111,0,107
534,1181,0,351
550,1131,1,33
575,1208,1,51
599,1244,0,289
637,1149,0,173
628,1179,0,190
686,1177,0,182
688,1237,0,104
693,1151,0,182
721,1111,0,223
728,1193,0,288
734,1147,1,349
760,1227,1,299
759,1256,1,44
760,1131,1,59
769,1183,0,292
781,1101,0,306
796,1154,0,307
809,1250,0,340
813,1198,1,43
862,1259,1,7
870,1149,0,27
890,1090,1,350
901,1174,0,237
916,1230,1,30
928,1197,0,216
942,1122,1,326
988,1172,0,343
996,1277,0,89
995,1122,1,284
1017,1230,1,73
1029,1138,0,267
1043,1230,0,180
1053,1259,0,261
1081,1150,0,47
1101,1221,0,335
1149,1152,1,304
1175,1203,0,333
1180,1146,0,15
1258,1240,0,148
1297,1170,0,302
1307,1125,0,143
1311,1100,0,151
1334,1255,0,127
1362,1197,0,216
1402,1275,0,187
1405,1199,0,98
1436,1191,0,345
1455,1230,0,21
1448,1252,0,321
1469,1281,0,212
1485,1174,0,154
1483,1126,1,59
1535,1218,1,344
1551,1195,0,119
1589,1109,0,263
1600,1251,0,5
1603,1185,0,328
1632,1091,0,257
1657,1222,0,78
1677,1236,1,288
1696,1265,0,5
1699,1264,0,182
1728,1155,0,273
1764,1242,0,275
1771,1091,0,337
1801,1188,0,352
1805,1130,0,10
1842,1156,0,199
1852,1240,0,20
1867,1102,0,2
1874,1209,1,74
1899,1189,0,138
1931,1145,0,358
1960,1173,0,186
1971,1205,0,23
1978,1249,0,144
1982,1106,0,221
1986,1171,1,313
2005,1154,0,316
2018,1218,0,17
2024,1088,0,109
2040,1275,0,98
2052,1170,0,43
2075,1268,0,144
2080,1221,0,16
2090,1172,0,192
2131,1190,0,190
2129,1091,0,315
2142,1273,0,46
2168,1210,0,22
2180,1281,0,30
2180,1081,0,139
2257,1216,0,163
2263,1092,0,98
2278,1258,0,274
2297,1201,0,329
2301,1148,0,237
2325,1085,0,11
2351,1171,0,273
2387,1121,0,322
2419,1088,0,128
2434,1244,0,90
873,1904,0,347
1077,1491,0,133
1697,1370,0,251
1953,1491,0,38
2315,1359,0,24
873,701,0,26
