62,1972,0,103
177,1911,0,354
233,1941,0,11
232,2032,0,209
286,1987,0,141
281,2013,1,306
317,1943,0,13
309,1968,1,356
334,2064,1,52
335,1916,1,6
362,2049,0,340
372,2015,0,348
361,1992,1,325
372,1924,0,20
385,1946,1,69
386,2039,1,315
407,1969,0,19
418,2078,0,24
441,2007,0,195
463,2082,1,41
463,2051,1,283
489,1948,1,2
492,1910,0,306
543,2101,0,356
555,1904,0,44
593,2099,0,201
592,1979,1,347
594,1921,1,322
607,2003,0,29
592,1949,1,315
619,2063,0,345
672,1964,1,54
697,2045,0,36
699,1982,1,320
700,2012,1,334
722,2078,0,358
728,1920,0,212
785,2088,0,208
790,1931,0,248
831,1976,0,207
831,1999,1,30
848,2040,0,130
863,1937,0,168
876,1904,0,352
887,1990,0,50
916,1940,0,277
950,2012,0,246
971,1906,0,164
988,1958,0,332
1047,1937,0,246
1306,1912,0,351
81,2143,0,102
126,2302,1,333
155,2204,0,317
233,2167,0,63
345,2168,0,163
475,2137,0,345
543,2132,0,161
696,2174,0,346
83,2330,0,40
136,2331,0,296
2394,2415,0,45
114,174,0,217
347,247,0,148
890,238,0,5
2517,216,0,264
157,451,0,342
208,396,0,237
225,355,0,252
259,352,1,48
286,357,0,87
296,414,0,13
313,338,0,96
336,441,0,4
346,283,0,318
360,323,0,338
369,381,0,20
425,285,0,31
439,356,0,269
458,435,0,320
475,383,1,0
501,337,0,334
528,383,1,62
551,422,0,18
597,448,0,70
635,415,1,4
657,353,0,186
659,310,0,340
675,414,0,222
688,442,1,329
711,268,0,105
709,371,1,66
754,352,0,350
761,419,0,327
758,280,0,71
795,404,0,312
800,293,0,52
817,461,1,27
819,398,1,300
844,356,1,274
863,312,0,73
881,407,0,299
897,263,1,273
1053,412,0,198
1136,344,1,71
1154,381,0,260
1172,455,0,42
1632,448,0,339
1717,435,0,333
106,495,0,170
126,545,1,314
212,647,0,19
219,594,0,124
244,524,0,331
265,644,0,281
271,563,0,86
287,483,0,82
309,601,0,62
333,662,0,355
352,501,0,356
340,486,1,50
343,554,1,69
344,581,1,72
359,530,0,349
372,616,0,282
380,473,0,352
396,557,0,0
422,604,0,70
422,657,1,280
455,509,0,216
475,536,1,322
539,524,0,100
554,462,1,61
551,554,1,11
578,538,1,333
587,646,0,145
605,517,0,348
622,590,0,5
633,639,0,276
657,466,0,195
659,645,1,271
659,552,1,347
685,506,1,74
720,663,0,356
764,521,1,281
765,583,1,49
792,478,1,11
798,566,0,317
832,614,0,3
819,552,1,321
844,508,1,88
846,570,1,331
872,463,1,62
879,583,0,189
898,569,0,82
903,665,0,72
976,511,0,194
975,556,1,20
998,659,0,89
1001,571,1,10
1027,617,1,290
1043,481,0,265
1052,662,1,354
1085,627,0,101
1105,572,1,272
1146,535,0,355
1154,568,0,347
1168,604,0,5
1239,533,0,3
1258,646,0,336
1272,626,0,337
1319,507,0,15
1340,655,1,351
1370,637,0,30
1400,661,0,11
1493,644,1,35
1545,644,1,64
1573,600,1,279
1581,662,0,64
1625,543,0,19
1625,630,1,46
1674,487,0,93
1684,571,0,28
1706,656,0,185
1705,588,1,44
1731,632,1,327
1748,503,0,17
1769,627,0,134
1784,529,0,15
1798,566,0,168
1847,586,0,142
1875,603,0,326
1927,541,0,4
1931,577,0,14
1950,618,0,28
1960,664,0,41
99,1422,0,10
151,1387,0,129
157,1464,0,232
163,1329,0,235
178,1431,1,308
195,1364,0,193
206,1474,0,38
207,1305,0,237
223,1343,0,347
233,1402,1,44
297,1412,0,341
311,1350,0,186
332,1456,0,341
326,1295,0,245
357,1404,0,179
361,1336,0,255
390,1435,1,322
390,1406,1,64
396,1342,0,53
422,1300,0,184
422,1381,0,271
446,1375,1,285
465,1324,0,198
469,1452,1,283
469,1386,1,11
477,1354,0,210
487,1402,0,12
521,1330,1,78
524,1448,0,114
549,1286,0,15
548,1316,1,43
572,1355,0,204
594,1433,0,331
596,1317,1,277
600,1286,1,309
632,1400,0,122
630,1293,0,263
665,1478,0,43
679,1387,0,95
687,1327,0,212
686,1303,0,179
710,1491,0,234
720,1313,0,69
729,1453,1,312
752,1366,0,18
764,1480,0,38
781,1403,0,191
810,1288,1,278
843,1490,0,128
846,1337,0,319
861,1452,0,139
870,1377,0,202
891,1417,0,345
913,1472,1,83
913,1318,1,295
926,1382,0,112
941,1297,0,137
945,1450,0,1
958,1339,0,0
981,1382,0,318
999,1291,0,62
1014,1476,0,93
1017,1381,1,294
1016,1320,1,277
1036,1339,0,26
1053,1457,0,304
1082,1433,0,24
1083,1389,0,60
1127,1480,0,202
1172,1370,0,341
1182,1421,0,352
1211,1457,0,286
1236,1371,0,63
1285,1394,0,302
1289,1311,0,1
1293,1431,0,270
1317,1386,0,313
1325,1333,0,270
1354,1415,1,63
1372,1379,0,344
1388,1330,0,296
1417,1412,0,235
1427,1307,0,299
1468,1463,0,206
1493,1347,0,104
1513,1410,0,359
1565,1480,0,143
1586,1460,1,88
1619,1374,0,268
1635,1443,0,14
1644,1375,1,292
1657,1303,0,53
1672,1366,0,325
1699,1468,0,320
1719,1354,0,267
1749,1317,0,103
1754,1466,0,130
1793,1369,0,209
1801,1412,0,48
1805,1458,0,354
1827,1336,0,143
1829,1298,0,120
1838,1488,0,0
1869,1393,0,154
1871,1451,0,212
1872,1332,0,83
1902,1483,0,73
1905,1408,0,297
1913,1349,0,53
1940,1287,0,166
1943,1463,0,271
1974,1415,0,47
1984,1374,0,334
1991,1460,0,324
2000,1343,0,354
2011,1431,0,289
2021,1306,0,24
2048,1381,0,325
2051,1439,0,280
2069,1327,0,326
2093,1432,0,317
2111,1378,0,14
2122,1411,0,351
2137,1324,0,69
2160,1448,0,240
2183,1331,0,302
2186,1377,0,206
2187,1489,0,37
2220,1436,0,34
2225,1306,0,3
2242,1457,0,42
2248,1370,0,317
2269,1330,0,267
2320,1365,0,34
2336,1483,0,347
2358,1296,0,359
2376,1449,0,324
2373,1353,0,264
2424,1345,0,350
2444,1424,0,351
100,1540,0,259
111,1638,0,353
109,1696,0,239
174,1608,0,112
178,1539,0,86
213,1661,0,349
222,1549,0,257
233,1493,1,0
257,1593,0,106
268,1495,0,274
275,1560,1,355
287,1643,1,19
299,1561,0,274
304,1686,0,150
316,1515,0,107
319,1634,0,285
331,1682,0,307
332,1556,1,44
357,1499,0,148
361,1564,0,231
367,1601,0,353
364,1660,1,331
388,1655,0,273
412,1507,0,96
432,1651,0,92
455,1583,0,21
456,1548,0,23
467,1508,0,209
469,1639,0,103
507,1497,0,332
506,1601,0,5
519,1653,0,317
546,1528,1,337
569,1684,0,101
573,1609,0,328
595,1652,0,318
596,1498,1,30
615,1531,0,67
650,1650,0,198
677,1604,1,78
686,1683,0,292
709,1492,0,233
715,1649,0,307
722,1570,0,47
753,1681,1,30
780,1620,0,357
787,1658,0,40
805,1516,0,354
810,1495,1,3
832,1682,0,105
859,1620,1,27
878,1586,0,141
889,1676,0,357
889,1639,0,24
891,1514,0,247
917,1575,0,127
934,1549,1,342
943,1676,0,75
954,1526,0,339
975,1588,0,73
983,1697,0,216
1010,1635,0,4
1036,1588,0,213
1044,1683,0,297
1042,1518,1,47
1092,1609,1,320
1093,1550,1,339
1095,1669,1,351
1116,1526,0,49
1108,1677,0,344
1148,1589,0,0
1193,1567,0,342
1212,1651,0,356
1221,1533,0,347
1243,1604,0,68
1321,1576,0,3
1352,1624,1,281
1352,1683,1,290
1354,1503,1,313
1394,1603,0,10
1394,1543,0,341
1467,1689,0,249
1490,1495,0,330
1512,1574,0,262
1549,1522,0,125
1583,1641,0,96
1601,1543,0,278
1690,1690,0,98
1693,1644,0,251
1713,1509,0,212
1736,1638,0,338
1770,1607,0,270
1792,1516,0,157
1800,1642,0,43
1798,1554,0,311
1826,1605,0,331
1834,1686,0,218
1861,1578,0,141
1869,1546,0,335
1913,1659,0,18
1929,1600,0,234
1930,1529,0,270
1975,1588,0,270
1982,1512,0,48
1989,1694,0,7
2013,1647,0,358
2016,1522,0,46
2035,1581,0,355
2061,1623,0,354
2168,1530,0,345
2207,1580,0,349
2243,1518,0,334
2276,1561,0,358
2302,1506,0,328
55,1819,0,5
74,1893,0,255
91,1862,0,104
116,1903,0,226
124,1768,0,55
135,1847,0,50
162,1699,0,320
168,1751,0,49
180,1854,0,284
209,1794,0,338
232,1766,1,0
267,1878,0,239
274,1729,0,32
281,1829,1,340
284,1764,1,312
285,1856,1,291
296,1800,0,277
334,1828,1,30
351,1757,0,9
353,1801,0,346
356,1849,0,17
358,1719,0,0
370,1888,0,38
404,1790,0,273
433,1886,0,257
452,1761,0,174
466,1874,1,317
481,1789,0,25
476,1849,0,329
501,1735,0,139
515,1816,0,59
530,1854,0,51
581,1766,0,343
593,1801,1,37
597,1827,0,2
622,1726,1,309
634,1873,0,218
644,1708,0,335
641,1769,0,296
699,1801,1,6
699,1893,1,83
778,1846,1,0
779,1817,1,1
807,1773,1,315
826,1827,0,315
829,1785,0,354
832,1727,1,338
863,1768,0,75
884,1700,1,346
963,1804,1,342
977,1870,0,352
982,1698,0,217
1018,1744,0,79
1029,1817,0,170
1040,1862,0,222
1056,1882,0,14
1089,1741,0,117
1112,1848,0,18
1158,1802,0,207
1150,1880,1,15
1173,1712,0,26
1203,1848,1,302
1218,1811,0,358
1236,1856,0,346
1234,1726,0,359
1289,1839,0,90
1305,1795,0,24
1307,1737,0,230
1324,1872,0,10
1348,1712,1,315
1366,1831,0,16
1374,1788,1,316
1381,1739,0,185
1382,1709,0,6
1395,1862,1,341
1396,1804,1,306
1434,1762,0,250
1456,1850,0,35
1476,1788,0,242
1517,1760,0,119
1554,1699,0,147
1561,1876,0,16
1637,1764,0,5
1638,1708,0,323
1662,1832,0,9
1720,1767,0,353
1734,1708,0,19
1791,1725,0,1
1837,1742,0,18
1906,1714,0,252
1933,1824,0,349
2013,1757,0,4
2089,1815,0,357
2112,1875,0,278
2135,1741,0,345
85,671,0,141
90,809,0,144
120,753,0,269
144,830,0,97
173,756,0,95
175,796,1,56
185,823,0,359
197,698,0,101
205,775,0,353
203,749,1,61
206,872,1,308
232,763,1,80
244,726,0,112
257,686,0,134
278,822,0,205
285,763,0,55
301,724,0,183
318,688,0,347
328,868,0,310
341,766,1,38
356,841,0,148
365,873,1,331
368,814,0,125
395,736,1,72
412,842,0,77
426,705,0,34
419,781,1,316
447,755,0,1
461,843,0,22
465,841,0,199
480,785,0,18
497,854,1,32
499,735,1,17
524,690,0,11
523,815,0,329
574,749,0,349
587,839,0,130
608,808,0,154
620,710,0,358
670,754,0,32
723,847,0,123
762,706,1,342
761,860,1,79
797,672,0,225
835,828,0,1
835,773,0,49
840,690,1,343
868,712,0,15
866,860,1,66
916,767,0,334
925,677,1,71
946,712,0,349
974,742,1,326
1050,689,0,22
1051,755,1,344
1058,793,0,153
1067,870,0,175
1105,815,1,77
1130,680,0,96
1131,740,1,329
1145,848,0,181
1145,794,0,355
1159,756,1,15
1189,713,0,15
1200,668,0,132
1234,738,0,329
1254,691,0,292
1294,670,0,343
1306,764,0,5
1300,701,0,278
1336,828,0,43
1383,705,1,70
1399,752,0,326
1405,845,0,166
1455,768,0,80
1471,696,0,49
1490,735,1,296
1506,817,0,166
1523,703,0,60
1532,774,0,128
1538,859,0,1
1547,707,1,6
1552,801,0,308
1566,743,0,348
1566,840,1,31
1598,705,1,350
1617,872,1,328
1617,842,1,86
1647,809,0,3
1648,726,0,319
1653,675,1,20
1676,753,1,88
1678,693,1,66
1759,739,0,147
1779,712,0,114
1780,845,1,90
1810,843,0,333
1812,777,0,83
1824,686,0,309
1854,735,0,354
1858,842,0,131
1866,803,0,121
1907,831,0,350
1909,684,1,279
1925,754,0,320
1928,799,0,352
1931,862,0,342
1997,797,0,348
2011,847,0,343
2034,720,0,354
2040,756,0,357
2084,873,0,127
2127,860,0,337
2136,808,0,356
2278,843,0,348
99,980,0,147
105,1044,0,284
146,1070,0,105
152,935,0,81
164,1033,0,296
172,1071,1,33
182,976,0,22
190,915,0,176
219,1031,0,323
237,942,0,35
236,1006,1,324
246,910,0,334
260,991,1,303
290,950,0,222
311,898,0,344
313,1053,0,111
339,920,1,56
365,1033,0,78
393,928,0,189
403,972,0,52
399,879,0,232
414,1047,0,295
454,997,0,334
456,1034,0,327
459,898,0,145
495,966,0,6
513,878,0,354
504,1064,0,201
527,1048,0,114
547,1019,0,126
577,936,1,30
589,1055,0,58
592,991,0,353
607,894,0,330
601,951,1,67
623,942,0,25
644,1013,0,41
681,935,1,60
700,899,0,12
709,1043,1,45
711,980,1,90
750,1006,0,341
760,1044,1,283
780,957,0,193
798,878,0,227
814,1059,0,47
814,921,1,59
814,894,1,32
823,1007,0,218
840,937,1,335
883,1070,0,341
893,883,0,56
891,1029,1,335
905,923,0,243
916,1013,1,307
936,993,0,314
939,904,0,316
944,938,1,339
969,928,1,351
981,905,0,338
1020,1057,0,341
1034,893,0,183
1046,959,0,154
1101,940,1,320
1154,998,1,66
1157,897,0,283
1205,973,0,52
1205,937,1,325
1209,1003,1,10
1249,1006,0,53
1291,1042,0,53
1300,883,0,147
1369,996,0,337
1380,1067,1,10
1403,1031,0,12
1430,899,0,337
1430,919,1,348
1438,978,0,138
1462,959,0,13
1483,884,0,280
1483,977,1,295
1490,947,0,323
1508,994,1,59
1514,1053,0,330
1539,945,1,325
1556,1024,0,141
1586,932,0,56
1600,1021,0,148
1619,995,0,338
1640,969,0,149
1649,1038,1,297
1669,886,0,351
1672,1015,0,43
1711,966,0,2
1720,1003,1,35
1737,988,0,45
1755,1034,0,269
1769,914,0,180
1783,987,0,84
1794,1021,0,57
1805,892,1,341
1812,1036,1,62
1819,938,0,72
1849,950,0,87
1852,1046,0,75
1879,885,0,192
1895,950,0,312
1916,1035,0,180
1933,907,0,358
1957,956,0,320
1972,1057,0,177
2004,896,0,322
2024,1028,0,227
2061,1046,0,67
2090,910,0,134
2111,1024,0,33
2117,1060,0,5
2124,917,0,92
2166,973,0,344
2169,1054,0,259
2205,883,0,8
2223,1058,0,55
2227,928,0,314
2247,999,0,359
2284,915,0,338
2280,1061,1,5
2295,1031,0,54
2316,1026,0,38
2345,967,0,14
2373,1065,0,313
2381,999,0,13
2453,1010,0,21
2472,879,0,1
123,1159,1,56
153,1144,1,319
153,1112,1,60
183,1256,0,322
181,1219,1,347
187,1097,0,9
206,1236,0,337
228,1285,0,215
233,1189,1,26
235,1254,0,331
237,1093,0,241
248,1221,0,0
259,1175,1,81
266,1106,0,9
271,1283,0,219
306,1150,0,296
308,1207,0,62
360,1203,0,38
355,1256,0,257
366,1136,0,353
387,1084,0,273
402,1263,0,47
425,1146,0,353
421,1202,0,233
441,1112,0,3
469,1282,0,334
474,1213,0,358
473,1086,1,340
471,1239,1,41
490,1174,0,349
500,1125,0,100
531,1096,0,332
549,1131,1,28
575,1208,1,20
575,1177,1,300
598,1166,0,286
612,1083,0,53
645,1115,0,38
667,1156,0,223
681,1224,0,5
705,1256,1,0
733,1149,1,357
746,1112,0,119
750,1201,0,323
758,1230,1,356
759,1256,1,48
783,1155,0,75
809,1166,1,293
812,1195,1,324
846,1155,0,340
862,1258,1,41
864,1227,1,84
889,1094,1,349
915,1230,1,42
927,1195,0,210
942,1122,1,280
952,1229,0,49
992,1124,1,310
1017,1125,0,295
1020,1233,0,311
1058,1179,0,17
1082,1083,0,293
1086,1254,0,39
1101,1125,1,289
1164,1083,0,150
1162,1228,0,248
1227,1195,0,96
1229,1139,1,29
1242,1080,0,211
1243,1115,0,3
1251,1141,0,357
1261,1266,0,153
1269,1169,0,143
1293,1185,0,294
1302,1089,0,270
1325,1125,0,16
1332,1227,0,254
1353,1111,1,38
1365,1262,0,48
1365,1192,0,120
1406,1171,0,62
1423,1274,0,252
1434,1193,0,347
1441,1225,0,352
1449,1261,0,293
1473,1174,0,348
1483,1126,1,12
1486,1273,0,58
1532,1216,1,273
1551,1262,0,327
1565,1227,0,326
1584,1091,0,240
1603,1157,0,356
1617,1234,1,7
1632,1092,0,252
1639,1264,0,239
1674,1236,1,346
1685,1190,0,233
1702,1248,0,241
1725,1089,0,59
1724,1257,0,258
1743,1150,0,225
1762,1236,0,268
1792,1278,0,264
1798,1166,0,37
1810,1107,0,47
1865,1260,0,170
1861,1124,0,238
1894,1158,0,228
1931,1224,0,82
1964,1102,0,124
1973,1235,0,280
1997,1274,0,245
2021,1205,0,296
2025,1118,0,195
2062,1172,0,246
2071,1089,0,259
2108,1284,0,3
2114,1166,0,288
2121,1107,0,16
2168,1149,0,341
2182,1212,0,179
2225,1213,0,301
2259,1094,0,98
2281,1228,0,190
2279,1123,1,297
2300,1129,0,352
2329,1089,0,349
2338,1230,0,335
2356,1150,0,301
2354,1200,0,145
2443,1258,0,197
2445,1142,0,130
230,1697,0,354
255,869,0,199
1897,1079,0,329
