122,170,0,236
348,241,0,147
890,238,0,6
2517,216,0,264
157,451,0,343
207,397,0,243
224,358,0,259
260,352,1,44
292,424,0,20
289,372,0,80
327,336,0,56
338,279,0,62
367,381,1,51
374,415,0,149
382,314,0,277
420,364,0,11
417,286,0,54
431,420,0,247
474,383,1,352
486,300,0,194
483,442,0,128
504,324,0,46
527,383,1,38
640,446,0,233
643,303,0,143
654,365,0,206
683,354,1,87
698,279,0,103
702,429,0,251
710,342,1,328
755,349,0,344
753,285,0,80
766,428,0,312
766,461,1,313
794,403,0,313
812,293,0,55
817,461,1,18
819,399,1,295
862,330,0,20
878,409,0,47
898,263,1,302
955,401,0,8
1057,297,1,68
1084,263,0,356
1179,457,0,44
1632,448,0,335
105,495,0,171
126,545,1,332
213,661,0,150
233,611,1,52
242,524,0,328
292,474,0,36
296,612,0,144
296,653,0,114
317,567,1,328
320,593,0,355
342,552,1,56
344,582,1,59
345,649,0,75
364,501,0,316
387,463,0,326
387,543,0,159
394,493,1,340
403,647,0,284
426,576,0,27
462,478,0,310
468,644,0,52
474,536,1,323
513,564,0,60
529,653,0,354
549,498,0,169
554,462,1,77
595,525,0,33
616,655,0,309
657,642,1,48
658,551,1,5
685,570,0,3
685,506,1,59
722,619,0,335
764,520,1,87
765,584,1,7
792,477,1,14
814,555,1,314
831,614,0,2
840,546,0,102
843,506,1,317
872,462,1,86
928,606,0,116
923,646,1,50
949,509,1,345
975,555,1,20
995,509,0,359
1002,571,1,20
1025,614,1,7
1055,637,0,340
1052,664,1,328
1069,485,0,354
1107,572,1,353
1110,481,1,0
1153,624,0,13
1161,542,1,61
1190,526,1,272
1213,575,0,184
1210,652,0,145
1235,537,0,359
1251,464,0,355
1263,625,0,351
1264,589,0,87
1319,507,0,16
1362,631,0,339
1457,666,0,69
1494,645,1,359
1530,629,0,70
1575,654,0,351
1573,600,1,281
1622,537,0,26
1625,629,1,4
1651,583,0,347
1679,489,0,105
1698,662,0,153
1706,552,0,3
1705,588,1,288
1732,633,1,324
1754,513,0,311
1768,626,0,137
1801,662,0,130
1819,596,0,75
1838,517,0,129
1877,553,0,198
1900,657,0,5
1925,542,0,4
2104,507,0,328
126,1966,0,189
143,1920,0,353
232,2034,0,212
275,1934,0,35
280,2010,1,293
304,1964,0,16
316,2048,0,329
323,2012,0,146
335,1916,1,1
367,2103,0,114
386,1946,1,311
388,2007,1,279
404,1979,0,0
417,2078,0,20
441,2006,0,205
449,1907,0,141
463,2051,1,289
463,2082,1,29
489,1948,1,90
497,1912,0,301
552,2089,0,39
552,1905,0,52
562,2002,0,334
592,1979,1,9
594,1921,1,85
592,1950,1,74
616,2089,0,125
630,1985,0,116
686,1950,0,215
699,2011,0,344
699,1982,1,315
707,2040,0,192
769,1929,0,322
796,2047,0,6
838,1997,0,261
858,1937,0,162
874,1904,0,351
889,1988,0,46
936,1909,1,13
949,1945,0,237
1303,1912,0,343
75,2146,0,113
125,2276,0,119
153,2203,0,317
226,2177,0,188
346,2169,0,167
383,2125,1,56
543,2131,0,168
581,2124,0,112
654,2154,0,2
873,2238,0,168
63,2374,0,99
123,2371,0,44
2223,2455,0,352
102,1420,0,9
152,1388,0,132
155,1464,0,228
176,1326,0,288
191,1372,0,169
203,1458,0,19
224,1290,0,223
236,1433,1,90
251,1405,0,280
268,1299,0,276
297,1452,0,0
302,1349,0,282
307,1411,0,342
345,1324,0,83
371,1472,0,301
373,1415,0,308
369,1329,1,318
394,1402,1,315
405,1343,0,30
423,1291,0,225
441,1379,0,189
451,1472,0,156
470,1451,1,0
479,1414,0,31
482,1347,0,6
505,1457,0,7
521,1330,1,24
534,1393,0,305
547,1459,0,284
548,1316,1,68
563,1309,0,20
582,1454,0,263
594,1392,0,349
599,1336,0,185
596,1313,1,344
616,1424,0,343
663,1376,0,182
682,1351,0,97
716,1483,0,77
744,1392,0,351
745,1427,0,353
756,1375,1,339
768,1480,0,34
768,1345,0,205
811,1288,1,284
813,1322,0,221
816,1448,0,95
842,1335,0,326
858,1473,0,238
896,1408,0,150
912,1317,0,149
912,1471,1,30
923,1360,0,355
944,1448,0,0
991,1302,0,132
1019,1480,0,122
1018,1380,1,285
1068,1320,0,206
1076,1422,0,205
1127,1440,0,196
1124,1289,0,249
1129,1349,0,288
1163,1342,0,151
1191,1425,0,309
1198,1379,0,4
1196,1334,0,56
1229,1403,0,83
1252,1343,0,321
1258,1442,0,91
1282,1389,0,187
1293,1322,0,197
1301,1416,0,8
1306,1467,0,32
1330,1340,0,76
1362,1404,0,43
1379,1310,0,130
1389,1479,0,256
1412,1334,0,297
1434,1317,0,310
1444,1290,0,346
1465,1332,0,252
1500,1319,0,85
1540,1296,0,77
1553,1452,0,212
1588,1459,1,8
1641,1371,1,307
1689,1445,0,191
1705,1479,0,26
1714,1357,0,62
1738,1395,0,210
1769,1422,0,238
1823,1448,0,355
1820,1346,0,93
1829,1414,0,345
1867,1370,0,293
1871,1481,0,94
1891,1287,0,151
1893,1335,0,341
1908,1443,0,8
1911,1406,0,216
1969,1414,0,149
1983,1451,0,358
1995,1370,0,2
2046,1335,0,346
2057,1361,0,16
2064,1442,0,336
2063,1389,0,3
2086,1361,1,26
2106,1310,0,327
2152,1487,0,349
2150,1297,0,18
2179,1449,0,31
2186,1345,0,265
2234,1322,0,224
2237,1449,0,40
2249,1388,0,26
2274,1473,0,3
2271,1332,0,297
2318,1392,0,327
2343,1299,0,9
2339,1342,0,256
2346,1440,0,351
2431,1288,0,40
2450,1404,0,293
81,1641,0,150
98,1656,1,90
102,1541,0,271
152,1512,0,61
177,1645,0,219
178,1607,0,93
179,1548,0,89
181,1523,1,20
214,1663,0,346
218,1503,0,297
234,1605,0,349
234,1581,1,351
260,1568,0,315
265,1513,0,305
287,1643,1,44
286,1613,1,80
294,1500,0,123
311,1569,1,298
321,1676,0,170
328,1503,0,104
340,1616,0,305
363,1570,0,149
370,1604,0,332
374,1664,1,324
389,1525,1,85
400,1644,0,43
413,1697,0,352
430,1658,0,28
431,1528,0,1
439,1581,0,14
467,1662,0,38
498,1562,0,82
510,1615,0,3
532,1665,0,156
546,1528,1,333
593,1651,0,319
595,1613,0,10
597,1499,1,324
640,1495,0,81
649,1649,0,209
666,1554,0,97
673,1576,1,59
677,1605,1,70
689,1646,0,322
749,1686,1,28
753,1618,1,45
772,1631,0,326
774,1670,0,137
819,1566,0,345
834,1515,1,81
859,1621,1,7
880,1679,0,182
884,1602,0,324
904,1549,0,70
936,1548,1,6
949,1593,0,143
951,1507,0,23
970,1663,0,175
998,1522,0,186
1030,1578,0,211
1053,1642,0,252
1088,1694,0,342
1092,1551,1,304
1096,1668,1,342
1101,1593,0,77
1117,1528,0,51
1146,1645,0,100
1179,1531,0,140
1174,1601,0,97
1231,1665,0,345
1221,1682,0,284
1258,1617,0,110
1288,1633,0,138
1297,1598,0,310
1307,1531,0,242
1310,1682,0,299
1353,1637,0,86
1354,1503,1,312
1374,1562,0,356
1381,1688,0,4
1392,1652,1,57
1411,1644,0,21
1459,1517,0,351
1469,1563,0,220
1479,1670,0,210
1490,1494,0,341
1510,1573,0,55
1572,1657,0,72
1575,1493,0,218
1582,1577,0,331
1611,1627,0,155
1634,1508,0,224
1637,1678,0,12
1664,1532,0,194
1693,1650,0,261
1714,1509,0,212
1735,1680,0,303
1765,1607,0,229
1772,1527,0,299
1800,1639,0,50
1805,1565,1,317
1822,1545,0,285
1858,1591,0,343
1885,1625,0,198
1914,1495,0,239
1938,1657,0,241
1940,1569,0,245
1966,1506,0,217
1984,1600,0,230
2000,1554,0,332
2021,1649,0,359
2034,1519,0,354
2063,1624,0,347
2092,1598,0,347
2163,1555,0,195
2173,1522,0,9
2208,1583,0,354
2239,1515,0,324
2277,1559,0,358
2338,1496,0,8
58,1820,0,4
82,1876,0,194
118,1842,0,351
117,1774,0,304
152,1886,0,85
163,1699,0,323
172,1771,0,21
194,1819,0,18
220,1884,0,260
247,1751,0,164
231,1769,1,353
284,1868,0,238
283,1828,1,15
284,1768,1,57
296,1706,0,134
307,1844,1,0
318,1800,0,139
351,1869,0,357
351,1746,0,54
382,1773,0,16
394,1802,0,214
416,1738,0,321
436,1856,0,127
465,1875,1,61
497,1703,0,200
506,1766,0,321
519,1750,1,330
529,1820,0,349
543,1717,0,25
577,1739,0,231
585,1872,0,135
600,1799,0,28
598,1767,0,22
597,1710,1,288
647,1855,0,139
650,1783,0,283
695,1711,0,355
699,1892,1,24
699,1801,1,83
708,1752,0,208
728,1850,0,43
750,1868,0,4
760,1887,0,11
779,1846,1,352
778,1818,1,286
805,1769,1,35
811,1791,0,32
832,1727,1,309
835,1837,0,261
868,1842,0,69
883,1699,1,14
905,1775,0,57
924,1822,0,2
924,1886,0,208
941,1852,0,200
963,1803,1,309
978,1700,0,28
997,1734,0,215
999,1788,0,137
1006,1874,0,289
1054,1877,0,32
1052,1844,0,192
1064,1720,0,162
1067,1807,0,12
1072,1763,0,343
1085,1900,0,240
1113,1847,0,34
1137,1790,0,84
1205,1776,0,6
1202,1848,1,308
1201,1731,1,27
1233,1856,0,345
1259,1717,0,338
1302,1804,0,200
1309,1858,0,24
1356,1882,0,348
1352,1741,1,282
1364,1832,0,2
1375,1748,0,68
1374,1789,1,348
1395,1862,1,298
1396,1805,1,304
1435,1745,0,351
1460,1863,0,5
1469,1786,0,23
1537,1698,0,353
1561,1876,0,17
1571,1745,0,299
1612,1716,0,344
1630,1776,0,8
1684,1712,0,282
1763,1726,0,3
1805,1750,0,191
1859,1751,0,16
1932,1822,0,351
1987,1699,0,12
2014,1756,0,4
2091,1821,0,350
2136,1740,0,346
75,798,0,159
84,671,0,139
140,752,0,203
143,848,0,114
153,791,0,0
170,723,0,103
182,825,0,343
192,696,0,285
204,773,0,353
204,748,1,44
207,871,1,334
235,813,0,151
243,870,0,100
248,738,0,88
257,685,1,301
279,801,1,55
291,846,0,228
286,737,1,348
296,776,0,124
306,714,0,166
343,761,0,347
339,812,0,266
342,736,1,90
365,683,0,39
365,872,1,1
370,814,1,291
401,825,0,271
411,701,0,195
454,773,0,186
459,824,0,164
463,825,0,349
472,739,0,10
474,694,0,204
500,787,0,23
543,691,0,204
561,755,0,40
571,795,0,42
570,862,0,107
590,698,0,316
605,849,0,130
635,782,0,297
687,779,0,135
711,869,0,277
723,670,0,348
710,736,1,72
748,742,0,355
753,794,0,36
762,707,1,352
764,846,0,260
819,836,0,8
815,737,1,44
841,690,1,9
866,860,1,299
878,789,0,334
922,676,1,4
945,711,0,339
967,850,0,87
999,697,0,146
1016,757,0,12
1028,713,1,0
1038,848,0,206
1087,813,0,350
1131,740,1,21
1159,756,1,25
1178,713,0,1
1195,767,0,216
1241,803,0,329
1241,736,0,332
1255,697,0,355
1253,773,0,310
1297,670,0,348
1308,764,0,3
1324,832,0,21
1328,713,0,78
1369,845,0,29
1382,703,1,86
1392,749,0,338
1402,668,0,0
1424,731,0,319
1446,828,0,18
1474,751,0,332
1477,789,0,349
1483,714,0,148
1489,864,0,276
1523,685,0,236
1533,725,0,60
1547,771,0,1
1548,816,0,179
1566,841,1,343
1603,699,0,39
1616,872,1,348
1617,842,1,273
1634,793,0,5
1657,825,0,3
1653,675,1,17
1660,729,0,331
1678,693,1,275
1691,778,0,342
1738,754,0,300
1745,824,0,353
1769,723,0,151
1778,854,0,194
1820,808,0,123
1823,683,0,309
1830,759,1,18
1847,734,0,7
1872,828,0,137
1880,788,1,283
1918,750,0,321
1909,684,1,79
1913,830,1,0
1945,712,0,354
1947,866,0,167
1960,831,0,340
2008,800,0,54
2031,721,0,353
2038,757,0,352
2042,837,0,358
2080,791,0,94
2133,809,0,1
2129,848,0,7
2277,843,0,350
70,1011,0,231
102,961,0,218
142,995,0,26
144,1071,0,110
197,911,0,182
204,974,0,195
214,1030,0,291
235,938,0,260
233,1067,1,62
237,1007,1,300
243,878,0,90
260,991,1,329
285,964,0,354
286,1037,1,277
301,1078,0,175
316,882,0,60
321,1023,0,223
339,918,1,32
374,986,0,295
380,1072,0,168
394,1040,1,313
422,962,0,341
443,996,0,183
451,1033,0,204
459,898,0,143
471,997,1,315
497,935,0,181
500,982,0,332
495,1010,1,58
510,875,0,353
514,1043,0,9
556,972,0,334
552,949,0,41
570,1078,0,281
577,937,1,71
599,1075,1,307
609,1027,0,84
621,945,0,22
644,1074,0,0
655,891,0,36
652,1016,0,77
681,1033,0,242
762,1013,1,25
760,1044,1,336
791,966,0,45
787,1029,1,30
789,908,1,0
814,921,1,63
813,1043,1,74
835,897,0,316
836,996,0,57
838,938,1,285
839,967,1,336
891,937,1,290
891,1029,1,10
916,1013,1,70
942,901,0,128
943,939,1,37
971,1042,0,145
995,984,0,102
997,878,1,322
996,940,1,64
1023,1074,0,231
1033,896,0,237
1044,992,0,88
1086,1071,0,297
1101,940,1,317
1101,970,1,328
1101,1033,1,354
1111,1012,0,151
1127,1078,1,85
1142,924,0,246
1154,999,1,51
1178,1064,0,322
1194,874,0,331
1205,1002,1,13
1206,939,1,65
1313,984,0,206
1381,1067,1,321
1381,1037,1,306
1418,877,0,325
1419,1070,0,281
1430,915,1,4
1460,960,0,22
1468,1008,0,131
1470,1059,0,344
1484,976,1,271
1486,916,1,294
1491,948,0,328
1509,995,1,63
1515,1054,0,313
1538,943,1,307
1547,1031,0,97
1554,877,0,287
1591,1001,0,103
1635,1068,0,246
1641,1010,1,44
1664,886,0,356
1663,970,0,179
1670,1004,0,21
1702,1014,1,41
1717,1002,1,20
1725,1040,0,243
1730,957,0,310
1766,926,0,86
1772,1033,0,272
1805,895,1,324
1809,980,0,342
1805,1026,0,94
1816,934,0,157
1827,1076,0,138
1832,874,0,6
1836,1036,0,101
1854,896,1,34
1861,1037,1,270
1882,1024,0,102
1914,936,0,78
1932,996,0,19
1958,956,0,310
1976,912,0,199
1977,1033,0,87
2016,879,0,350
2016,966,0,145
2023,1049,0,174
2034,1016,0,323
2048,942,0,160
2080,1006,0,129
2104,924,0,48
2106,1052,0,239
2174,1077,0,129
2197,875,0,23
2194,1026,0,94
2210,1069,0,129
2245,1045,0,356
2246,1006,0,106
2245,902,0,278
2255,1075,0,3
2286,993,0,351
2289,919,0,343
2321,1028,0,25
2344,970,0,13
2394,996,0,20
2452,1009,0,15
2472,879,0,359
123,1160,1,58
152,1144,1,64
169,1087,0,249
182,1221,1,24
197,1097,0,4
203,1193,0,332
203,1266,1,24
209,1239,1,327
228,1284,0,221
242,1118,0,3
236,1256,0,310
259,1174,1,30
268,1202,0,185
276,1242,0,354
288,1130,1,59
323,1123,0,237
324,1193,0,302
328,1271,0,246
354,1147,0,215
371,1198,0,306
391,1284,1,325
421,1178,0,2
421,1147,0,5
417,1206,1,62
432,1119,0,355
442,1219,0,75
473,1087,1,329
473,1208,1,77
472,1240,1,328
497,1132,1,39
547,1285,0,12
548,1129,1,345
555,1177,0,98
601,1184,0,81
599,1226,1,309
652,1265,0,195
663,1122,0,334
669,1166,0,217
699,1189,0,244
705,1256,1,289
732,1147,1,330
746,1099,0,162
743,1180,0,61
759,1239,0,319
760,1134,1,346
787,1177,0,91
814,1192,1,18
830,1254,0,341
833,1157,0,16
844,1207,0,195
863,1104,1,28
887,1130,0,298
890,1089,1,329
913,1227,1,49
922,1194,0,205
918,1135,1,318
942,1119,1,354
945,1226,0,46
954,1143,0,348
986,1257,0,354
996,1122,1,342
1017,1231,1,63
1049,1162,0,12
1069,1227,0,52
1100,1123,1,348
1121,1264,0,219
1204,1221,0,106
1261,1226,0,260
1299,1139,0,180
1308,1285,0,185
1316,1225,0,148
1313,1180,0,273
1363,1089,0,167
1363,1170,0,57
1392,1260,0,207
1397,1199,0,209
1432,1193,0,177
1452,1252,0,20
1482,1127,1,292
1518,1241,0,326
1524,1149,0,160
1530,1211,0,127
1549,1090,0,15
1579,1198,0,212
1587,1232,0,263
1601,1149,0,329
1615,1239,1,80
1625,1202,0,61
1660,1203,0,68
1672,1238,1,3
1696,1166,0,277
1708,1255,0,172
1727,1114,0,317
1757,1241,0,269
1777,1098,0,189
1796,1168,0,49
1811,1124,0,25
1828,1241,0,338
1869,1144,0,285
1893,1201,0,159
1896,1103,0,84
1902,1250,0,223
1924,1148,0,221
1942,1277,0,352
1942,1081,0,316
1962,1206,0,143
1992,1144,0,205
2034,1107,0,136
2038,1204,0,14
2034,1171,0,34
2062,1273,0,118
2069,1091,0,325
2097,1207,0,323
2108,1146,0,255
2135,1090,0,337
2141,1148,0,59
2153,1250,0,312
2162,1177,0,20
2166,1212,0,175
2207,1270,0,293
2234,1153,0,2
2247,1257,0,321
2255,1106,0,20
2292,1140,0,327
2309,1245,0,139
2328,1099,0,349
2346,1147,0,311
2361,1221,0,53
2393,1147,0,67
2413,1178,0,99
461,1317,0,63
