116,1966,0,192
142,1920,0,353
231,2036,0,213
278,2013,1,343
294,1997,0,142
304,1940,0,6
310,1905,1,275
325,2044,0,340
335,1915,1,327
347,1971,0,18
366,2081,0,49
388,2006,1,274
385,1944,1,9
417,2080,0,29
414,1967,0,289
411,1933,1,336
438,2008,1,33
439,1917,1,287
463,2051,1,331
463,2082,1,23
488,1949,1,350
492,1913,0,289
551,2092,0,203
553,1997,0,141
556,1905,0,47
593,1921,1,274
592,1979,1,302
592,1950,1,330
615,2084,0,146
641,1927,0,55
650,2010,0,131
693,1942,0,213
696,2011,0,339
700,1983,1,329
699,1920,0,101
758,1923,0,308
798,2051,0,5
835,1995,0,277
860,1936,0,158
874,1904,0,349
891,1987,0,48
938,1908,1,53
937,1969,1,32
957,1937,0,231
1017,1954,1,59
1057,1927,0,247
1303,1913,0,344
76,2212,0,9
78,2146,0,107
155,2204,0,316
233,2181,0,205
252,2171,1,294
348,2167,0,160
543,2131,0,175
580,2120,0,96
702,2177,0,327
823,2232,0,342
65,2365,0,154
122,2371,0,41
2248,2455,0,19
125,173,0,232
348,242,0,148
890,238,0,6
2517,217,0,266
156,451,0,343
209,394,0,248
225,356,0,258
260,352,1,56
292,420,0,20
291,375,0,74
328,337,0,52
340,277,0,66
377,412,0,126
382,460,0,347
382,342,0,297
418,285,0,54
432,457,0,273
444,365,0,82
447,398,1,61
460,303,0,3
455,458,1,90
475,383,1,308
482,444,0,126
520,333,0,32
527,383,1,51
553,460,1,7
636,450,0,313
646,300,0,140
656,376,0,209
698,273,0,101
702,434,0,253
753,349,0,348
754,283,0,93
763,426,0,295
800,294,0,48
801,407,0,301
818,461,1,3
842,334,0,26
843,359,1,56
884,392,0,10
898,263,1,302
1009,382,0,30
1058,297,1,90
1120,266,0,2
1178,455,0,56
1221,460,1,345
1606,399,0,130
1633,448,0,336
106,495,0,171
107,537,1,317
233,611,1,52
243,525,0,326
295,473,0,35
297,647,0,147
300,613,0,145
315,565,1,318
329,587,0,18
350,529,0,355
343,554,1,315
346,656,0,98
354,491,0,356
363,595,0,56
377,647,0,259
396,493,1,272
418,559,0,93
420,657,1,311
465,511,0,268
467,646,0,55
511,539,0,298
537,487,0,189
548,655,0,351
599,499,0,74
661,579,0,198
657,644,1,41
658,552,1,355
685,506,1,67
719,612,0,278
764,520,1,88
764,584,1,4
763,463,1,29
792,477,1,8
816,555,1,345
831,614,0,1
837,520,0,144
845,570,1,355
872,463,1,78
872,555,1,280
928,584,0,116
951,510,1,328
975,556,1,12
1001,572,1,11
1007,504,0,282
1025,614,1,33
1054,638,0,337
1052,664,1,320
1073,483,0,0
1107,572,1,306
1161,627,0,2
1181,569,0,339
1194,664,0,197
1235,537,0,359
1250,464,0,356
1263,626,0,357
1261,654,0,6
1264,590,0,93
1319,507,0,15
1317,641,0,231
1364,632,0,351
1472,637,0,76
1496,644,1,72
1549,626,0,64
1575,599,1,315
1583,665,0,52
1620,539,0,28
1626,629,1,10
1653,645,0,29
1665,587,0,13
1681,490,0,102
1701,538,0,354
1702,667,0,164
1732,633,1,337
1748,502,0,356
1768,626,0,137
1818,587,0,139
1894,663,0,28
1925,541,0,6
2243,582,0,338
102,1421,0,11
151,1388,0,133
157,1465,0,226
177,1324,0,294
198,1371,0,185
234,1465,0,325
252,1409,0,264
283,1316,0,207
281,1472,0,122
300,1410,0,343
306,1351,0,353
342,1455,0,356
341,1289,0,106
377,1386,0,324
390,1435,1,317
423,1328,0,15
427,1481,0,217
441,1377,0,190
470,1451,1,342
490,1412,0,33
504,1448,0,274
501,1370,0,315
521,1330,1,344
535,1471,0,219
553,1373,0,174
549,1316,1,58
557,1409,0,7
561,1309,0,3
601,1343,0,189
599,1286,1,306
596,1318,1,349
642,1488,0,76
684,1309,0,90
684,1423,0,178
710,1468,0,175
716,1424,0,131
731,1363,1,72
758,1378,1,314
768,1480,0,36
769,1423,0,139
773,1294,0,175
790,1335,0,217
795,1405,0,336
811,1288,1,43
823,1462,0,296
840,1337,0,314
861,1308,0,147
894,1405,0,75
912,1471,1,342
914,1319,1,317
932,1354,0,344
943,1449,0,358
993,1348,0,335
996,1301,0,128
1010,1437,0,66
1019,1381,1,332
1065,1433,0,217
1079,1315,0,200
1080,1314,0,200
1121,1366,0,283
1128,1468,0,207
1201,1374,0,19
1207,1303,0,65
1214,1444,0,281
1243,1288,0,274
1298,1349,0,355
1302,1424,0,10
1303,1387,0,183
1320,1290,0,311
1322,1327,0,164
1356,1463,0,28
1363,1390,0,35
1367,1350,0,58
1411,1416,0,354
1404,1342,0,267
1413,1293,0,344
1431,1322,1,283
1463,1318,0,250
1477,1464,0,351
1496,1322,0,79
1535,1309,0,111
1571,1466,0,88
1641,1370,1,314
1666,1454,0,228
1716,1383,0,233
1724,1456,0,69
1724,1288,0,86
1764,1421,0,236
1780,1319,0,120
1799,1416,0,235
1833,1302,0,85
1839,1441,0,253
1863,1356,0,188
1880,1312,0,180
1894,1432,0,236
1962,1395,0,34
1976,1424,0,4
1983,1453,0,1
2003,1356,0,352
2047,1336,0,334
2055,1394,0,5
2078,1441,0,3
2088,1374,0,347
2156,1294,0,355
2155,1486,0,326
2167,1394,0,109
2182,1349,0,275
2198,1422,0,69
2238,1454,0,71
2245,1286,0,13
2245,1382,0,33
2262,1329,0,301
2273,1477,0,3
2314,1388,0,319
2322,1307,0,339
2327,1356,0,326
2349,1437,0,353
2350,1292,0,334
2451,1404,0,300
79,1637,0,119
101,1540,0,266
165,1507,0,49
170,1652,0,207
178,1609,0,258
180,1540,0,80
213,1661,0,336
218,1512,0,296
232,1584,1,90
254,1621,0,14
252,1566,0,270
274,1695,0,136
287,1542,0,316
287,1644,1,41
324,1507,0,92
338,1673,0,155
347,1619,0,325
347,1696,0,210
362,1575,0,340
366,1601,0,338
364,1658,1,0
372,1537,0,302
390,1524,1,283
411,1637,0,40
450,1585,0,13
458,1501,0,224
464,1657,0,31
494,1543,0,122
520,1669,0,149
531,1585,0,52
546,1528,1,324
571,1504,0,279
594,1651,0,316
593,1620,1,23
598,1498,1,288
627,1615,0,16
648,1650,0,207
672,1555,0,2
698,1644,0,305
737,1616,0,86
760,1680,0,186
766,1633,0,325
838,1576,0,329
835,1514,1,73
865,1682,0,164
859,1621,1,83
883,1535,0,105
898,1618,0,330
935,1550,1,340
946,1588,0,343
946,1655,0,121
964,1529,0,178
957,1560,0,355
960,1624,1,54
1001,1659,0,103
1037,1585,0,208
1043,1518,1,45
1057,1648,0,261
1092,1551,1,305
1095,1668,1,25
1104,1594,0,78
1112,1679,0,328
1117,1527,0,49
1133,1629,0,90
1163,1581,0,108
1183,1527,0,96
1202,1639,1,284
1202,1670,1,49
1234,1654,0,330
1232,1610,0,117
1268,1606,0,69
1304,1524,0,288
1304,1602,0,263
1328,1690,0,282
1354,1503,1,280
1351,1627,1,334
1360,1601,0,139
1358,1649,0,46
1375,1560,0,307
1383,1686,0,115
1396,1497,0,237
1425,1642,0,11
1444,1518,0,148
1462,1555,0,204
1465,1681,0,222
1490,1496,0,338
1513,1548,0,68
1555,1650,0,111
1568,1573,0,347
1606,1633,0,347
1623,1511,0,177
1632,1683,0,37
1690,1652,0,252
1714,1509,0,213
1768,1608,0,246
1778,1557,0,277
1802,1639,0,41
1804,1557,0,304
1833,1616,0,141
1849,1589,0,300
1863,1492,0,196
1865,1529,0,22
1916,1678,0,337
1950,1630,0,188
1948,1579,0,289
1964,1526,0,247
1992,1493,0,318
2003,1562,0,0
2025,1652,0,0
2061,1531,0,1
2066,1621,0,356
2102,1576,0,194
2155,1605,0,332
2174,1532,0,347
2207,1581,0,355
2237,1514,0,322
2277,1559,0,357
2346,1493,0,358
57,1820,0,5
81,1871,0,191
119,1843,0,357
126,1783,0,305
146,1883,0,85
163,1700,0,321
178,1768,0,19
200,1818,0,22
223,1894,0,271
231,1768,1,346
250,1749,0,342
256,1751,0,355
269,1874,0,240
283,1828,1,47
300,1784,0,108
338,1738,1,308
336,1829,1,316
337,1768,1,71
353,1868,0,354
365,1805,0,192
374,1772,0,355
380,1722,0,58
428,1881,0,150
430,1708,0,303
438,1849,0,151
447,1816,0,149
463,1783,0,298
490,1830,1,0
500,1713,0,336
511,1761,0,4
517,1864,0,151
526,1811,0,182
545,1708,1,312
556,1822,0,301
578,1721,0,42
601,1797,0,27
604,1762,0,22
623,1841,0,97
656,1799,0,294
686,1745,0,238
696,1702,0,358
699,1893,1,39
700,1801,1,319
725,1849,0,69
755,1856,0,294
778,1846,1,13
779,1817,1,347
796,1863,0,29
797,1828,0,319
805,1772,1,284
813,1903,0,238
825,1789,0,59
832,1727,1,342
866,1843,0,60
905,1855,0,235
917,1778,0,79
926,1884,0,35
963,1747,0,150
962,1803,1,307
971,1827,0,355
981,1719,0,132
986,1889,0,277
1012,1774,1,288
1026,1709,0,186
1048,1773,0,219
1052,1879,0,20
1056,1848,0,340
1073,1811,0,348
1104,1708,0,342
1113,1847,0,31
1168,1706,0,50
1170,1767,0,332
1233,1856,0,345
1253,1714,0,334
1299,1813,0,214
1318,1866,0,18
1350,1742,1,285
1367,1831,0,2
1373,1882,0,8
1374,1789,1,335
1375,1744,0,96
1395,1859,1,350
1397,1805,1,307
1439,1741,0,354
1465,1865,0,3
1500,1750,0,66
1544,1699,0,332
1553,1765,0,275
1561,1876,0,16
1599,1742,0,264
1629,1776,0,16
1670,1729,0,317
1712,1700,0,7
1765,1724,0,2
1785,1762,0,222
1849,1747,0,11
1932,1822,0,351
1988,1699,0,11
2014,1756,0,4
2091,1821,0,349
2136,1740,0,346
75,799,0,161
84,671,0,138
143,853,0,121
148,747,1,327
153,789,0,179
172,684,0,86
181,825,0,344
201,792,0,141
202,749,1,46
207,868,0,13
213,699,0,330
239,741,0,149
244,699,0,104
279,797,0,236
292,699,0,281
307,816,0,260
338,837,0,68
357,763,0,328
359,871,1,4
369,813,1,294
410,698,0,185
413,728,0,196
438,771,0,170
465,833,0,26
480,745,0,7
498,786,0,21
497,852,1,313
520,701,0,350
553,751,0,39
555,842,0,111
579,782,0,17
601,712,0,302
601,850,0,120
631,679,0,322
628,753,1,30
648,796,0,268
696,785,0,121
707,830,0,22
723,668,0,353
744,751,0,15
762,706,1,339
762,865,0,275
781,786,0,32
814,737,1,350
820,834,0,8
841,690,1,3
866,860,1,300
916,819,0,8
922,675,1,30
948,714,0,342
975,824,0,43
973,743,1,336
1000,694,0,103
1006,854,0,239
1021,755,0,18
1028,711,1,63
1091,806,0,5
1131,741,1,12
1159,756,1,33
1175,869,0,347
1177,712,0,0
1184,788,0,244
1236,809,0,313
1242,734,0,20
1258,684,0,339
1297,669,0,347
1308,764,0,2
1299,705,0,315
1330,827,0,33
1328,712,0,79
1375,843,0,11
1383,704,1,79
1392,749,0,338
1412,670,0,351
1450,854,0,98
1473,756,0,22
1476,790,0,5
1478,701,0,52
1528,719,0,16
1535,857,1,351
1546,773,0,348
1549,817,0,181
1565,862,0,345
1566,841,1,8
1597,705,1,347
1617,842,1,85
1617,872,1,328
1634,793,0,3
1653,676,0,29
1661,719,0,317
1676,752,1,56
1678,693,1,283
1692,825,0,323
1708,781,0,352
1746,715,0,209
1747,822,0,338
1763,768,0,346
1786,856,0,243
1813,809,0,140
1825,683,0,306
1830,759,1,49
1838,868,0,1
1850,731,0,13
1873,831,0,144
1880,788,1,273
1911,684,1,293
1921,750,0,322
1915,831,1,345
1922,860,1,20
1944,708,0,359
1952,867,0,352
1952,816,0,83
1986,808,0,78
2025,719,0,344
2030,850,0,355
2038,757,0,356
2082,731,0,102
2129,847,0,15
2133,808,0,1
2277,843,0,347
71,1012,0,287
101,968,0,151
142,995,0,18
145,1072,0,126
166,1024,0,253
188,909,0,24
208,1032,0,26
212,936,0,238
233,1066,1,70
238,1006,1,326
243,875,0,23
243,934,0,221
260,991,1,293
278,1069,0,126
289,1038,1,346
309,963,0,68
333,1014,0,233
339,917,1,42
346,1068,0,181
383,881,0,231
391,973,0,132
393,1029,0,302
391,1070,1,44
435,934,0,167
432,999,0,232
452,1039,0,245
461,898,0,138
490,980,0,329
510,876,0,353
524,1043,0,315
561,1013,0,342
576,936,1,65
614,942,0,28
614,1003,0,104
670,967,0,72
676,1038,0,255
724,902,0,269
760,1044,1,331
762,1013,1,31
792,964,0,54
814,921,1,77
813,1043,1,48
836,996,0,60
839,968,1,347
856,911,0,306
891,1029,1,11
892,938,1,75
916,1013,1,52
922,890,0,204
939,1030,1,342
944,938,1,34
956,902,0,59
967,1040,0,222
994,963,0,99
1020,1060,0,2
1040,896,0,224
1057,946,0,45
1062,1021,0,32
1085,1076,0,314
1102,940,1,282
1115,1010,0,154
1126,957,0,218
1129,1077,1,344
1131,988,1,19
1155,999,1,57
1172,1067,0,332
1205,1002,1,16
1207,939,1,51
1364,1028,0,49
1381,1067,1,323
1381,875,0,265
1382,1040,1,44
1423,892,0,321
1460,960,0,22
1468,1057,0,5
1469,1009,0,132
1484,977,1,88
1491,947,0,330
1506,915,0,337
1508,995,1,62
1514,1053,0,300
1539,944,1,303
1549,1038,0,75
1575,967,0,99
1661,971,0,180
1665,886,0,355
1674,1012,0,44
1698,1070,0,294
1717,1002,1,50
1740,972,0,329
1755,1053,0,195
1758,916,0,92
1799,963,0,354
1805,921,0,121
1803,1029,0,96
1828,1078,0,137
1843,1019,0,68
1853,895,1,49
1858,1042,1,54
1884,995,0,119
1883,1074,0,90
1910,932,0,66
1934,1039,0,116
1957,956,1,336
1966,1012,0,344
1972,912,0,243
1994,1061,0,151
2010,922,0,89
2021,983,0,144
2048,959,0,127
2061,910,0,338
2078,1059,0,305
2106,971,0,206
2144,1065,0,6
2124,1037,0,347
2130,919,0,0
2152,990,0,95
2190,985,0,91
2200,875,0,29
2213,1064,0,142
2214,1018,0,54
2241,1049,0,48
2246,898,0,233
2277,999,0,8
2289,917,0,338
2319,1025,0,9
2343,971,0,9
2387,1003,0,33
2452,1009,0,14
2472,879,0,355
123,1160,1,57
152,1143,1,50
175,1091,0,332
180,1221,1,309
191,1195,0,329
203,1266,1,22
207,1237,1,308
226,1285,0,214
235,1254,0,293
233,1190,1,69
241,1117,0,5
230,1094,1,90
259,1175,1,272
267,1211,0,194
274,1284,0,207
287,1243,0,1
287,1129,1,37
321,1134,0,218
359,1227,0,272
367,1141,0,214
372,1190,0,309
418,1149,0,6
406,1275,0,98
418,1206,1,45
427,1178,0,358
438,1122,0,342
454,1218,0,23
474,1086,1,333
487,1275,0,54
496,1132,1,60
522,1147,1,332
552,1156,0,104
576,1099,0,323
574,1208,1,354
628,1182,0,211
630,1280,0,142
627,1117,0,85
671,1108,0,313
680,1212,0,283
689,1154,0,334
705,1256,1,42
716,1102,0,157
733,1147,1,331
753,1163,0,68
759,1242,0,290
789,1181,0,96
786,1240,1,314
815,1196,1,279
832,1157,0,17
833,1232,0,241
889,1262,0,5
885,1163,0,248
890,1090,1,12
892,1121,1,35
916,1228,1,88
922,1195,0,203
945,1146,0,351
943,1121,1,321
964,1223,0,32
996,1122,1,308
1017,1230,1,82
1026,1267,0,341
1034,1241,0,314
1050,1172,0,28
1076,1217,0,16
1100,1124,1,333
1151,1274,1,70
1198,1212,0,113
1265,1084,0,311
1278,1247,0,220
1313,1144,0,339
1311,1192,0,258
1327,1121,1,275
1342,1266,0,129
1387,1209,0,32
1390,1258,0,131
1400,1095,0,244
1415,1168,0,19
1432,1267,0,205
1435,1230,0,15
1434,1192,0,352
1483,1126,1,85
1514,1171,0,143
1534,1143,0,143
1562,1088,0,14
1560,1121,0,171
1561,1207,0,226
1585,1232,0,248
1593,1151,0,287
1617,1236,1,40
1627,1187,0,71
1631,1086,0,245
1655,1197,0,68
1680,1224,0,263
1741,1118,0,279
1756,1241,0,262
1782,1111,0,226
1796,1168,0,45
1825,1129,0,354
1850,1195,1,337
1876,1207,0,148
1871,1144,0,281
1899,1270,0,346
1897,1225,1,76
1909,1143,0,233
1948,1094,0,186
1964,1140,0,98
1995,1216,0,188
2014,1261,0,110
2037,1158,0,4
2039,1104,0,92
2053,1184,0,14
2072,1245,0,47
2088,1109,0,323
2099,1276,0,255
2108,1187,0,283
2135,1150,0,21
2141,1244,0,243
2157,1179,0,20
2202,1261,0,253
2213,1203,0,12
2234,1153,0,41
2255,1097,0,41
2285,1176,0,260
2322,1099,0,6
2319,1235,0,278
2344,1147,0,288
2352,1208,0,15
2401,1152,0,70
2416,1186,0,47
