113,1919,0,353
120,1952,0,13
230,2030,0,210
237,1918,0,73
281,1983,0,340
284,2011,0,333
304,1950,0,347
334,1917,1,5
335,2064,1,49
334,2006,1,342
363,2013,0,349
385,1947,1,306
411,1918,0,83
416,2079,0,20
440,2007,0,202
457,1915,0,147
463,2082,1,26
463,2050,1,67
490,1947,1,15
513,2093,0,21
546,1979,0,194
592,1979,1,302
592,1950,1,352
605,2047,0,58
616,1911,0,79
680,1946,0,25
698,1981,1,294
701,2011,1,342
714,2034,0,198
730,1966,0,241
737,2074,0,51
751,2105,0,218
788,1934,0,237
818,2057,0,48
829,1997,1,339
838,1943,0,237
868,2012,0,154
868,1917,0,315
891,1985,0,42
910,1920,1,348
934,1942,0,328
937,1907,1,62
1017,1954,1,50
1068,1927,0,213
1135,1935,0,240
1307,1920,0,357
1472,2106,0,351
74,2144,0,111
150,2201,0,320
231,2163,0,149
279,2305,1,337
350,2182,0,227
435,2128,0,221
546,2132,0,168
576,2112,0,347
212,2320,0,223
266,2320,0,225
966,2372,0,146
1520,2376,0,167
1666,2468,0,20
1826,2358,0,55
146,186,0,219
383,254,0,63
888,242,0,3
1343,175,0,328
2517,217,0,267
127,369,0,336
157,451,0,342
209,386,0,259
254,395,0,168
261,355,1,52
291,424,0,27
330,343,0,87
339,274,0,96
356,427,0,111
371,347,0,264
382,257,0,73
416,290,0,58
480,362,0,331
474,386,1,60
507,336,0,0
527,383,1,69
556,417,0,287
590,298,0,115
607,461,1,316
652,361,0,190
655,310,0,150
655,419,0,240
703,439,0,257
709,310,1,315
715,280,0,87
748,347,0,345
738,414,1,291
741,385,1,46
770,419,0,291
803,289,0,66
808,406,0,298
845,371,0,325
872,326,0,355
972,443,0,249
1079,385,0,247
1114,415,0,285
1180,456,0,39
1634,448,0,339
106,495,0,171
106,534,1,71
124,544,0,144
217,661,0,159
238,518,0,347
240,548,0,6
254,597,0,230
295,646,0,19
301,490,0,60
299,600,0,98
319,571,1,306
337,550,0,310
373,530,0,337
396,555,1,40
413,502,0,86
418,657,1,352
435,589,0,107
455,651,0,200
470,511,0,10
474,537,1,291
496,617,0,318
516,552,0,140
532,603,0,137
554,463,1,17
564,516,0,355
579,658,1,66
588,594,0,254
641,635,0,60
659,552,1,344
658,522,1,68
684,505,1,73
725,640,0,125
763,521,1,301
764,584,1,280
765,462,1,44
792,478,1,1
797,536,0,277
807,487,0,332
818,462,1,1
820,554,1,274
836,616,0,355
843,508,1,84
859,578,0,8
866,473,0,305
872,553,1,8
899,533,0,330
921,646,1,34
951,510,1,318
975,555,1,340
1001,571,1,359
1011,476,0,285
1026,616,1,281
1045,642,0,358
1052,665,1,348
1077,533,0,217
1107,572,1,8
1105,664,1,90
1212,663,0,114
1230,538,0,354
1251,468,0,348
1263,633,0,293
1272,583,0,17
1314,610,0,346
1320,507,0,18
1321,642,0,173
1377,631,0,8
1442,615,0,26
1491,643,1,8
1572,599,1,312
1577,629,0,27
1605,534,0,3
1626,629,1,43
1631,658,0,41
1655,492,0,88
1705,588,1,56
1731,633,1,355
1770,625,0,136
1810,580,0,130
1884,659,0,29
1919,541,0,357
98,1418,0,28
145,1417,0,241
166,1442,0,239
189,1464,0,15
197,1348,0,332
211,1418,0,106
210,1328,1,15
211,1305,0,272
253,1386,0,261
255,1303,0,263
275,1485,0,140
286,1463,1,305
304,1409,0,170
307,1318,0,340
313,1370,0,134
366,1301,0,15
364,1443,0,109
386,1404,1,316
394,1342,1,318
408,1370,0,187
436,1467,0,20
434,1288,0,89
442,1376,1,85
469,1391,1,45
482,1361,0,154
484,1309,0,312
513,1290,0,171
523,1330,1,340
532,1396,0,220
546,1287,0,9
549,1317,1,84
554,1459,0,76
568,1354,0,188
580,1286,0,200
616,1321,0,344
615,1420,0,246
627,1394,0,87
643,1290,0,31
675,1381,0,85
693,1428,0,22
690,1328,0,229
729,1454,1,14
730,1363,1,347
758,1379,1,299
769,1481,0,28
767,1431,0,215
809,1412,0,28
810,1288,1,322
836,1331,0,311
888,1321,0,248
913,1472,1,351
939,1327,0,357
943,1450,0,359
985,1396,0,128
1003,1304,0,229
1025,1364,0,57
1074,1322,0,148
1070,1385,0,241
1115,1469,0,196
1132,1372,0,310
1212,1333,0,284
1294,1437,0,89
1317,1327,0,92
1326,1421,0,98
1353,1414,1,282
1373,1366,0,188
1370,1341,0,31
1375,1468,0,278
1385,1291,0,43
1422,1465,0,129
1444,1304,0,249
1487,1490,0,355
1487,1301,0,215
1502,1376,0,333
1555,1297,0,8
1557,1434,0,349
1579,1344,0,332
1586,1461,1,5
1641,1371,1,308
1670,1305,0,338
1712,1471,0,183
1824,1427,0,218
1859,1475,0,161
1879,1376,0,212
1880,1436,0,296
1912,1410,0,328
1923,1286,0,39
1931,1473,0,204
1953,1342,0,317
1964,1383,0,354
1981,1454,0,321
1982,1421,0,306
1993,1300,0,205
2027,1450,0,259
2039,1385,0,111
2062,1342,0,334
2081,1374,0,346
2094,1405,0,27
2095,1294,0,303
2096,1439,0,248
2134,1349,0,347
2138,1473,0,323
2141,1294,0,251
2151,1435,0,301
2169,1379,0,1
2173,1316,0,285
2196,1315,0,90
2219,1308,0,75
2240,1360,0,22
2249,1405,0,173
2254,1451,0,225
2262,1322,0,18
2312,1382,0,101
2353,1309,0,352
2356,1442,0,331
2412,1353,0,85
2437,1415,0,11
58,1570,0,156
98,1537,0,268
102,1504,1,355
133,1605,0,107
178,1536,0,89
178,1604,0,87
203,1505,0,329
215,1664,0,341
214,1577,0,78
234,1492,1,294
246,1631,0,287
258,1561,0,268
285,1557,1,302
286,1643,1,70
286,1614,1,335
314,1547,0,156
311,1572,1,298
327,1629,0,49
340,1496,0,92
357,1649,0,187
365,1678,0,359
367,1560,0,52
389,1583,0,37
394,1617,0,207
390,1526,1,55
425,1651,0,309
431,1530,0,12
441,1688,0,28
442,1589,0,70
478,1651,0,325
485,1497,0,356
487,1597,0,60
545,1528,1,351
554,1682,0,78
568,1550,0,21
581,1627,0,14
575,1694,1,60
597,1668,0,293
596,1498,1,350
610,1581,0,203
633,1658,0,211
651,1623,0,333
651,1683,0,10
692,1498,0,289
743,1616,0,327
748,1580,0,335
745,1678,0,166
809,1654,0,5
807,1561,1,342
829,1602,0,277
834,1514,1,67
843,1552,0,147
849,1654,0,3
861,1620,1,286
885,1696,1,314
900,1499,0,143
903,1562,0,280
935,1548,1,356
950,1568,0,31
950,1509,0,22
954,1609,0,299
996,1530,0,39
1007,1598,0,222
1034,1590,0,115
1045,1646,0,352
1042,1518,1,49
1070,1580,0,105
1092,1520,1,67
1094,1668,1,357
1098,1547,1,45
1114,1627,0,358
1120,1506,0,21
1125,1597,0,340
1131,1691,0,190
1149,1552,0,85
1178,1630,0,57
1185,1535,0,267
1200,1671,1,72
1228,1566,0,19
1229,1637,0,17
1236,1513,0,22
1240,1694,0,357
1266,1667,0,161
1301,1613,0,322
1336,1585,0,129
1354,1503,1,316
1359,1688,0,169
1353,1632,1,290
1380,1556,0,339
1395,1589,0,356
1409,1681,0,293
1431,1615,0,222
1437,1556,0,315
1458,1682,0,212
1477,1636,0,287
1493,1532,0,50
1515,1602,0,226
1521,1561,0,37
1584,1565,0,191
1582,1618,0,343
1599,1666,0,355
1658,1541,0,45
1705,1639,0,24
1708,1509,0,198
1713,1570,0,269
1738,1564,0,298
1760,1642,0,226
1778,1524,0,297
1797,1643,0,47
1802,1594,0,20
1794,1556,1,35
1808,1492,0,351
1836,1688,0,11
1860,1569,0,140
1877,1538,0,321
1921,1606,0,207
1945,1563,0,9
1957,1527,0,325
1961,1624,0,41
2020,1658,0,354
2023,1565,0,20
2027,1521,0,21
2067,1628,0,0
2074,1555,0,257
2122,1571,0,20
2157,1600,0,67
2176,1518,0,62
2212,1583,0,355
2266,1516,0,325
2278,1557,0,348
2353,1509,0,354
63,1815,0,0
87,1882,0,118
105,1810,1,299
117,1834,0,299
126,1774,0,83
149,1886,0,355
165,1702,0,328
167,1750,0,47
183,1825,1,299
205,1789,0,316
234,1853,0,319
249,1747,0,14
276,1793,0,331
289,1706,0,204
283,1828,1,35
286,1769,1,90
306,1882,0,27
318,1826,0,248
326,1763,0,1
337,1735,1,68
338,1829,1,69
367,1898,0,231
375,1754,0,304
400,1723,0,141
402,1815,0,346
440,1778,0,148
465,1873,1,81
474,1715,0,16
496,1766,0,329
507,1896,0,313
531,1827,0,95
554,1901,0,325
583,1858,0,78
585,1732,0,73
594,1801,1,44
646,1809,0,149
676,1777,0,358
678,1845,0,210
688,1711,0,8
699,1892,1,317
700,1802,1,31
713,1740,0,13
755,1742,1,44
766,1843,0,180
779,1816,1,351
805,1862,1,325
805,1777,1,317
805,1892,1,52
829,1762,0,349
831,1728,1,329
848,1700,0,103
858,1890,1,17
896,1837,0,162
910,1872,0,5
961,1739,0,191
962,1804,1,293
985,1786,0,122
1021,1897,0,153
1025,1837,0,22
1038,1719,0,51
1045,1874,0,78
1078,1873,0,343
1104,1734,0,218
1110,1845,0,34
1154,1880,0,6
1178,1717,0,191
1178,1802,0,197
1221,1740,0,14
1232,1848,0,357
1292,1822,0,99
1306,1751,0,9
1314,1858,0,359
1326,1790,0,212
1351,1831,1,289
1351,1742,1,301
1375,1789,1,85
1389,1735,0,48
1395,1864,1,28
1396,1806,1,315
1403,1837,0,28
1453,1870,0,359
1484,1706,0,204
1524,1729,0,167
1528,1782,0,222
1561,1874,0,17
1580,1767,0,46
1591,1721,0,146
1627,1768,0,12
1636,1698,0,13
1726,1701,0,81
1735,1830,0,281
1751,1770,0,310
1783,1723,0,13
1813,1756,0,4
1879,1770,0,85
1932,1823,0,353
1986,1701,0,16
2013,1757,0,359
2047,1709,0,26
2090,1820,0,336
2136,1739,0,348
85,670,0,135
96,765,0,200
140,856,0,132
143,804,0,112
183,823,0,352
195,731,0,217
206,871,0,349
206,689,1,317
207,778,0,353
208,750,1,17
233,762,1,281
259,683,0,4
262,821,0,345
258,728,0,273
273,709,0,6
287,792,1,344
301,757,0,12
315,860,0,199
326,669,0,233
343,723,0,0
368,873,0,186
372,768,0,359
374,679,0,19
366,812,1,0
378,834,0,32
428,854,0,19
459,795,0,334
457,747,0,334
492,706,0,196
500,843,0,129
512,672,0,349
513,793,0,334
536,738,0,353
554,858,0,318
614,737,0,49
629,843,1,304
631,755,1,23
648,805,0,187
703,820,0,267
739,677,0,196
760,704,1,56
786,712,0,238
815,737,1,15
827,834,0,2
841,690,1,346
866,717,0,224
866,861,1,314
899,766,0,92
918,814,0,187
918,673,1,25
934,691,0,54
938,776,0,330
973,741,1,312
1024,825,0,297
1026,711,1,48
1051,755,1,11
1103,758,0,92
1117,872,0,115
1140,671,0,335
1142,787,0,271
1153,721,0,358
1160,756,1,324
1202,866,0,155
1199,791,0,262
1240,714,0,244
1253,752,0,24
1279,793,0,336
1299,670,0,1
1315,768,0,342
1317,861,0,200
1345,746,0,122
1354,821,0,326
1382,704,1,88
1394,749,0,336
1418,672,0,1
1436,832,0,51
1461,727,0,274
1482,837,0,2
1490,735,1,292
1498,671,0,56
1531,803,0,185
1534,705,0,6
1554,860,0,140
1567,840,1,314
1578,731,0,212
1598,839,0,95
1597,703,1,0
1621,841,1,0
1628,799,0,105
1655,676,1,17
1663,706,0,221
1663,785,0,288
1670,843,1,278
1676,750,1,274
1702,838,0,13
1704,768,0,75
1713,873,0,336
1722,689,0,98
1760,794,0,200
1783,821,0,199
1799,766,0,127
1825,684,0,311
1829,723,0,349
1835,868,0,339
1838,758,0,342
1858,849,0,148
1864,802,0,192
1880,730,1,77
1906,832,0,8
1908,684,1,328
1916,750,0,198
1924,871,0,52
1964,787,0,55
1979,702,0,358
2001,835,0,41
2036,754,0,359
2039,724,0,351
2045,794,0,347
2151,809,0,2
2164,873,0,7
2278,843,0,351
99,971,0,150
116,900,0,152
118,938,0,339
143,1069,0,118
143,1006,0,71
137,1048,0,279
187,910,0,14
187,1058,0,15
206,947,0,287
235,1007,1,77
233,1066,1,75
233,939,0,85
260,991,1,293
285,1036,1,329
317,897,0,43
314,1021,1,299
327,1068,0,84
338,917,1,46
384,922,0,212
401,1038,0,20
427,972,0,313
464,890,0,176
475,1040,0,22
524,995,1,81
547,901,0,358
577,935,1,20
602,901,0,278
608,959,0,234
612,1065,0,55
626,1005,0,7
666,942,0,117
670,875,0,305
692,1060,0,339
710,935,0,73
740,1027,0,211
760,1045,1,16
799,999,0,332
814,921,1,61
814,892,1,68
840,995,1,87
849,955,0,347
892,937,1,292
891,1030,1,350
900,894,0,8
936,1017,0,2
943,936,1,41
977,1056,0,65
984,933,0,44
988,1000,0,325
1046,1061,1,90
1063,951,0,355
1058,913,0,166
1082,891,0,175
1108,918,0,349
1121,970,0,237
1124,1046,1,315
1154,1028,0,199
1162,989,0,8
1208,1006,1,53
1207,939,1,45
1249,1075,0,6
1275,912,0,327
1278,1011,0,335
1329,1060,0,198
1332,961,0,6
1359,1052,1,326
1370,877,0,205
1381,1036,1,300
1381,1065,1,67
1424,955,0,11
1425,889,0,9
1427,1047,0,35
1432,926,0,168
1430,997,0,219
1469,960,1,54
1481,1037,0,243
1490,947,0,330
1483,977,1,277
1486,916,1,290
1510,992,1,13
1512,1054,0,284
1526,895,0,270
1538,945,1,319
1537,1068,1,327
1597,999,0,305
1604,1047,0,344
1603,948,0,137
1647,890,0,6
1645,949,0,292
1669,1027,0,327
1702,1006,0,28
1745,925,0,249
1760,1009,0,43
1789,1066,0,129
1788,897,0,279
1806,1033,0,68
1811,950,0,78
1813,895,1,287
1839,989,0,47
1853,1042,1,65
1854,898,1,348
1894,957,0,308
1895,1017,0,268
1914,1061,0,163
1917,931,0,327
1950,1013,0,270
1953,1040,1,92
1958,956,1,332
1973,906,0,282
1988,1062,0,119
2011,1026,0,107
2038,945,0,177
2045,880,0,22
2062,1012,0,194
2078,959,0,55
2118,917,0,349
2139,1026,0,115
2226,1032,0,329
2230,891,0,349
2272,957,0,344
2313,912,0,2
2322,1043,0,203
2347,966,0,0
2393,993,0,25
2457,998,0,18
2472,879,0,356
89,1092,0,115
123,1159,1,69
147,1100,0,228
153,1143,1,89
179,1220,1,41
178,1252,1,83
179,1160,1,79
188,1100,1,272
206,1237,0,341
205,1263,1,289
216,1125,0,10
220,1283,0,189
239,1223,0,326
231,1193,1,36
237,1257,0,326
250,1179,0,323
278,1094,0,244
293,1265,0,332
298,1149,0,213
352,1186,0,211
355,1242,0,34
366,1091,0,36
396,1146,0,348
392,1192,1,329
400,1106,0,204
417,1206,1,56
448,1182,0,342
442,1223,1,286
447,1110,0,83
471,1239,1,292
476,1087,1,300
496,1132,1,56
501,1240,0,269
514,1082,0,264
524,1170,0,224
549,1130,1,305
557,1084,0,87
587,1198,0,331
600,1285,1,355
615,1121,0,177
671,1217,0,18
672,1100,0,142
678,1170,0,243
706,1284,0,276
718,1094,0,27
723,1180,0,353
738,1126,0,48
730,1244,1,283
748,1210,0,204
759,1266,0,94
791,1156,0,313
786,1241,1,323
813,1197,1,12
824,1121,0,246
862,1258,1,14
870,1185,0,191
898,1143,0,340
890,1090,1,44
920,1195,0,190
917,1226,1,31
942,1121,1,304
955,1160,0,329
976,1246,0,233
988,1128,0,26
999,1181,0,219
993,1152,1,346
1025,1238,0,273
1046,1155,1,355
1047,1122,1,24
1071,1215,0,320
1079,1094,0,105
1085,1169,0,9
1128,1254,0,37
1173,1081,0,337
1237,1265,0,325
1304,1229,0,157
1313,1108,0,28
1313,1185,0,315
1380,1157,1,293
1397,1098,0,358
1407,1164,0,217
1436,1193,0,339
1451,1243,0,4
1466,1099,0,23
1468,1194,0,90
1481,1149,0,29
1481,1125,1,9
1536,1096,0,5
1537,1185,0,263
1548,1241,0,220
1595,1217,0,9
1589,1251,1,20
1597,1106,0,63
1626,1259,0,332
1656,1125,0,188
1670,1234,1,356
1692,1259,0,348
1729,1173,0,17
1745,1095,0,217
1760,1217,0,342
1787,1135,0,183
1796,1225,1,345
1813,1190,0,297
1846,1125,0,319
1880,1182,0,351
1880,1274,0,56
1907,1120,0,330
1939,1215,0,72
1972,1099,0,135
1980,1218,0,278
1997,1262,0,189
2014,1150,0,32
2019,1214,0,85
2034,1098,0,55
2046,1269,0,102
2065,1092,0,77
2108,1254,0,351
2100,1146,0,79
2108,1084,0,132
2124,1226,0,339
2124,1196,0,339
2120,1163,0,4
2134,1130,0,150
2156,1080,0,335
2177,1137,0,102
2200,1203,0,317
2244,1167,0,89
2286,1242,0,74
2325,1171,0,167
2325,1103,0,0
2329,1221,0,8
2372,1130,0,358
2394,1195,0,41
2446,1270,0,294
2454,1188,0,17
