883,252,0,56
2517,217,0,267
157,451,0,344
173,301,0,83
207,395,0,249
231,381,0,88
260,350,1,357
280,440,0,3
288,384,0,340
341,276,0,177
360,335,0,95
368,382,1,273
391,416,0,272
401,344,0,43
420,446,1,58
448,283,0,351
450,337,1,57
459,417,0,353
474,383,1,70
503,335,1,37
527,383,1,61
553,461,1,31
577,386,0,218
579,332,0,23
606,461,1,289
614,399,0,214
655,357,0,172
663,414,0,205
667,384,0,2
669,384,0,8
674,275,0,34
678,443,0,217
681,316,0,195
754,347,0,344
740,446,1,322
741,383,1,306
753,420,0,287
787,408,0,296
809,297,0,48
816,400,1,60
841,367,0,338
862,417,0,356
1064,458,0,154
1179,454,0,38
1635,448,1,351
1664,430,0,329
96,604,0,176
100,493,0,356
109,536,1,327
126,546,0,133
188,581,0,171
214,649,0,18
238,561,0,309
233,611,1,24
244,523,0,326
270,636,0,287
295,606,0,113
316,568,1,315
327,496,0,36
323,595,0,337
347,538,0,182
342,581,1,60
364,648,0,46
394,492,1,78
396,552,1,13
421,657,1,292
438,484,0,256
464,619,0,310
475,536,1,0
537,594,0,349
554,462,1,53
566,534,0,99
577,628,0,222
630,564,0,353
625,629,0,268
658,523,1,65
687,590,0,43
686,506,1,4
730,621,0,225
764,520,1,88
764,649,0,259
765,584,1,277
790,652,0,102
792,478,1,350
816,554,1,337
842,637,0,339
837,663,1,79
844,509,1,276
843,568,1,8
853,589,0,21
884,484,0,113
932,607,0,356
930,526,0,275
953,510,1,280
975,555,1,345
1001,572,1,40
1027,617,1,300
1049,546,0,69
1052,663,1,304
1077,635,0,279
1107,572,1,8
1134,648,0,126
1160,601,1,349
1162,511,1,15
1171,633,0,289
1230,541,0,357
1251,469,0,343
1265,608,0,322
1279,659,0,18
1320,507,0,14
1354,613,0,1
1406,636,0,220
1468,665,0,164
1481,619,0,67
1573,600,1,276
1586,540,0,338
1605,598,0,266
1625,631,1,301
1645,506,0,9
1648,543,0,352
1653,608,0,357
1702,641,0,349
1705,587,1,65
1757,618,1,278
1782,646,0,354
1810,577,0,44
1857,639,0,339
1916,534,0,10
105,689,0,102
121,804,0,158
156,767,0,116
178,706,0,93
185,823,0,1
206,776,0,4
207,872,0,357
203,749,1,42
209,687,1,7
231,702,1,270
244,750,0,269
258,687,1,331
285,796,1,44
288,735,1,48
301,782,0,310
311,674,0,0
342,751,0,6
342,772,1,35
364,871,1,32
368,811,1,82
382,727,0,341
385,682,0,201
433,743,0,131
440,787,0,9
444,846,0,4
496,746,0,352
498,858,1,337
517,840,0,176
525,781,0,0
524,811,1,0
559,743,0,327
573,832,0,251
580,672,0,207
576,780,1,314
594,865,0,33
599,721,0,350
680,720,0,342
678,836,0,138
681,750,1,22
742,675,0,187
736,782,1,75
746,842,0,53
769,865,0,241
773,740,0,234
816,737,1,81
812,684,0,354
834,832,0,353
841,690,1,314
866,860,1,334
877,761,0,185
921,676,1,274
933,739,0,315
959,689,0,50
975,741,1,303
1002,712,0,3
998,690,1,348
1041,688,0,307
1063,752,0,343
1087,811,0,349
1090,720,0,316
1135,699,0,138
1141,863,0,153
1158,755,1,40
1208,717,0,329
1209,793,0,331
1210,668,0,29
1242,834,0,247
1316,775,0,351
1319,698,0,353
1328,823,0,299
1356,794,0,272
1375,715,0,242
1391,778,0,142
1404,865,0,335
1402,825,0,142
1424,748,0,338
1423,698,0,39
1463,776,0,34
1478,711,0,194
1488,812,0,224
1490,736,1,337
1534,775,0,335
1535,866,0,148
1534,715,0,59
1549,817,0,18
1565,842,1,336
1584,770,0,107
1594,825,1,42
1620,845,0,312
1624,698,0,24
1634,731,0,9
1654,795,0,50
1654,674,1,23
1674,854,0,325
1677,752,1,289
1678,692,1,271
1709,761,0,265
1723,824,0,359
1753,869,0,17
1786,792,0,154
1799,683,0,222
1830,758,1,72
1836,709,0,225
1849,840,0,188
1869,796,0,206
1890,753,0,117
1901,834,0,14
1909,684,1,67
1930,790,1,301
1981,844,0,309
2003,793,0,20
2024,693,0,27
2038,756,0,0
2044,721,0,13
2160,856,0,21
2161,814,0,11
2277,844,0,348
102,1012,0,309
105,881,0,276
114,962,0,349
155,930,0,106
170,1056,0,337
201,914,0,176
200,945,0,289
205,989,0,213
214,1068,0,299
228,1025,0,165
237,938,0,214
271,1031,0,303
272,1074,0,8
290,992,0,73
297,927,0,18
313,892,0,46
314,1021,1,290
338,932,0,233
339,1057,0,256
361,969,0,248
386,918,0,301
393,1014,0,76
421,1072,0,122
425,893,0,216
434,977,0,157
448,1023,0,205
446,919,0,44
482,1060,0,3
482,934,0,46
492,979,0,10
524,1026,0,3
525,996,1,83
545,936,0,304
578,933,1,327
597,982,0,30
598,1077,0,267
600,901,0,283
602,952,1,0
654,886,0,275
661,1044,0,124
681,1024,1,315
681,936,1,6
695,896,0,124
709,923,1,11
719,1022,0,23
784,914,0,75
790,1050,0,343
800,1003,0,335
804,968,0,353
814,921,1,24
839,994,1,272
839,934,1,13
869,936,0,44
891,1029,1,31
927,948,0,209
988,1055,0,131
1073,1046,1,43
1079,963,0,120
1127,922,1,76
1158,936,0,30
1155,1001,1,347
1208,897,0,351
1207,1004,1,71
1208,939,1,327
1264,1041,0,251
1301,877,0,25
1311,954,0,92
1318,1039,0,119
1371,927,0,280
1379,1066,1,8
1381,1037,1,304
1417,1077,0,53
1430,914,1,63
1437,1003,0,17
1459,960,0,14
1478,915,0,17
1483,977,1,45
1489,946,0,324
1500,1046,0,322
1513,993,0,228
1539,945,1,50
1547,1003,0,196
1572,1079,0,189
1565,993,1,74
1582,1032,0,338
1583,981,0,36
1591,926,0,47
1617,874,1,0
1651,1060,0,34
1692,1079,0,198
1700,1008,0,19
1767,936,0,41
1780,997,0,199
1789,1076,0,135
1801,1039,0,349
1806,893,1,333
1814,947,0,208
1847,891,0,25
1845,982,0,75
1872,1020,0,19
1876,924,0,253
1886,975,0,28
1927,1012,0,212
1932,935,0,95
1960,959,1,71
2004,963,0,129
2015,1028,0,350
2050,937,0,99
2059,1074,0,242
2069,1005,0,309
2102,910,0,6
2103,964,0,10
2146,1023,0,359
2207,1046,0,22
2231,1006,0,352
2246,894,0,4
2272,952,0,348
2309,915,0,357
2319,1048,0,12
2346,969,0,13
2388,990,0,31
2447,1004,0,15
2472,879,0,357
77,1139,0,126
122,1161,1,58
154,1085,0,74
159,1126,0,141
179,1258,0,32
179,1161,1,18
178,1218,1,89
190,1098,1,347
206,1177,1,46
227,1283,0,214
239,1222,0,348
241,1149,0,351
233,1188,1,284
235,1253,1,272
252,1196,0,19
290,1196,0,318
287,1131,0,299
299,1252,0,302
323,1134,0,297
336,1218,1,73
366,1245,0,289
384,1108,0,97
396,1221,0,114
392,1282,1,329
419,1206,1,86
435,1115,0,348
438,1246,0,268
453,1173,0,169
472,1239,1,347
475,1088,1,346
496,1132,1,351
546,1097,0,222
550,1131,1,60
571,1234,0,331
577,1201,0,336
575,1175,1,331
600,1284,1,9
613,1154,0,54
646,1228,0,352
688,1130,0,113
696,1228,0,6
713,1199,0,357
732,1272,0,353
733,1145,1,12
757,1164,0,184
759,1134,1,9
778,1237,0,336
783,1116,0,141
789,1194,0,17
811,1284,1,307
827,1226,0,338
857,1136,0,8
868,1180,0,43
878,1283,0,155
890,1090,1,337
916,1228,1,54
926,1180,0,355
942,1121,1,341
970,1242,0,138
987,1124,0,43
991,1185,0,184
1018,1231,1,49
1040,1130,0,209
1042,1253,0,178
1064,1083,0,318
1082,1217,0,12
1130,1164,0,138
1151,1275,1,62
1153,1185,1,11
1230,1186,0,1
1294,1175,0,74
1299,1144,0,254
1332,1099,0,215
1356,1202,0,185
1370,1276,0,121
1377,1213,0,273
1390,1155,0,112
1430,1191,0,343
1457,1261,0,96
1464,1111,0,50
1478,1150,0,237
1508,1269,0,69
1504,1143,0,7
1535,1209,0,167
1539,1107,0,156
1578,1166,0,115
1598,1217,0,4
1617,1239,1,40
1630,1158,0,322
1671,1236,1,344
1709,1254,0,263
1737,1204,0,27
1743,1152,0,10
1793,1129,0,149
1801,1279,0,125
1833,1199,0,245
1846,1133,0,311
1859,1247,0,263
1887,1134,0,91
1940,1259,0,143
1947,1222,0,187
1970,1133,0,72
1999,1192,0,344
2015,1082,0,59
2022,1140,0,71
2062,1203,0,147
2072,1143,0,325
2065,1263,0,64
2105,1130,0,137
2129,1178,0,31
2126,1241,0,211
2149,1112,0,38
2185,1139,0,354
2189,1100,0,140
2198,1241,0,12
2251,1284,0,212
2261,1221,0,58
2280,1133,1,11
2306,1146,0,330
2311,1252,0,228
2325,1092,0,358
2341,1229,1,332
2359,1242,0,324
2367,1132,0,346
2426,1285,0,277
2510,1130,0,218
88,1910,0,267
105,1974,0,355
130,1905,0,133
228,1915,0,28
233,2037,0,210
257,1930,1,45
260,2105,0,123
263,1979,0,310
283,1946,1,274
284,2013,1,277
310,1961,1,38
335,1918,1,10
335,2064,1,69
366,1971,0,68
400,2061,0,11
386,2003,1,18
411,2006,0,56
418,2085,0,5
426,1907,0,103
438,2009,1,45
463,2051,1,56
462,1944,0,278
463,2083,1,34
490,1949,1,281
505,2102,0,241
509,1921,0,293
551,2106,0,327
596,1944,0,7
594,2005,0,44
591,1977,1,66
593,1921,1,340
600,2066,0,120
621,2054,1,0
668,2007,0,92
672,1964,1,46
700,1982,1,301
700,2012,1,318
751,2104,0,184
769,1911,0,157
799,1976,0,267
824,2035,0,346
831,1997,1,21
850,1921,0,17
864,1954,0,206
887,1994,0,21
920,1910,0,81
928,1968,0,8
984,1941,0,4
1017,1984,1,76
1047,1999,0,284
1065,1938,0,130
1184,1953,0,223
1293,1928,0,357
1377,2029,1,311
1405,2021,0,18
1509,1941,0,188
1894,1998,0,131
73,2145,0,113
154,2203,0,320
229,2276,1,282
246,2288,0,327
243,2195,0,259
341,2174,0,173
353,2128,0,98
393,2135,0,64
492,2170,0,0
537,2132,1,358
674,2124,0,77
812,2184,0,303
944,2289,0,297
241,2465,0,345
1110,2396,0,119
1455,2450,0,170
1479,2431,0,193
105,1420,0,17
132,1414,0,191
155,1435,0,187
162,1372,0,124
185,1462,0,10
197,1301,1,38
211,1338,0,350
214,1387,0,287
217,1313,0,289
249,1459,0,324
260,1320,0,63
292,1336,0,243
286,1462,1,90
306,1416,0,342
368,1305,0,185
360,1440,0,68
377,1356,0,249
411,1393,0,86
431,1447,0,6
442,1373,1,333
462,1409,0,295
470,1294,0,211
470,1453,1,24
510,1371,0,57
504,1308,0,232
523,1328,1,8
543,1485,0,181
545,1287,0,9
548,1316,1,80
609,1314,0,13
623,1461,0,123
639,1345,0,229
664,1456,0,354
688,1299,0,209
697,1419,0,132
703,1321,0,48
730,1454,1,273
729,1363,1,350
750,1457,0,0
757,1377,1,326
763,1417,0,300
770,1482,0,26
776,1306,0,14
771,1341,0,208
809,1390,0,38
826,1329,0,205
872,1413,0,48
874,1413,0,41
879,1350,0,13
887,1430,1,49
906,1376,0,181
912,1472,1,355
914,1319,1,358
928,1357,0,77
931,1311,0,47
940,1449,0,2
978,1360,0,216
982,1304,0,322
1065,1292,0,210
1081,1471,0,221
1089,1346,0,313
1118,1460,0,108
1156,1415,0,66
1188,1481,0,331
1200,1449,0,313
1234,1348,0,169
1237,1409,0,208
1263,1442,0,14
1316,1295,0,136
1324,1388,0,271
1343,1473,0,320
1354,1415,1,77
1366,1371,0,84
1381,1453,0,95
1426,1372,0,329
1426,1437,0,309
1431,1325,0,351
1487,1488,0,4
1495,1376,0,342
1516,1438,0,335
1524,1338,0,158
1543,1311,0,168
1586,1461,1,270
1626,1475,0,212
1641,1370,1,275
1669,1377,0,71
1677,1436,0,178
1690,1483,0,286
1714,1408,0,166
1727,1349,0,37
1739,1463,0,229
1760,1375,0,218
1776,1461,0,238
1792,1331,0,131
1811,1470,0,261
1842,1401,0,222
1858,1310,0,55
1865,1451,0,323
1898,1418,0,353
1907,1358,0,5
1917,1305,0,182
1930,1456,0,316
1983,1424,0,315
1984,1459,0,329
1982,1380,0,258
2000,1295,0,195
2035,1351,0,328
2035,1391,0,20
2042,1440,0,275
2085,1412,0,254
2091,1480,0,8
2096,1303,0,111
2099,1370,0,315
2108,1446,0,1
2110,1446,0,359
2147,1386,0,48
2149,1302,0,256
2242,1396,0,223
2257,1343,0,358
2293,1435,0,340
2355,1443,0,331
2358,1312,0,13
2425,1406,0,2
2427,1286,0,271
2454,1446,0,207
97,1667,0,116
98,1516,0,281
107,1589,0,63
145,1521,0,283
166,1593,0,29
180,1537,0,85
213,1664,0,346
212,1502,0,262
230,1602,0,6
233,1579,1,343
236,1493,1,281
253,1554,0,128
287,1643,1,13
311,1689,0,115
314,1548,0,142
311,1571,1,38
317,1601,0,221
348,1505,0,51
364,1659,1,306
389,1525,1,340
422,1671,0,131
462,1501,0,213
467,1670,0,287
476,1564,0,23
545,1529,1,335
555,1591,0,354
576,1529,0,312
597,1498,1,328
641,1532,0,338
664,1619,0,349
726,1553,0,150
728,1605,0,358
745,1642,0,21
764,1534,0,137
788,1588,0,178
809,1560,1,73
834,1515,1,76
864,1539,0,9
859,1620,1,307
884,1696,1,300
936,1547,1,339
944,1606,0,308
959,1653,1,15
997,1644,0,250
1000,1522,0,304
1012,1596,1,76
1038,1696,0,211
1039,1666,1,346
1068,1625,0,328
1089,1510,0,7
1097,1548,1,27
1096,1671,1,309
1122,1598,0,131
1146,1523,0,200
1161,1561,0,359
1170,1684,0,33
1201,1626,0,354
1209,1592,0,349
1223,1535,0,341
1235,1696,0,315
1235,1564,0,178
1292,1500,0,260
1310,1638,0,224
1325,1540,0,207
1340,1590,0,340
1352,1681,1,45
1388,1629,0,31
1398,1571,0,67
1401,1515,0,227
1422,1651,0,232
1435,1579,0,274
1467,1521,0,180
1483,1596,0,321
1511,1548,0,0
1546,1493,0,224
1549,1653,0,199
1561,1590,0,338
1600,1678,0,70
1627,1513,0,209
1637,1626,0,143
1664,1676,0,166
1694,1610,0,30
1702,1641,0,10
1714,1570,0,250
1732,1527,0,330
1739,1509,0,5
1759,1602,0,223
1781,1624,0,39
1801,1642,0,226
1809,1586,0,154
1820,1544,0,112
1822,1666,0,243
1859,1544,0,286
1859,1628,0,277
1898,1663,0,306
1898,1592,0,79
1903,1500,0,311
1949,1525,0,228
1960,1588,0,248
2012,1641,0,296
2062,1571,0,38
2061,1639,0,301
2087,1527,0,135
2100,1672,0,36
2150,1547,0,283
2212,1582,0,355
2265,1549,0,353
2342,1521,0,13
2359,1572,0,351
78,1814,0,20
115,1848,0,125
116,1746,0,99
159,1754,0,237
159,1881,0,86
163,1698,0,319
183,1825,1,272
225,1769,0,359
231,1813,0,329
229,1855,0,299
232,1709,0,240
273,1797,0,357
259,1870,1,0
283,1767,1,67
292,1892,0,334
284,1826,1,75
290,1711,0,299
306,1862,0,325
336,1829,1,289
355,1737,0,57
358,1878,0,266
379,1755,0,239
392,1894,0,94
416,1705,0,359
434,1856,0,120
444,1737,0,352
466,1876,1,63
471,1833,0,301
490,1889,1,283
511,1763,0,354
537,1710,0,56
541,1859,1,23
565,1870,0,337
572,1698,1,283
594,1802,1,30
614,1714,0,55
641,1770,0,351
647,1895,0,35
687,1710,0,9
699,1801,1,34
699,1893,1,13
714,1850,0,342
730,1728,0,45
755,1741,1,31
766,1785,0,45
779,1817,1,6
798,1883,0,134
806,1859,1,306
809,1773,1,303
832,1727,1,334
863,1771,0,239
871,1861,0,47
936,1726,1,350
938,1846,1,75
963,1804,1,291
975,1750,0,294
987,1897,0,173
1034,1795,0,297
1045,1849,0,2
1053,1889,0,322
1060,1752,0,347
1096,1703,0,219
1110,1849,0,17
1122,1808,0,8
1132,1733,0,0
1182,1876,0,63
1196,1755,0,45
1222,1847,0,99
1254,1862,0,13
1257,1770,0,194
1268,1834,0,233
1285,1800,0,229
1292,1722,0,110
1329,1864,0,353
1327,1705,0,97
1332,1788,0,271
1351,1830,1,284
1351,1743,1,63
1373,1788,1,309
1376,1709,0,87
1395,1862,1,11
1395,1805,1,293
1413,1772,0,284
1443,1701,0,6
1470,1874,0,232
1480,1775,0,254
1490,1708,0,230
1497,1834,0,328
1531,1768,0,277
1562,1873,0,21
1596,1765,0,7
1644,1709,0,337
1669,1770,0,19
1877,1707,0,185
1926,1828,0,354
1988,1698,0,3
2014,1758,0,2
2091,1821,0,343
2138,1733,0,337
818,461,1,11
2315,1379,0,101
