273,245,0,29
877,240,0,346
2517,217,0,267
157,451,0,339
210,391,0,248
233,358,0,347
259,256,1,273
280,439,0,1
297,372,0,72
340,303,0,200
341,276,0,178
350,418,0,108
369,332,0,80
369,384,1,287
366,352,1,305
395,394,0,269
448,335,0,59
473,383,1,56
482,449,0,304
494,296,0,34
503,333,0,17
508,398,0,187
528,378,1,353
580,321,0,59
605,401,0,228
606,461,1,291
656,356,0,197
664,301,0,135
677,408,0,234
687,446,1,44
686,352,1,80
742,282,0,54
755,347,0,344
739,364,1,9
751,420,0,272
792,410,0,295
799,296,0,51
842,393,0,345
862,426,0,352
870,350,0,359
978,372,1,288
992,354,0,46
1178,455,0,38
1586,415,0,125
1631,448,0,336
99,491,0,1
93,553,0,296
122,543,0,155
206,601,0,86
215,650,0,14
248,549,0,183
234,612,1,29
241,519,0,344
266,581,0,24
289,502,0,86
302,617,0,132
316,568,1,308
320,594,0,341
343,582,1,79
350,468,0,169
342,552,1,58
348,647,0,68
395,490,1,348
394,553,1,293
407,528,0,324
416,607,0,44
421,657,1,286
474,477,1,85
474,621,0,128
489,536,0,248
495,638,0,281
538,588,0,38
555,462,1,43
565,643,0,18
581,538,0,337
624,528,0,124
659,552,1,353
689,661,0,214
685,506,1,15
713,549,0,0
764,521,1,275
764,583,1,57
765,463,1,90
782,632,0,98
788,663,1,340
792,478,1,2
816,555,1,5
818,462,1,326
844,508,1,84
844,570,1,356
860,611,0,35
872,462,1,271
899,627,0,216
907,468,0,35
921,646,1,357
932,573,0,303
949,508,1,6
974,665,0,35
976,556,1,18
982,523,0,199
1001,571,1,0
1026,617,1,301
1053,663,1,326
1072,629,0,147
1107,572,1,18
1162,626,0,268
1162,511,1,12
1202,664,0,15
1230,539,0,354
1251,468,0,345
1259,614,0,2
1280,655,0,358
1304,577,0,96
1319,508,0,16
1357,619,0,348
1409,590,0,86
1427,661,0,329
1454,622,0,317
1462,562,0,343
1537,663,0,90
1573,600,1,302
1605,533,0,9
1615,640,0,304
1647,602,0,347
1666,496,0,35
1711,634,0,330
1705,587,1,71
1758,619,1,270
1775,638,0,220
1815,576,0,28
1841,658,0,286
1920,537,0,9
1943,471,0,300
55,1943,0,286
101,1985,0,9
123,1929,0,293
231,2031,0,210
229,1927,0,85
258,1929,1,80
294,1999,0,140
306,1932,0,10
311,2051,0,215
327,1988,0,305
335,2066,1,39
365,1983,0,153
364,2039,0,58
385,1947,1,314
396,1913,0,116
406,2062,0,11
416,2085,0,3
438,1919,1,18
439,2006,0,199
463,2050,1,49
463,2083,1,22
487,1948,1,59
502,1971,0,256
551,2105,0,344
592,1979,1,309
594,1921,1,87
603,2059,0,6
619,2095,0,341
671,1963,1,64
699,1982,1,307
700,2012,1,317
752,2104,0,182
776,2004,0,81
832,2034,0,353
827,1999,1,320
838,1979,0,135
861,1946,0,175
862,1911,0,354
893,1992,0,21
909,1952,0,47
949,1961,0,38
964,2008,0,125
988,2025,1,289
1000,1920,0,4
1294,1929,0,340
1350,1965,0,0
1379,2036,0,70
1481,1945,0,274
2402,1947,0,174
2430,1949,1,339
73,2144,0,112
150,2201,0,321
231,2194,0,336
233,2302,0,202
254,2293,1,308
263,2131,0,294
347,2171,0,172
418,2112,0,351
439,2210,0,57
539,2164,0,0
540,2133,0,174
913,2143,0,196
954,2443,0,312
99,1422,0,22
160,1437,0,183
161,1381,0,328
182,1464,0,12
205,1344,0,340
215,1483,0,243
213,1303,0,268
229,1289,1,85
232,1402,1,62
259,1455,0,285
287,1321,0,102
300,1410,0,340
317,1370,0,200
327,1307,0,268
337,1440,0,191
376,1406,0,298
389,1342,0,6
403,1373,0,167
415,1416,0,107
422,1480,0,207
436,1388,0,316
452,1288,0,267
469,1451,1,81
500,1372,0,61
504,1307,0,222
518,1467,0,256
522,1329,1,336
520,1421,1,74
545,1287,0,7
544,1368,0,236
548,1316,1,279
571,1425,0,224
584,1373,0,237
605,1454,0,15
608,1317,0,359
629,1365,0,230
640,1407,0,40
669,1466,0,49
701,1394,0,240
703,1289,0,283
730,1454,1,51
758,1378,1,338
770,1482,0,26
778,1419,0,294
810,1289,1,59
819,1388,0,63
837,1330,0,302
876,1289,0,6
895,1398,0,77
911,1472,1,355
914,1318,1,355
920,1424,0,350
939,1450,0,1
941,1331,0,25
977,1368,0,5
1010,1440,0,310
1047,1364,0,77
1059,1413,0,357
1073,1465,0,180
1191,1292,0,108
1195,1362,0,214
1210,1437,0,58
1254,1435,0,237
1257,1302,0,128
1272,1462,0,30
1293,1375,0,90
1312,1390,0,32
1324,1334,0,260
1329,1440,0,68
1354,1413,1,60
1351,1353,1,324
1372,1460,0,47
1378,1385,0,292
1401,1357,0,303
1420,1471,0,355
1421,1291,0,301
1440,1407,0,273
1473,1364,0,342
1487,1487,0,7
1557,1455,0,351
1630,1299,0,129
1637,1379,0,267
1670,1358,0,84
1706,1383,0,188
1720,1467,0,337
1723,1344,0,348
1791,1287,0,148
1789,1423,0,264
1831,1399,0,173
1856,1290,0,232
1857,1446,0,245
1871,1343,0,86
1917,1297,0,355
1917,1389,0,290
1948,1468,0,149
1959,1401,0,104
1980,1458,0,332
1984,1423,0,319
2013,1356,0,301
2041,1481,0,64
2062,1406,0,330
2061,1438,0,128
2087,1374,0,352
2085,1309,0,314
2117,1383,0,104
2123,1487,0,333
2131,1436,0,138
2141,1335,0,91
2171,1393,0,190
2178,1349,0,306
2209,1306,0,12
2247,1338,0,16
2267,1377,0,233
2298,1439,0,345
2314,1382,0,107
2338,1333,0,149
2356,1441,0,326
2368,1291,0,350
2437,1416,0,307
90,1657,0,85
96,1515,0,276
124,1573,0,260
176,1641,0,342
177,1536,0,84
198,1564,0,43
214,1616,0,154
218,1666,0,166
234,1582,1,90
235,1495,1,88
252,1539,0,331
287,1642,1,51
286,1614,1,80
313,1548,0,153
311,1572,1,279
319,1511,0,129
326,1633,0,77
366,1563,0,34
373,1604,0,0
389,1526,1,50
397,1658,0,353
414,1631,1,64
422,1557,0,57
447,1621,0,12
465,1681,0,301
486,1570,0,24
547,1580,0,14
544,1528,1,321
567,1521,0,286
594,1499,1,334
630,1510,0,311
627,1644,0,90
652,1647,1,71
702,1620,0,318
705,1513,0,344
708,1585,0,41
754,1566,0,135
798,1615,0,48
798,1655,0,45
808,1560,1,319
834,1515,1,55
863,1542,0,14
859,1620,1,60
882,1696,1,277
936,1548,1,333
960,1653,1,27
1010,1623,0,17
1015,1673,0,227
1013,1596,1,79
1042,1548,0,181
1043,1518,1,48
1075,1657,0,238
1093,1548,0,12
1094,1604,0,11
1097,1670,1,51
1109,1506,0,17
1114,1678,0,329
1151,1576,0,101
1168,1516,0,19
1183,1659,0,355
1202,1559,0,357
1207,1631,0,352
1208,1683,0,46
1229,1600,0,339
1238,1521,0,93
1257,1568,0,16
1255,1688,0,266
1267,1644,0,258
1304,1509,0,77
1310,1599,0,245
1323,1634,0,214
1330,1660,0,13
1358,1583,0,314
1354,1504,1,310
1366,1683,0,350
1371,1549,0,323
1397,1631,0,4
1420,1546,0,301
1465,1686,0,66
1481,1619,0,169
1497,1584,0,314
1515,1512,0,32
1529,1695,0,352
1579,1599,0,285
1611,1533,0,193
1635,1627,0,308
1672,1692,0,218
1687,1535,0,12
1703,1641,0,10
1709,1510,0,345
1713,1572,0,285
1744,1554,0,314
1740,1616,0,308
1770,1506,0,340
1777,1540,0,169
1784,1586,0,47
1803,1662,0,161
1809,1637,0,44
1814,1497,0,280
1819,1606,0,12
1846,1553,0,330
1893,1521,0,156
1897,1622,0,349
1942,1672,0,7
1946,1516,0,298
1983,1597,0,108
2009,1518,0,308
2028,1665,0,309
2073,1637,0,332
2076,1579,0,34
2132,1544,0,298
2141,1623,0,346
2198,1543,0,168
2212,1582,0,353
2272,1557,0,355
2337,1522,0,358
2358,1633,0,189
2372,1579,0,337
66,1888,0,137
72,1810,0,34
103,1834,0,204
114,1712,0,189
167,1893,0,297
180,1768,0,284
183,1825,1,88
229,1871,0,349
232,1766,1,33
249,1740,0,294
249,1824,0,93
282,1831,1,342
298,1872,0,328
307,1726,0,320
303,1816,0,309
313,1771,0,340
310,1903,1,31
347,1704,0,66
358,1897,0,93
373,1809,0,252
390,1708,1,324
416,1730,0,323
433,1858,0,182
439,1889,0,136
488,1896,0,359
521,1862,0,118
546,1772,0,21
548,1706,0,70
543,1857,1,351
574,1870,0,297
594,1801,1,37
621,1837,0,76
679,1789,0,352
689,1709,0,9
699,1892,1,4
705,1740,0,66
738,1836,0,326
754,1741,1,319
779,1817,1,331
790,1731,0,110
802,1862,1,23
808,1775,1,319
828,1871,0,231
832,1727,1,349
896,1878,0,9
909,1714,0,94
937,1818,0,88
938,1727,1,81
951,1887,0,80
988,1790,0,47
1001,1858,0,147
1025,1833,0,307
1055,1885,0,331
1060,1749,0,259
1081,1816,0,347
1111,1848,0,28
1114,1701,0,188
1128,1770,0,345
1160,1731,0,196
1167,1899,0,167
1170,1804,0,354
1171,1846,0,305
1212,1758,0,276
1247,1861,0,10
1243,1819,0,287
1267,1729,0,193
1264,1773,0,45
1291,1815,0,103
1308,1847,0,52
1322,1708,0,109
1334,1789,0,289
1352,1830,1,299
1366,1751,0,303
1372,1861,0,356
1373,1789,1,281
1394,1805,1,281
1418,1812,0,273
1454,1818,0,109
1464,1885,0,7
1476,1730,0,238
1493,1817,0,291
1529,1787,0,304
1539,1744,0,130
1561,1873,0,20
1602,1764,0,11
1665,1814,0,301
1715,1721,0,357
1767,1734,0,110
1794,1791,0,260
1813,1699,0,6
1837,1793,0,161
1920,1824,0,347
1986,1702,0,6
2014,1759,0,2
2091,1820,0,343
2138,1735,0,339
54,672,0,0
51,698,0,176
107,788,0,152
137,866,0,60
172,770,0,76
182,823,0,359
206,871,0,0
205,687,1,288
204,749,1,62
209,776,0,347
232,702,1,88
230,760,1,329
256,757,0,255
259,688,1,302
285,795,1,71
296,678,0,256
311,815,0,276
330,752,0,21
365,872,1,18
368,811,1,90
367,780,1,58
374,699,0,93
385,746,0,4
404,859,0,125
422,872,1,26
437,704,0,328
439,794,0,345
474,752,1,90
479,826,0,232
498,856,1,298
519,754,0,332
528,831,0,70
558,846,0,240
562,739,0,324
569,701,0,128
577,872,1,337
575,811,1,0
610,757,0,280
614,859,0,104
646,728,0,119
646,792,0,105
681,812,1,289
687,759,0,89
690,845,0,288
740,678,0,2
746,764,0,315
751,823,0,206
762,726,0,5
815,737,1,284
827,834,0,5
841,690,1,329
865,861,1,304
922,675,1,340
923,839,0,72
941,708,0,340
974,742,1,324
1024,792,0,201
1023,710,1,80
1049,757,1,332
1050,824,0,68
1061,693,0,353
1058,735,0,320
1111,778,0,80
1138,823,0,193
1140,859,0,357
1165,773,0,277
1213,716,0,333
1223,814,0,41
1303,790,0,28
1300,743,0,88
1319,698,0,357
1363,753,0,223
1383,851,0,183
1386,708,0,330
1386,809,0,330
1393,675,0,139
1412,780,0,142
1428,738,0,275
1474,809,0,304
1493,856,0,349
1495,736,0,188
1501,686,0,102
1519,776,0,336
1540,842,0,106
1548,732,0,249
1567,842,1,297
1591,853,0,59
1616,697,0,9
1631,727,0,10
1653,775,0,56
1653,674,1,6
1661,847,0,298
1678,692,1,271
1688,804,0,276
1740,778,0,95
1746,837,0,332
1792,683,0,207
1790,782,0,101
1821,730,0,270
1840,858,0,94
1880,788,1,75
1893,737,0,90
1910,860,0,150
1910,831,0,349
1908,684,1,74
1930,790,1,340
1987,795,0,25
1993,845,0,356
2007,699,0,7
2037,754,0,357
2042,721,0,8
2163,806,0,358
2277,844,0,349
140,1011,0,30
141,1069,0,122
171,1059,0,323
195,913,0,180
205,946,0,287
235,937,0,63
250,1033,0,327
253,1064,0,349
260,991,1,288
278,928,0,137
273,1006,0,314
289,1040,1,90
315,989,0,8
316,894,0,41
342,1032,0,341
374,926,0,8
376,1068,0,197
398,996,0,32
394,1038,1,342
420,874,1,52
441,963,0,105
465,1019,0,299
495,949,0,331
499,902,0,344
521,1019,0,305
553,954,0,285
578,933,1,350
599,992,0,66
601,901,0,277
624,1054,0,15
651,958,0,55
661,882,0,290
679,989,0,201
754,1013,0,327
759,918,0,263
760,1045,1,54
800,1000,0,325
814,921,1,47
814,892,1,48
840,996,1,81
846,932,0,25
891,938,1,279
891,1029,1,354
891,907,1,275
943,938,1,5
959,891,0,346
961,992,0,190
1011,1073,0,98
1055,878,0,313
1074,1046,1,316
1086,1068,0,19
1101,970,1,31
1128,922,1,296
1155,1001,1,0
1207,901,0,340
1207,1004,1,64
1208,940,1,344
1235,1060,0,301
1281,1043,0,104
1300,894,0,36
1298,988,0,302
1316,952,0,105
1342,1045,0,9
1380,955,0,291
1386,881,0,3
1380,1067,1,40
1382,1035,1,289
1430,915,1,28
1458,961,0,20
1485,883,0,347
1483,977,1,66
1485,916,1,275
1491,949,0,330
1504,1047,0,142
1507,995,1,85
1531,981,0,116
1538,925,0,339
1571,1079,0,190
1583,1031,0,336
1587,967,0,71
1636,993,0,56
1643,885,0,286
1652,1060,0,31
1697,884,0,267
1701,1008,0,20
1752,875,0,356
1771,936,0,104
1793,1066,0,130
1806,893,1,334
1818,958,0,53
1847,998,0,194
1853,1042,1,67
1854,895,1,48
1900,921,0,73
1905,1072,0,355
1906,1018,0,73
1954,956,1,74
1968,1022,0,27
1980,912,0,97
2025,981,0,112
2044,912,0,138
2073,1053,0,94
2078,956,0,43
2113,915,0,8
2155,1025,0,14
2160,882,0,13
2201,1050,0,24
2232,1011,0,350
2247,896,0,1
2270,952,0,345
2309,914,0,357
2318,1042,0,4
2346,969,0,13
2388,991,0,37
2459,998,0,351
2471,879,0,355
86,1126,0,127
119,1102,0,106
123,1161,1,41
155,1109,0,257
179,1160,1,307
179,1217,1,87
180,1252,1,290
190,1097,1,41
204,1142,0,334
207,1237,1,324
211,1177,0,331
217,1264,0,8
228,1118,0,345
240,1222,0,348
241,1087,0,147
266,1265,0,247
272,1181,0,281
289,1103,0,331
308,1080,0,340
304,1180,0,94
319,1136,0,300
337,1248,0,342
346,1202,0,242
352,1118,0,297
393,1112,0,81
401,1236,0,350
392,1192,1,302
400,1281,0,227
405,1164,0,9
418,1207,1,65
434,1119,0,349
442,1223,1,348
451,1285,0,269
471,1239,1,296
473,1086,1,335
496,1131,1,22
509,1227,0,240
547,1130,1,322
561,1171,0,260
576,1210,1,4
597,1103,0,50
601,1285,1,0
611,1211,0,129
662,1162,0,20
662,1134,0,173
665,1191,0,205
681,1114,0,151
693,1214,0,175
713,1176,0,14
735,1147,1,7
733,1243,1,90
758,1116,0,344
765,1223,0,30
805,1231,0,213
816,1146,0,26
812,1195,1,346
837,1261,0,187
867,1176,0,72
890,1091,1,52
904,1133,0,332
909,1189,0,227
913,1243,0,2
942,1121,1,289
954,1201,0,46
994,1267,0,199
996,1122,1,313
1003,1202,0,125
1054,1091,0,294
1077,1147,0,339
1070,1260,1,335
1086,1221,0,341
1122,1089,0,52
1165,1155,0,200
1228,1152,0,105
1311,1239,0,229
1377,1205,0,55
1374,1277,0,96
1412,1144,0,132
1419,1236,0,6
1432,1191,0,335
1435,1098,0,135
1473,1280,0,209
1480,1219,0,98
1483,1126,1,305
1525,1154,0,20
1521,1270,0,241
1534,1218,1,330
1562,1199,0,82
1596,1219,0,6
1617,1238,1,42
1633,1176,0,11
1658,1231,0,278
1686,1281,0,274
1701,1232,0,106
1720,1191,0,177
1731,1254,0,256
1780,1235,0,132
1800,1119,0,123
1801,1178,0,120
1850,1129,0,321
1853,1228,0,252
1912,1192,0,290
1954,1125,0,270
1966,1161,0,196
1970,1211,0,172
1983,1088,0,59
1998,1284,0,183
2042,1194,0,95
2057,1124,0,56
2093,1244,0,295
2102,1157,0,65
2120,1201,0,350
2117,1086,0,48
2133,1113,0,14
2137,1149,0,235
2135,1232,0,74
2178,1274,0,7
2184,1139,0,55
2211,1181,0,205
2281,1117,0,111
2290,1181,0,346
2290,1269,0,135
2306,1233,0,139
2328,1084,0,3
2364,1143,0,350
2438,1226,0,145
2445,1162,0,100
2479,1201,0,253
2509,1184,0,356
667,624,0,356
262,1903,1,6
2109,985,0,329
