258,212,0,128
879,241,0,0
2517,217,0,269
156,451,0,339
209,390,0,256
230,358,0,282
258,351,1,5
279,440,0,4
284,377,0,100
306,310,0,134
336,368,0,27
340,277,1,2
346,458,0,96
369,383,1,354
378,306,0,55
382,417,0,333
446,334,0,73
464,456,0,1
473,379,1,48
497,399,0,181
505,337,0,353
528,381,1,37
545,279,0,24
567,309,0,63
596,418,0,356
606,461,1,288
651,359,0,242
661,295,0,173
676,411,0,229
688,445,1,78
708,338,1,338
752,347,0,342
751,282,0,92
763,423,0,271
801,417,0,291
807,296,0,66
836,389,0,332
863,427,0,353
879,357,0,4
912,461,0,48
991,414,0,256
1178,455,0,38
1478,346,0,115
1632,447,0,341
99,492,0,1
108,537,1,63
119,634,0,289
131,547,0,161
197,573,0,9
219,662,0,331
238,518,0,343
233,611,1,47
246,548,0,179
288,489,0,61
301,614,0,131
314,568,1,289
321,594,0,338
332,517,0,19
342,581,1,76
344,613,1,90
355,549,0,355
383,607,0,90
395,492,1,287
418,537,0,318
421,657,1,299
447,608,0,210
475,534,1,0
487,565,0,160
495,637,0,320
539,625,0,101
554,462,1,69
572,519,0,187
573,556,0,340
579,657,1,40
598,631,0,344
659,552,1,337
670,619,0,14
685,506,1,27
764,520,1,278
764,583,1,87
792,477,1,352
798,585,0,46
808,488,0,226
819,463,1,18
836,532,0,354
839,616,0,355
844,570,1,334
856,496,0,350
872,462,1,85
893,640,0,5
933,586,0,293
950,509,1,316
974,667,0,329
975,555,1,335
1001,571,1,2
1043,633,0,156
1054,664,1,345
1106,572,1,356
1134,657,0,338
1163,623,0,273
1162,511,1,19
1230,540,0,353
1251,468,0,342
1259,508,0,318
1278,595,0,14
1280,654,0,357
1319,509,0,11
1357,667,0,143
1374,624,0,9
1373,467,0,131
1430,666,0,10
1441,611,0,22
1520,611,0,28
1573,599,1,299
1605,536,0,357
1619,635,0,315
1645,610,0,341
1662,508,0,67
1686,553,0,14
1705,588,1,90
1725,637,0,326
1757,619,1,277
1813,575,0,55
1921,531,0,11
1959,568,0,199
51,1928,0,285
104,1977,0,34
119,1912,0,248
161,1907,0,240
232,2034,0,209
235,1925,0,79
259,1981,0,352
259,1931,1,81
281,2009,1,316
281,2036,1,298
309,1941,0,15
311,1907,0,6
310,2016,0,274
310,1965,1,14
332,2063,1,31
348,1999,0,127
350,2079,0,66
385,1908,0,78
386,1948,1,34
409,2065,0,36
406,1986,0,77
409,1932,1,50
443,2006,0,195
437,1919,1,19
451,1927,0,337
480,2081,0,75
489,2009,1,295
502,1919,0,25
500,1980,0,279
550,2098,0,11
592,1979,1,314
594,1921,1,77
604,2059,0,9
616,2097,0,20
671,1963,1,45
699,1982,1,302
700,2012,1,350
752,2103,0,187
787,1919,0,62
815,1966,0,157
828,2034,0,341
830,1996,1,21
862,1944,0,185
868,1914,0,358
891,1988,0,33
913,1954,0,19
936,1907,1,55
955,1975,0,243
1017,1931,0,291
1088,1920,0,217
1306,1932,0,4
1383,1936,0,357
1424,2002,0,232
1719,1908,0,299
73,2144,0,112
150,2200,0,321
231,2185,0,223
232,2302,0,195
292,2175,0,289
346,2168,0,165
429,2116,0,351
544,2130,0,174
595,2161,0,354
833,2176,0,94
2281,2307,0,164
1089,2469,0,28
100,1422,0,18
147,1378,0,15
151,1441,0,235
173,1316,0,19
184,1462,0,10
205,1346,0,344
214,1304,0,266
231,1286,1,58
231,1403,1,351
247,1424,0,47
255,1376,0,197
254,1320,0,267
267,1459,0,198
298,1312,0,59
303,1412,0,339
338,1398,0,316
341,1331,0,208
357,1464,0,336
383,1349,0,13
397,1308,0,31
406,1447,0,98
422,1297,0,201
421,1404,0,291
442,1376,1,310
460,1428,0,73
466,1316,0,237
486,1460,0,259
509,1378,0,60
521,1330,1,15
525,1445,0,278
545,1287,0,9
549,1317,1,72
555,1384,0,251
600,1286,1,311
606,1320,0,346
621,1381,0,265
642,1456,0,59
655,1309,0,105
667,1361,0,348
686,1459,0,323
701,1388,0,244
702,1293,0,258
712,1468,0,180
729,1443,0,100
757,1379,1,330
770,1481,0,28
774,1426,0,27
778,1453,1,5
810,1288,1,272
819,1449,0,326
823,1389,0,42
837,1330,0,287
862,1321,1,90
883,1291,0,2
882,1457,0,23
904,1386,0,105
912,1471,1,348
915,1318,1,347
941,1449,0,0
943,1332,0,20
985,1372,0,178
1018,1379,1,337
1075,1466,0,179
1084,1431,0,199
1146,1445,0,330
1182,1378,0,334
1201,1454,0,67
1242,1440,0,234
1268,1314,0,248
1272,1454,0,43
1294,1406,0,95
1312,1321,0,49
1330,1444,0,274
1339,1406,0,36
1372,1474,0,11
1401,1359,0,307
1423,1430,0,327
1452,1303,0,204
1457,1359,0,327
1489,1487,0,3
1537,1381,0,357
1577,1444,0,326
1580,1484,0,143
1607,1482,0,43
1641,1371,1,303
1657,1476,0,71
1702,1375,0,216
1715,1329,0,343
1717,1462,0,158
1724,1292,0,131
1735,1380,0,42
1776,1301,0,107
1793,1484,0,338
1791,1372,0,112
1827,1427,0,177
1833,1327,0,17
1887,1458,0,359
1893,1295,0,112
1892,1394,0,108
1909,1348,0,177
1926,1293,0,126
1976,1426,0,281
1975,1463,0,353
1989,1318,0,196
1989,1347,0,61
1999,1397,0,281
2023,1448,1,84
2052,1419,0,58
2056,1490,0,122
2081,1310,0,287
2096,1358,0,355
2104,1478,0,335
2122,1415,0,11
2144,1383,0,191
2144,1442,0,39
2152,1300,0,58
2178,1464,0,60
2185,1340,0,21
2215,1392,0,113
2240,1386,0,300
2250,1339,0,12
2284,1286,0,3
2302,1443,0,337
2302,1332,0,283
2317,1384,0,97
2331,1425,1,11
2356,1442,0,328
2368,1297,0,3
2436,1416,0,358
87,1645,0,115
98,1515,0,274
141,1587,0,178
151,1652,0,180
178,1538,0,83
215,1663,0,338
217,1613,0,30
218,1565,0,25
232,1492,1,12
249,1512,0,226
288,1598,0,350
287,1642,1,72
300,1498,0,245
310,1574,1,316
318,1550,0,159
332,1680,0,65
350,1627,0,25
352,1514,0,11
366,1660,1,312
387,1528,1,13
416,1648,0,306
423,1590,0,308
429,1506,0,218
455,1538,0,5
466,1693,0,272
483,1629,0,323
510,1591,0,327
533,1511,0,348
569,1566,0,208
570,1695,1,26
597,1498,1,301
623,1633,0,140
649,1529,0,300
673,1665,1,25
676,1604,1,86
688,1492,0,163
707,1633,0,267
736,1575,0,14
753,1534,0,147
782,1546,1,80
808,1560,1,274
808,1532,1,25
833,1512,1,37
856,1532,0,4
859,1620,1,60
877,1493,0,349
884,1697,1,23
918,1676,0,79
936,1548,1,336
950,1509,0,7
960,1653,1,192
971,1695,0,214
1011,1564,0,205
1017,1625,0,34
1014,1597,1,70
1033,1503,0,311
1039,1668,1,345
1051,1696,0,343
1099,1618,0,18
1095,1669,1,330
1098,1547,1,46
1111,1507,0,16
1148,1549,1,46
1155,1655,0,344
1178,1535,0,31
1206,1631,0,7
1204,1691,0,105
1210,1578,0,17
1253,1596,0,357
1249,1524,0,107
1297,1504,0,333
1303,1633,0,224
1350,1662,0,341
1344,1557,0,92
1354,1504,1,32
1370,1513,0,325
1369,1617,0,231
1386,1560,0,237
1423,1510,0,7
1434,1575,0,273
1471,1682,0,103
1478,1558,0,319
1497,1527,0,350
1534,1593,0,310
1546,1572,0,15
1560,1527,0,204
1602,1549,0,24
1603,1623,0,257
1680,1506,0,231
1697,1643,0,12
1710,1569,0,315
1726,1529,0,339
1744,1494,0,353
1741,1630,0,291
1752,1565,0,347
1770,1614,0,106
1782,1679,0,46
1797,1523,0,17
1805,1641,0,52
1816,1550,0,7
1867,1594,0,328
1878,1511,0,102
1901,1577,0,317
1932,1520,0,286
1957,1654,0,237
1986,1601,0,109
2004,1515,0,286
2023,1667,0,318
2069,1630,0,358
2077,1584,0,318
2155,1603,0,281
2164,1537,0,297
2213,1583,0,353
2275,1564,0,334
2320,1527,0,37
2334,1577,1,328
2355,1589,0,323
71,1808,0,39
78,1874,0,178
104,1833,0,284
115,1725,0,259
164,1698,0,320
181,1769,0,274
185,1826,1,64
213,1861,0,100
232,1765,1,33
259,1720,1,84
281,1879,0,352
277,1768,0,306
287,1845,0,184
284,1825,1,32
296,1730,0,333
333,1766,0,46
337,1856,0,89
336,1732,1,290
366,1824,0,268
405,1730,0,350
406,1778,0,329
440,1878,0,101
466,1874,1,279
516,1854,0,92
553,1734,0,108
573,1891,0,10
595,1765,0,22
599,1797,0,34
643,1794,0,39
690,1709,0,11
699,1892,1,3
715,1737,0,24
718,1799,0,327
755,1867,0,236
755,1741,1,53
765,1705,0,123
779,1817,1,343
803,1862,1,46
807,1774,1,320
832,1727,1,346
836,1875,0,210
900,1883,0,16
928,1772,0,220
931,1733,0,212
947,1840,0,109
962,1804,1,296
970,1901,0,53
978,1761,0,101
1007,1808,0,53
1034,1739,0,352
1029,1875,0,282
1056,1890,0,357
1070,1768,0,54
1069,1850,0,304
1108,1812,0,346
1114,1847,0,12
1123,1754,0,95
1167,1756,0,136
1174,1872,0,235
1174,1718,1,44
1193,1834,0,287
1237,1785,0,344
1254,1854,0,8
1284,1871,1,16
1290,1737,0,122
1305,1823,0,349
1319,1897,0,346
1327,1864,0,340
1331,1708,0,80
1331,1788,0,287
1350,1832,1,274
1375,1732,0,18
1373,1790,1,342
1375,1839,0,87
1394,1765,0,7
1397,1804,1,289
1421,1862,0,190
1454,1806,0,324
1460,1881,0,18
1465,1839,0,176
1482,1754,0,34
1528,1805,0,6
1542,1739,0,155
1556,1703,0,321
1562,1873,0,21
1607,1769,0,19
1661,1745,0,274
1674,1812,0,337
1728,1704,0,30
1752,1754,0,280
1807,1744,0,189
1815,1703,0,12
1932,1823,0,352
1984,1703,0,4
2014,1759,0,2
2091,1819,0,347
2137,1735,0,339
2224,1763,0,199
72,673,0,80
89,768,0,232
129,727,0,328
138,866,0,59
169,674,0,84
183,823,0,2
203,687,0,352
204,748,1,24
206,871,0,356
207,777,0,354
232,701,1,270
231,761,1,286
259,756,0,253
259,688,1,314
281,856,0,227
287,794,1,72
298,675,0,243
335,752,0,187
340,731,1,345
354,678,0,34
365,872,1,4
369,808,1,40
367,745,1,5
383,840,0,150
384,762,0,15
433,726,0,331
437,799,0,352
471,754,1,278
497,771,1,23
514,754,0,332
512,840,0,174
524,812,1,30
525,783,1,15
565,740,0,353
581,782,0,223
598,714,0,135
610,851,0,81
633,781,0,74
639,685,0,258
679,749,0,92
731,833,0,340
735,672,0,186
747,721,0,221
763,774,0,39
764,738,1,26
815,737,1,63
828,833,0,2
841,690,1,8
865,861,1,282
915,785,0,89
922,675,1,349
971,741,1,321
991,723,0,297
1025,796,0,202
1026,710,1,76
1058,731,0,266
1083,779,0,62
1110,809,0,274
1132,740,1,61
1140,699,0,132
1142,845,0,236
1157,752,1,39
1171,763,0,230
1207,815,0,92
1228,738,0,307
1234,685,0,306
1266,677,0,297
1293,770,0,24
1307,839,0,324
1320,697,0,353
1340,799,0,186
1366,836,0,20
1383,710,0,275
1416,782,0,140
1415,861,0,355
1449,742,0,329
1453,767,0,152
1471,690,0,182
1489,735,1,341
1491,813,0,297
1524,770,0,317
1517,705,0,260
1530,822,0,109
1535,668,0,320
1554,871,0,23
1562,742,0,341
1567,840,1,315
1586,806,0,46
1612,686,0,13
1617,842,1,277
1618,871,1,310
1641,825,1,39
1653,777,0,60
1656,676,1,88
1661,849,0,297
1677,691,1,37
1690,803,0,278
1702,710,0,185
1720,740,0,7
1715,773,0,339
1739,684,0,184
1735,830,0,41
1762,758,0,45
1794,685,0,214
1791,793,0,257
1830,757,1,80
1832,807,0,87
1842,671,0,278
1878,808,0,100
1902,737,0,74
1904,831,0,359
1908,684,1,85
1930,790,1,298
1955,836,0,113
2001,700,0,2
2006,804,0,37
2029,867,0,16
2037,754,0,358
2044,722,0,9
2156,805,0,350
2278,844,0,348
98,966,0,145
139,1063,1,292
153,1003,0,16
171,1057,0,328
188,911,0,192
207,944,0,298
207,1037,0,74
233,936,0,78
236,1067,0,333
237,1006,1,347
260,991,1,288
276,922,0,82
281,1074,0,52
286,1037,1,326
314,1021,1,286
319,896,0,26
324,969,0,320
374,1050,0,346
377,920,0,8
399,997,0,34
441,958,0,98
471,1029,0,290
478,921,0,294
513,979,0,2
505,1066,0,216
528,876,0,151
531,913,0,326
567,1059,0,11
578,934,1,46
601,902,0,280
622,988,0,188
627,963,0,104
654,1025,0,185
662,881,0,288
670,1057,0,13
702,986,0,16
719,885,0,301
719,1077,0,88
734,1028,1,49
753,1064,0,284
761,1014,0,327
761,920,1,11
800,1002,0,323
813,921,1,59
814,891,1,74
838,995,1,70
838,937,1,8
877,928,0,13
881,1002,0,26
890,1030,1,35
947,1000,0,224
943,938,1,7
996,1060,1,90
1020,1019,0,123
1092,1042,0,9
1101,969,1,270
1128,922,1,281
1127,1077,1,53
1154,1001,1,355
1165,1039,0,76
1187,922,0,333
1207,1003,1,70
1215,877,0,22
1281,1031,0,87
1314,962,0,100
1380,1067,1,22
1381,1037,1,281
1392,891,0,355
1405,982,0,222
1431,914,1,65
1453,1029,0,192
1457,961,0,13
1483,977,1,59
1486,916,1,305
1489,948,0,315
1499,1047,0,169
1509,991,1,67
1517,932,0,93
1540,946,1,90
1547,1004,0,277
1569,900,0,18
1574,1078,0,177
1594,1033,0,347
1622,945,0,180
1637,984,0,41
1648,896,0,1
1652,1058,0,26
1694,953,0,277
1701,1008,0,27
1732,1054,0,57
1747,877,0,351
1750,952,1,47
1765,939,0,43
1793,1065,0,134
1802,1019,0,262
1805,893,1,333
1843,943,0,79
1854,893,1,11
1853,1043,1,63
1886,881,0,135
1906,1034,0,62
1922,978,0,164
1944,1077,0,16
1959,959,1,322
1962,1021,0,67
1978,917,0,112
2031,950,0,116
2039,1051,0,74
2079,958,0,0
2081,918,1,335
2115,919,0,4
2117,990,0,18
2136,1073,0,134
2157,891,0,353
2163,1036,0,44
2201,1058,0,33
2235,1012,0,357
2245,899,0,0
2272,952,0,344
2285,914,1,344
2310,914,0,358
2346,969,0,14
2388,991,0,34
2459,998,0,355
2471,879,0,355
90,1130,0,151
115,1085,0,96
122,1161,1,34
154,1102,0,234
152,1144,1,65
179,1160,1,299
179,1217,1,270
180,1252,1,271
193,1134,0,342
192,1099,1,71
210,1266,0,1
207,1237,1,332
214,1180,0,332
238,1125,0,316
242,1217,0,22
238,1248,0,320
259,1175,1,278
296,1187,0,125
295,1106,0,247
297,1246,0,286
322,1142,0,280
339,1093,0,116
361,1227,0,227
369,1170,0,11
370,1275,0,18
375,1123,0,326
393,1192,1,342
397,1111,0,63
421,1243,0,146
419,1206,1,45
440,1148,0,359
443,1223,1,78
461,1108,0,1
463,1109,0,355
471,1239,1,0
474,1085,1,325
497,1133,1,57
526,1085,1,13
541,1181,0,199
549,1130,1,299
558,1093,0,333
576,1208,1,46
609,1093,0,288
642,1098,0,127
655,1155,0,46
690,1218,0,113
716,1139,0,42
720,1178,0,359
735,1152,1,63
761,1203,0,0
759,1229,1,343
771,1263,0,244
774,1136,0,55
813,1195,1,285
840,1125,0,42
846,1261,0,193
867,1176,0,74
889,1090,1,311
909,1138,0,341
916,1245,0,28
911,1194,0,267
920,1084,0,112
957,1195,0,37
974,1109,0,78
990,1261,0,258
998,1123,1,303
1017,1230,1,66
1047,1122,1,323
1061,1087,0,298
1088,1129,0,210
1096,1188,0,14
1148,1104,0,318
1151,1274,1,84
1171,1246,0,48
1218,1085,0,58
1235,1151,0,18
1247,1118,0,202
1252,1261,0,241
1328,1254,0,138
1370,1170,0,136
1383,1132,0,329
1379,1280,0,76
1400,1104,0,154
1430,1190,0,339
1481,1208,0,111
1483,1127,1,340
1500,1279,0,290
1512,1084,0,51
1525,1173,0,137
1533,1218,1,64
1562,1141,0,327
1571,1110,0,334
1576,1252,0,4
1597,1218,0,9
1619,1237,1,72
1644,1190,0,289
1656,1283,0,231
1672,1236,1,336
1685,1158,0,121
1708,1107,0,12
1743,1237,0,145
1783,1084,0,190
1803,1277,0,137
1804,1126,0,107
1846,1240,0,110
1850,1127,0,319
1921,1240,1,18
1956,1247,0,348
1968,1213,0,200
1976,1160,0,108
1994,1270,0,80
2029,1137,0,75
2035,1229,0,100
2084,1240,0,298
2091,1086,0,317
2093,1154,0,22
2095,1186,0,198
2116,1277,0,75
2130,1220,0,197
2169,1120,0,7
2188,1261,0,124
2199,1141,0,14
2195,1186,0,68
2219,1215,0,227
2259,1144,0,73
2300,1188,0,185
2306,1252,0,179
2313,1228,0,172
2316,1229,0,175
2323,1092,0,355
2362,1133,0,358
2377,1168,0,177
461,2051,1,353
577,873,1,338
2315,1043,0,358
