277,240,0,45
878,241,0,352
2517,217,0,267
156,451,0,339
209,391,0,250
234,359,0,304
261,352,1,39
279,441,0,2
290,370,0,74
326,307,0,178
336,408,0,120
342,278,0,158
369,331,0,82
368,384,1,40
403,423,0,288
448,335,0,70
474,382,1,14
477,448,0,316
507,330,0,21
510,405,0,188
527,380,1,21
541,276,0,31
577,315,0,83
603,409,0,289
606,461,1,294
651,345,0,204
671,297,0,130
676,406,0,240
687,445,1,16
755,347,0,344
748,276,0,77
763,429,0,301
790,407,0,303
812,285,0,86
821,405,1,312
821,340,1,276
843,387,0,337
861,350,0,348
862,426,0,352
1006,336,0,307
1178,455,0,38
1581,388,0,333
1632,447,0,341
99,492,0,359
120,580,0,314
123,544,0,150
190,580,0,75
214,654,0,1
244,554,0,174
234,610,1,56
243,520,0,338
290,490,0,76
298,542,0,56
301,615,0,131
316,570,1,315
319,594,0,342
325,462,0,323
343,479,0,138
342,553,1,81
343,581,1,82
368,615,0,79
394,491,1,9
394,553,1,297
407,529,0,329
419,608,0,59
421,657,1,289
475,565,0,252
473,478,1,65
493,635,0,275
532,579,0,65
555,462,1,50
583,552,0,334
578,659,1,350
589,637,0,341
608,513,0,356
659,552,1,352
678,634,0,19
686,506,1,4
754,553,0,4
764,521,1,353
764,584,1,84
783,615,0,85
792,478,1,354
816,556,1,312
818,462,1,313
844,508,1,65
844,570,1,2
856,610,0,31
860,579,0,333
872,463,1,278
894,624,0,204
914,465,0,33
930,586,0,321
950,530,0,203
949,507,1,349
973,659,0,2
975,555,1,340
1001,571,1,354
1026,615,1,281
1053,662,1,350
1065,627,0,349
1107,572,1,86
1163,624,0,270
1163,511,1,15
1216,662,0,341
1229,539,0,353
1251,468,0,344
1260,612,0,4
1280,654,0,352
1318,508,0,15
1366,616,0,352
1370,667,0,163
1414,562,0,83
1423,649,0,353
1449,616,0,340
1490,651,0,49
1507,545,0,35
1573,600,1,291
1607,532,0,4
1621,642,0,307
1646,604,0,352
1662,506,0,59
1710,634,0,344
1705,588,1,44
1758,619,1,280
1767,651,0,224
1810,575,0,43
1920,540,0,14
1980,543,0,272
57,1951,0,296
100,1984,0,35
112,1912,0,248
166,1905,0,239
231,2032,0,212
232,1928,0,261
260,1931,1,71
265,1981,0,140
289,2051,0,258
310,1941,0,0
309,1965,1,0
324,2008,0,301
334,2064,1,79
353,1990,0,143
386,2028,0,31
386,1947,1,302
395,1911,0,122
405,2063,0,5
421,2087,0,4
442,2007,0,193
438,1919,1,9
463,2051,1,64
463,2082,1,22
465,1904,1,317
497,1906,0,347
492,1971,0,258
549,2104,0,345
592,1979,1,306
593,1922,1,85
604,2063,0,17
618,2095,0,358
671,1964,1,35
699,1982,1,304
700,2012,1,320
751,2104,0,189
764,1949,0,108
828,1970,0,146
831,2038,0,353
829,1998,1,317
863,1947,0,173
871,1915,0,349
889,1991,0,30
913,1950,0,43
937,1908,1,275
968,1934,0,61
981,1982,0,163
1017,1955,1,31
1037,1914,0,334
1298,1931,0,338
1362,1973,0,35
1428,1995,0,87
1480,1971,0,221
2281,2058,0,280
73,2144,0,112
149,2200,0,321
234,2304,0,207
238,2191,0,358
269,2128,0,309
345,2174,0,176
427,2114,0,0
481,2164,0,76
899,2155,0,185
970,2477,0,14
50,677,0,29
74,725,0,6
111,775,0,183
138,866,0,58
176,720,0,84
183,824,0,1
206,871,0,359
204,777,0,346
206,688,1,304
204,748,1,49
232,702,1,287
250,761,0,264
259,687,1,301
287,794,1,70
287,735,1,45
296,676,0,255
320,833,0,214
325,752,0,4
366,692,0,74
366,872,1,2
368,810,1,346
381,754,0,5
405,858,0,118
411,708,0,328
437,798,0,342
469,868,0,270
473,752,1,68
518,751,0,335
518,838,0,152
525,812,1,0
550,852,0,226
558,684,0,122
568,742,0,342
578,873,1,327
593,785,0,223
615,719,0,125
618,863,0,105
653,788,0,95
656,744,0,96
674,672,0,220
687,755,0,99
692,842,0,297
739,673,0,188
743,830,0,355
755,777,0,357
758,726,0,189
815,737,1,16
828,833,0,7
841,690,1,335
864,861,1,278
920,811,0,79
922,676,1,340
957,712,0,350
973,742,1,329
1024,791,0,195
1024,710,1,30
1048,757,1,326
1063,818,0,42
1063,736,0,298
1076,683,0,9
1121,812,0,230
1134,730,0,80
1141,851,0,209
1158,756,1,31
1177,769,0,232
1214,817,0,14
1221,719,0,328
1294,783,0,9
1300,741,0,87
1306,863,0,37
1319,699,0,354
1354,761,0,233
1367,832,0,93
1385,707,0,315
1413,782,0,133
1418,836,0,325
1440,744,0,321
1459,703,0,130
1467,809,0,307
1489,735,1,6
1501,858,0,350
1527,762,0,358
1524,817,0,98
1531,669,0,42
1562,731,0,322
1579,832,0,46
1612,696,0,2
1617,872,1,299
1618,842,1,277
1641,825,1,79
1655,730,0,5
1653,776,0,59
1653,677,1,30
1661,848,0,296
1678,692,1,274
1690,802,0,271
1741,830,0,31
1739,781,0,61
1765,733,0,126
1795,684,0,212
1814,737,0,269
1843,856,0,113
1880,788,1,71
1892,739,0,79
1896,863,0,129
1909,832,0,2
1908,683,1,62
1930,791,1,284
1996,800,0,23
2003,698,0,6
2029,863,0,339
2037,755,0,0
2046,717,0,6
2159,808,0,2
2277,844,0,349
99,965,0,145
140,1069,0,109
153,1004,0,25
170,1059,0,320
192,911,0,177
207,948,0,290
211,1061,0,135
233,937,0,72
235,1005,1,336
245,1033,0,337
243,918,0,231
260,991,1,281
274,1071,0,210
270,936,0,74
287,1037,1,294
313,1021,1,278
321,966,0,335
317,894,0,45
353,1079,0,348
356,1039,0,347
376,921,0,7
393,996,0,9
440,963,0,101
473,1019,0,263
497,1012,1,354
517,965,0,331
518,907,0,315
524,997,1,283
549,1069,0,312
561,1023,0,280
577,935,1,59
600,901,0,280
604,954,1,322
610,988,0,56
622,1065,0,1
642,1041,0,90
660,882,0,292
677,1004,0,218
682,965,0,11
681,935,1,27
702,1042,0,8
755,953,0,257
762,1012,1,25
759,1044,1,328
799,1000,0,325
814,921,1,66
814,891,1,65
828,1055,0,12
839,996,1,70
840,878,1,38
851,930,0,19
892,939,1,277
891,1029,1,11
943,938,1,7
958,999,0,192
993,1033,1,344
1020,1041,0,84
1049,929,0,27
1079,1045,0,21
1087,1070,0,16
1101,970,1,283
1128,922,1,291
1151,1065,0,52
1155,1001,1,5
1179,925,1,278
1202,923,0,284
1207,1004,1,66
1272,1036,0,70
1315,953,0,95
1322,1012,0,143
1356,1050,0,19
1378,1069,1,6
1381,955,0,287
1380,1031,1,309
1390,880,0,31
1430,915,1,15
1458,961,0,21
1484,977,1,346
1484,916,1,90
1488,949,0,310
1497,1045,0,156
1510,993,1,49
1512,942,0,113
1538,892,0,0
1557,963,0,289
1571,1079,0,187
1581,1029,0,339
1603,929,0,80
1634,992,0,64
1652,1059,0,29
1649,907,0,280
1702,1007,0,22
1700,895,0,268
1752,875,0,351
1776,932,0,86
1793,1066,0,131
1806,893,1,327
1837,943,0,74
1842,996,0,235
1853,897,1,5
1853,1042,1,61
1898,1028,0,56
1919,917,0,158
1925,1068,0,5
1959,1027,0,20
1955,953,1,27
1973,883,0,118
1990,995,0,163
2001,1065,0,19
2012,926,0,94
2074,960,0,17
2074,1034,0,107
2081,917,1,10
2112,916,0,7
2112,988,0,1
2157,877,0,0
2163,1029,0,45
2201,1054,0,43
2230,1012,0,349
2247,897,0,4
2269,952,0,344
2309,915,0,358
2314,1043,0,356
2316,1043,0,353
2346,969,0,13
2388,991,0,41
2457,998,0,359
2472,879,0,354
90,1128,0,143
148,1106,0,228
152,1144,1,272
179,1160,1,324
179,1217,1,82
180,1252,1,89
199,1135,0,347
191,1097,1,90
207,1237,1,320
219,1181,0,330
217,1265,0,186
242,1114,0,349
245,1224,0,172
275,1195,0,286
307,1082,0,260
309,1177,0,90
327,1130,0,300
332,1266,0,348
342,1196,0,76
371,1153,0,295
394,1110,0,69
392,1192,1,36
418,1250,0,15
417,1207,1,59
437,1112,0,12
443,1151,0,14
471,1239,1,356
474,1086,1,331
491,1273,0,252
496,1131,1,58
547,1129,1,1
555,1170,0,254
575,1209,1,31
601,1285,1,2
608,1198,0,93
664,1136,0,181
675,1155,0,12
681,1212,0,141
686,1113,0,164
739,1181,0,42
733,1148,1,65
750,1114,0,145
762,1220,0,16
770,1191,0,38
775,1260,0,222
787,1151,1,85
812,1196,1,285
827,1139,0,57
843,1264,0,195
867,1175,0,71
889,1091,1,21
903,1132,0,330
909,1193,0,277
917,1231,1,21
941,1249,0,31
943,1121,1,317
954,1200,0,47
992,1271,0,274
998,1125,0,193
994,1190,0,99
1019,1231,1,22
1050,1189,0,62
1053,1093,0,291
1070,1260,1,322
1101,1226,0,320
1151,1152,0,258
1185,1285,0,135
1211,1119,0,48
1254,1122,0,256
1311,1239,0,231
1365,1197,0,118
1376,1276,0,91
1428,1092,0,150
1423,1148,0,66
1429,1191,0,343
1440,1243,0,35
1468,1172,0,109
1483,1127,1,352
1545,1230,0,41
1546,1163,0,87
1597,1218,0,4
1617,1142,0,13
1618,1238,1,34
1627,1185,0,327
1636,1252,0,228
1674,1236,1,332
1683,1281,0,238
1712,1198,0,115
1723,1250,0,26
1761,1211,0,127
1769,1276,0,343
1769,1125,0,101
1803,1123,0,124
1838,1243,0,202
1849,1128,0,320
1854,1280,0,221
1917,1224,0,347
1946,1180,0,186
1969,1214,0,198
1995,1278,0,123
2006,1156,0,77
2075,1098,0,34
2081,1164,0,58
2087,1258,0,255
2104,1208,0,343
2116,1161,0,254
2126,1113,0,18
2126,1081,0,38
2161,1180,0,26
2177,1136,0,23
2175,1216,0,224
2243,1113,0,152
2241,1169,0,235
2251,1250,0,156
2292,1142,0,329
2312,1244,0,119
2327,1085,0,357
2357,1141,0,352
2400,1190,0,84
98,1422,0,18
147,1373,0,24
157,1428,0,201
183,1464,0,2
206,1344,0,342
213,1302,0,275
227,1289,1,75
234,1437,0,61
231,1401,1,30
254,1484,0,268
284,1315,0,80
285,1465,1,335
294,1376,0,156
302,1411,0,169
317,1440,0,221
322,1339,0,283
367,1409,0,296
378,1461,0,346
384,1305,0,208
386,1341,0,22
399,1370,0,219
421,1432,0,119
432,1395,0,313
443,1374,1,323
445,1290,0,254
468,1391,1,28
497,1442,0,224
502,1379,0,69
521,1330,1,36
545,1287,0,10
548,1317,1,54
549,1439,0,288
575,1374,0,239
595,1347,1,30
606,1431,0,219
613,1321,0,347
619,1458,0,13
617,1381,0,248
644,1289,0,0
653,1394,0,51
686,1459,0,34
687,1328,0,219
695,1397,0,230
696,1356,0,19
706,1294,0,289
722,1479,0,164
730,1454,1,30
757,1377,1,353
770,1482,0,26
777,1418,0,291
810,1288,1,78
824,1387,0,57
837,1331,0,300
864,1319,1,71
900,1292,0,355
897,1386,0,92
911,1472,1,349
914,1319,1,350
941,1449,0,2
947,1330,0,30
982,1369,0,187
1017,1466,0,329
1041,1454,1,7
1075,1465,0,182
1094,1401,0,345
1181,1491,0,56
1197,1374,0,190
1243,1294,0,109
1258,1424,0,209
1278,1339,0,2
1302,1435,0,31
1336,1342,0,251
1353,1414,1,70
1368,1462,0,47
1400,1356,0,305
1412,1487,0,53
1418,1424,0,279
1430,1307,0,289
1467,1375,0,332
1468,1287,0,228
1487,1487,0,5
1501,1302,0,248
1555,1444,0,351
1586,1464,1,0
1613,1462,0,269
1640,1372,1,280
1655,1468,0,304
1673,1355,0,66
1702,1378,0,208
1717,1464,0,342
1729,1316,0,277
1761,1413,0,288
1767,1474,1,353
1783,1377,0,132
1786,1338,0,9
1799,1478,0,349
1847,1413,0,189
1859,1480,0,311
1898,1313,0,3
1929,1441,0,127
1942,1394,0,127
1957,1357,0,311
1980,1422,0,323
1982,1459,0,324
1993,1338,0,297
2030,1288,0,89
2047,1425,0,79
2047,1369,1,81
2069,1471,0,200
2077,1331,0,4
2078,1373,0,349
2110,1401,0,77
2132,1309,0,100
2155,1446,0,144
2163,1376,0,173
2183,1342,0,12
2186,1286,0,59
2238,1300,0,21
2251,1338,0,24
2254,1396,0,236
2290,1378,0,275
2300,1439,0,342
2315,1369,0,113
2316,1375,0,108
2330,1424,1,329
2356,1442,0,329
2364,1299,0,2
2437,1417,0,356
87,1653,0,88
98,1515,0,277
143,1623,0,295
179,1588,0,144
177,1536,0,83
196,1634,0,27
213,1555,0,41
217,1665,0,168
230,1492,1,284
233,1582,1,276
268,1559,0,301
287,1642,1,48
287,1614,1,74
311,1548,0,148
311,1574,1,298
322,1502,0,107
327,1634,0,73
341,1495,1,77
366,1659,1,340
383,1560,0,352
392,1603,0,348
389,1526,1,79
405,1635,0,2
445,1516,0,66
455,1585,0,350
460,1697,0,274
499,1493,0,217
511,1546,0,14
545,1591,0,12
545,1526,1,11
571,1528,0,273
597,1498,1,296
633,1636,0,134
644,1515,0,308
673,1664,1,18
706,1502,0,159
706,1632,0,316
716,1583,0,29
748,1548,0,137
797,1533,0,74
810,1563,1,44
835,1514,1,66
865,1537,0,16
859,1620,1,37
885,1697,1,19
914,1690,0,98
936,1548,1,337
960,1654,1,25
1014,1624,0,22
1014,1673,0,219
1013,1596,1,77
1016,1503,1,27
1043,1551,0,185
1043,1518,1,62
1095,1602,0,355
1095,1668,1,315
1098,1547,1,45
1110,1507,0,16
1160,1555,0,76
1179,1659,0,1
1180,1492,0,54
1206,1629,0,341
1209,1571,0,21
1209,1692,0,80
1243,1602,0,350
1240,1520,0,115
1279,1581,0,157
1283,1684,0,248
1288,1557,1,275
1301,1495,0,154
1305,1633,0,183
1300,1611,1,339
1323,1547,0,8
1354,1662,0,355
1355,1599,0,230
1355,1504,1,347
1386,1624,0,359
1396,1571,0,309
1428,1545,0,337
1454,1516,0,325
1453,1611,0,239
1464,1693,0,59
1513,1587,0,316
1520,1691,0,344
1533,1509,0,25
1581,1578,1,302
1587,1522,0,83
1594,1609,0,286
1645,1667,0,298
1697,1643,0,11
1690,1535,0,24
1716,1501,0,183
1713,1569,0,275
1737,1630,0,284
1744,1567,0,300
1745,1527,0,164
1770,1635,0,113
1782,1511,0,333
1782,1565,0,78
1802,1639,0,44
1827,1551,0,33
1834,1605,0,321
1872,1528,0,138
1902,1611,0,30
1924,1508,0,272
1936,1644,0,343
1984,1600,0,113
1999,1511,0,316
2026,1668,0,312
2064,1629,0,329
2094,1502,0,233
2100,1591,0,358
2169,1535,0,343
2179,1620,0,349
2185,1503,0,329
2213,1581,0,353
2270,1555,0,342
2310,1632,0,219
2332,1534,0,18
2323,1578,0,145
2357,1591,0,334
71,1808,0,30
75,1871,0,345
108,1838,0,298
121,1707,0,258
180,1763,0,272
185,1826,1,71
212,1869,0,138
237,1757,0,290
259,1721,1,275
259,1750,1,66
269,1902,0,350
274,1875,0,333
276,1794,0,31
279,1827,1,55
282,1766,1,13
297,1727,0,332
305,1830,0,260
312,1715,1,325
350,1710,0,53
344,1887,0,107
354,1818,0,283
360,1763,0,353
414,1738,0,347
437,1866,0,159
460,1700,0,276
470,1875,1,63
520,1860,0,112
547,1709,0,62
565,1780,0,30
590,1881,0,323
593,1801,1,35
621,1829,0,71
690,1709,0,9
697,1744,0,8
700,1781,0,0
699,1804,1,19
699,1892,1,22
753,1742,1,339
754,1849,0,264
780,1817,1,332
795,1737,0,147
803,1862,1,12
807,1774,1,308
833,1727,1,347
835,1875,0,231
899,1882,0,12
936,1728,1,44
961,1867,0,108
964,1798,0,70
992,1842,0,93
1016,1756,0,42
1029,1706,0,217
1034,1797,0,246
1061,1888,0,166
1063,1850,0,311
1090,1766,0,83
1102,1701,0,163
1108,1814,0,34
1112,1848,0,25
1124,1890,0,223
1137,1756,0,162
1148,1732,1,12
1173,1717,1,39
1181,1823,0,328
1177,1872,0,289
1216,1792,0,331
1230,1737,0,215
1248,1864,0,6
1261,1767,0,13
1310,1835,0,80
1327,1707,0,90
1334,1788,0,292
1351,1830,1,305
1362,1863,0,236
1373,1752,0,297
1377,1699,0,328
1373,1789,1,72
1374,1815,0,186
1392,1865,1,292
1395,1805,1,62
1409,1837,0,264
1440,1743,0,202
1460,1779,0,51
1464,1888,0,8
1481,1825,0,266
1531,1786,0,342
1547,1738,0,171
1562,1873,0,21
1599,1764,0,8
1639,1718,0,313
1671,1819,0,307
1704,1721,0,33
1746,1724,0,75
1774,1766,0,271
1812,1704,0,10
1832,1784,0,148
1930,1824,0,354
1985,1701,0,5
2014,1759,0,1
2091,1820,0,344
2137,1735,0,338
1841,667,0,290
