1145,197,0,43
2517,216,0,264
156,451,0,342
163,377,0,222
209,392,0,258
247,342,0,27
257,383,0,115
280,441,0,3
309,376,0,327
342,280,1,288
364,431,0,358
362,337,0,103
369,383,1,61
442,433,0,91
449,337,1,299
472,414,1,15
491,449,0,293
499,380,0,216
503,336,0,28
515,417,0,18
528,385,1,56
570,328,0,38
579,398,0,274
609,459,1,299
616,396,0,111
655,325,0,162
665,368,0,5
670,404,0,216
704,286,0,126
754,347,0,346
740,445,1,8
760,417,0,283
795,415,0,283
808,297,0,71
818,461,1,41
835,389,0,318
891,272,0,351
1179,454,0,38
1632,447,0,338
62,644,0,216
99,494,0,355
108,537,1,328
125,545,1,328
184,577,0,8
213,648,0,27
236,517,0,350
242,545,0,23
252,607,0,308
269,568,0,189
293,618,0,80
308,501,0,25
320,568,1,324
325,594,0,2
349,535,0,179
342,583,1,59
388,605,0,353
395,491,1,14
394,550,1,352
420,569,0,335
421,657,1,277
475,536,1,332
535,578,0,56
552,463,1,289
571,529,0,144
579,657,1,71
586,472,0,297
643,664,0,239
657,466,0,231
658,551,1,314
658,523,1,68
687,618,0,337
687,582,0,337
685,506,1,73
714,475,0,108
734,558,0,275
742,633,0,55
758,526,1,323
765,584,1,77
762,554,1,16
777,513,0,311
791,476,1,52
814,554,1,79
823,626,0,187
830,489,0,10
849,555,0,21
845,510,1,0
873,462,1,274
871,525,1,0
921,526,0,151
951,509,1,303
959,630,0,125
974,553,1,18
999,558,0,44
1005,465,0,197
1006,636,0,301
1027,616,1,296
1049,495,0,57
1054,663,1,345
1107,571,1,349
1159,615,0,326
1162,511,1,22
1189,526,1,5
1230,541,0,355
1240,604,0,24
1251,469,0,345
1276,655,0,11
1319,507,0,16
1331,583,1,30
1351,612,0,333
1439,630,0,353
1480,587,0,202
1523,628,0,282
1565,584,0,278
1598,649,0,358
1608,553,0,10
1626,629,1,67
1649,606,0,345
1650,506,0,3
1700,625,0,20
1705,587,1,77
1758,620,1,284
1816,579,0,33
1863,630,0,357
1923,550,0,7
73,2005,0,279
90,1959,0,341
99,1909,0,255
180,1947,0,345
194,1919,0,152
225,1904,0,145
231,2032,0,207
257,1931,1,27
283,2008,0,306
306,1989,1,321
311,1961,1,9
335,1916,1,0
335,2064,1,73
355,1960,0,142
372,2053,0,124
388,2006,1,271
385,1978,1,278
414,1965,0,322
414,2085,0,346
419,1927,0,153
422,2046,0,115
437,2008,1,24
463,2051,1,38
463,2083,1,23
466,1995,1,315
467,1957,0,234
490,1949,1,79
495,1993,0,282
503,1911,0,304
505,2085,0,86
518,1993,1,315
574,2082,0,224
593,1979,1,346
594,1924,1,45
592,1949,1,0
620,2025,0,120
633,1915,0,141
662,2077,0,240
667,1945,0,251
694,1985,1,308
700,2011,1,11
701,2065,0,101
708,1970,0,303
740,1938,0,347
747,2106,0,170
762,2039,0,58
786,2100,0,319
833,2046,0,3
830,1996,1,11
839,2089,0,325
861,1911,0,182
869,1951,0,202
882,1996,1,11
923,1971,0,6
936,1908,1,46
958,1921,0,48
1011,1958,0,16
1102,1968,0,212
1244,1945,0,275
1260,1926,0,0
1530,1934,0,317
1748,1976,0,324
123,2152,0,43
153,2202,0,320
241,2217,0,185
254,2157,0,74
341,2173,0,175
389,2141,0,66
503,2253,0,132
535,2135,1,339
649,2152,0,345
923,2114,0,242
1320,2292,0,206
1380,2117,0,347
226,2318,0,89
84,1461,0,6
77,1491,1,44
99,1419,0,17
148,1362,0,227
155,1437,0,193
184,1463,0,8
184,1315,1,37
205,1298,0,304
212,1343,0,347
231,1402,1,49
248,1437,0,277
263,1359,0,43
284,1464,1,42
305,1291,0,340
306,1423,0,303
369,1452,0,41
384,1382,0,57
395,1327,0,355
428,1429,0,229
442,1375,1,283
455,1344,0,193
469,1319,0,100
469,1451,1,278
481,1387,0,82
512,1427,0,6
522,1312,0,174
528,1360,0,94
536,1288,0,11
575,1328,0,53
586,1378,0,233
601,1287,1,331
613,1408,0,34
613,1480,0,126
616,1321,0,358
652,1291,0,350
655,1433,0,29
666,1360,1,354
687,1452,0,208
696,1357,0,3
730,1454,1,54
759,1409,0,304
762,1482,0,29
757,1377,1,318
762,1299,0,91
782,1452,1,278
811,1378,0,356
810,1491,0,29
811,1288,1,83
820,1414,0,347
863,1319,1,9
894,1388,0,107
898,1296,0,100
911,1472,1,353
931,1353,0,332
940,1450,0,2
1038,1449,0,41
1077,1474,0,213
1110,1350,0,64
1169,1391,0,12
1196,1486,0,350
1228,1413,0,282
1257,1359,0,201
1277,1487,0,357
1283,1421,0,63
1297,1296,0,223
1322,1440,0,23
1337,1354,0,157
1354,1411,1,274
1374,1458,0,268
1389,1324,0,103
1470,1309,0,330
1485,1393,0,306
1486,1489,0,358
1513,1298,0,324
1533,1427,1,62
1550,1440,0,321
1558,1341,0,185
1588,1461,1,278
1604,1374,0,170
1610,1480,0,65
1617,1322,0,122
1632,1454,0,128
1628,1409,0,4
1644,1371,1,293
1661,1412,0,252
1689,1489,0,325
1697,1300,0,137
1723,1365,0,342
1740,1466,0,209
1779,1391,0,200
1786,1299,0,237
1795,1435,0,157
1792,1487,0,270
1818,1315,0,233
1842,1414,0,199
1857,1368,0,24
1857,1458,0,246
1862,1299,0,62
1886,1484,0,241
1899,1417,0,273
1911,1317,0,11
1926,1415,0,282
1944,1359,0,8
1944,1467,0,46
1963,1401,0,56
1978,1301,0,330
1983,1458,0,342
1985,1423,0,333
2040,1407,0,340
2042,1356,0,187
2045,1454,0,13
2063,1299,0,163
2088,1396,0,86
2092,1468,0,225
2120,1402,0,283
2131,1354,0,289
2140,1288,0,204
2172,1317,0,77
2200,1354,0,7
2228,1308,0,220
2234,1378,0,31
2248,1418,0,202
2262,1463,0,340
2312,1378,0,91
2323,1333,0,170
2351,1443,0,326
2379,1305,0,356
2397,1390,0,323
2448,1403,0,297
2462,1352,1,16
94,1522,0,295
171,1644,0,103
180,1536,0,83
210,1658,0,2
230,1619,0,11
233,1493,1,293
234,1583,1,86
261,1688,0,212
272,1549,0,168
282,1606,0,116
286,1647,1,277
311,1502,0,117
310,1570,1,86
319,1656,0,279
339,1586,0,26
336,1495,1,294
346,1549,0,194
361,1623,0,346
363,1659,1,346
378,1681,0,228
386,1505,0,245
418,1665,0,336
430,1495,0,47
435,1627,0,27
471,1540,0,11
472,1503,0,211
496,1614,0,128
545,1528,1,313
552,1495,0,305
570,1695,1,20
594,1499,1,337
596,1558,1,54
629,1532,0,4
636,1634,0,328
685,1547,0,168
738,1570,0,17
742,1653,0,145
783,1602,1,61
795,1539,0,175
807,1628,0,359
809,1563,1,18
834,1516,1,49
860,1619,1,67
868,1558,0,24
861,1534,1,275
885,1696,1,324
906,1581,0,5
915,1618,0,351
916,1679,0,281
936,1548,1,336
950,1508,0,19
960,1654,1,6
992,1518,0,213
1013,1595,1,76
1042,1550,1,36
1075,1684,0,320
1096,1668,1,322
1097,1547,1,41
1106,1496,0,49
1122,1645,0,285
1120,1688,0,314
1136,1580,0,352
1181,1631,0,190
1183,1536,0,107
1208,1671,0,354
1225,1602,0,340
1259,1650,0,295
1303,1624,0,134
1305,1528,0,2
1307,1581,0,124
1320,1692,0,118
1354,1504,1,289
1350,1685,1,353
1356,1619,0,94
1381,1584,0,112
1386,1667,0,30
1387,1517,0,33
1417,1573,0,91
1446,1650,0,301
1456,1560,0,197
1472,1601,0,297
1511,1548,0,6
1537,1517,0,182
1544,1594,0,31
1567,1671,0,188
1565,1532,0,116
1589,1500,0,267
1597,1608,0,272
1621,1525,0,227
1654,1539,0,221
1690,1535,0,5
1702,1640,0,19
1736,1584,0,82
1762,1516,0,300
1765,1608,0,232
1775,1639,0,269
1802,1644,0,55
1831,1656,0,254
1844,1553,0,280
1877,1626,0,104
1889,1566,0,253
1931,1650,0,307
1930,1567,0,72
1963,1601,0,209
1985,1534,0,303
1996,1639,0,8
2057,1538,0,301
2063,1632,0,308
2100,1572,0,37
2121,1618,0,257
2167,1648,0,29
2210,1583,0,357
2264,1546,0,356
2328,1513,0,73
2373,1588,0,356
77,1813,0,358
80,1759,0,78
108,1849,0,154
141,1813,0,310
146,1881,0,93
153,1778,0,139
163,1738,0,333
162,1699,0,312
181,1824,1,305
182,1797,1,90
212,1711,0,78
232,1766,1,299
236,1859,0,89
255,1754,0,315
257,1755,0,317
289,1821,0,0
301,1858,0,350
309,1730,0,113
336,1828,1,276
339,1735,1,300
379,1756,0,50
396,1825,0,194
410,1760,0,250
443,1776,0,226
444,1874,0,105
467,1872,1,289
508,1841,0,331
498,1782,0,240
544,1709,1,332
560,1798,0,79
572,1901,0,342
570,1754,1,46
592,1802,1,42
595,1736,1,102
595,1711,1,49
637,1784,0,65
648,1712,1,295
684,1710,0,4
681,1868,0,208
674,1847,1,353
700,1801,1,345
738,1723,0,39
755,1741,1,44
781,1783,0,73
805,1844,0,358
804,1867,1,320
812,1774,1,277
831,1726,1,1
845,1792,0,17
853,1733,0,58
930,1766,0,236
936,1726,1,14
938,1846,1,75
975,1794,0,307
1014,1774,0,99
1049,1725,0,138
1053,1814,0,233
1053,1888,0,312
1096,1782,0,274
1111,1844,0,35
1146,1888,0,22
1176,1703,0,5
1201,1757,0,252
1222,1834,0,338
1263,1874,0,9
1308,1793,0,181
1319,1845,0,5
1333,1755,0,345
1350,1829,1,343
1377,1742,0,162
1373,1788,1,317
1396,1805,1,315
1407,1869,0,308
1422,1704,0,278
1434,1786,0,146
1446,1835,0,177
1466,1712,0,111
1478,1878,0,226
1482,1776,0,290
1517,1749,0,200
1549,1843,0,17
1563,1705,0,359
1562,1886,0,357
1598,1750,0,193
1648,1783,0,46
1657,1890,0,225
1657,1700,0,18
1811,1733,0,113
1912,1845,0,334
1996,1713,0,353
2014,1758,0,3
2091,1821,0,342
2141,1738,0,344
78,736,0,67
98,787,0,67
145,774,0,268
183,824,0,349
187,788,0,131
204,872,0,340
203,748,1,17
206,687,1,294
217,846,0,342
216,774,0,355
227,742,0,78
231,700,1,346
255,685,1,296
257,822,0,326
256,686,1,300
275,734,0,206
282,767,0,41
294,694,0,21
288,795,1,36
322,748,0,27
344,771,0,19
358,671,0,114
365,872,1,23
367,811,1,325
400,841,0,338
415,762,0,335
453,852,0,116
491,856,0,303
503,749,0,349
496,801,0,133
500,731,1,280
519,843,0,182
556,737,0,314
566,814,0,247
577,873,1,316
633,722,1,293
641,846,0,141
662,706,0,30
694,824,0,106
739,683,0,190
736,782,1,37
764,777,0,88
775,699,0,37
815,737,1,34
829,834,0,355
840,689,1,37
838,811,1,10
848,728,0,244
867,861,1,60
886,807,0,326
902,712,0,100
914,786,0,143
929,679,0,116
947,755,1,34
982,729,0,1
996,824,0,318
1029,769,0,46
1027,710,1,276
1067,824,0,58
1111,821,0,77
1113,680,0,107
1132,741,1,10
1158,756,1,18
1178,699,0,53
1183,797,0,8
1232,709,0,269
1259,803,0,3
1301,730,0,87
1311,865,0,357
1326,669,0,25
1324,777,0,142
1328,814,0,275
1365,689,0,34
1372,813,0,255
1379,714,0,250
1407,838,0,99
1413,739,0,64
1450,811,0,124
1458,854,0,348
1482,705,0,313
1488,736,1,342
1512,768,0,356
1511,872,1,66
1526,830,0,6
1566,842,1,5
1579,692,0,213
1623,852,0,131
1633,725,0,355
1653,676,1,49
1656,824,0,122
1673,790,0,333
1676,754,1,303
1677,693,1,62
1698,740,0,293
1753,727,0,138
1756,788,0,6
1780,838,0,128
1801,681,0,215
1825,729,0,18
1829,758,1,271
1852,858,0,68
1888,763,0,140
1888,694,0,143
1887,818,0,79
1909,682,1,310
1946,811,0,335
2021,690,0,1
2030,807,0,72
2035,756,0,358
2037,721,0,1
2166,803,0,18
2277,844,0,348
93,1004,0,331
114,952,0,14
126,880,0,202
151,982,0,359
148,1051,0,18
162,1078,0,20
167,947,0,123
188,1014,0,354
203,928,0,288
233,1056,0,2
236,1005,1,35
252,933,0,203
257,964,0,221
273,1010,0,42
285,1036,1,19
303,1074,0,269
314,1022,1,318
317,888,0,46
331,936,0,348
348,1055,0,47
353,911,0,343
362,986,0,271
384,1071,0,20
393,1039,1,351
434,978,0,177
432,902,0,352
445,1024,0,175
488,943,0,296
498,1050,0,91
524,995,1,65
529,937,0,280
566,1035,0,191
575,936,1,352
592,916,0,331
599,981,0,66
610,1078,0,106
644,884,0,180
684,925,0,30
711,963,0,208
725,1047,0,71
770,917,0,164
760,1044,1,7
785,1028,0,334
790,981,0,298
814,921,1,70
814,892,1,270
838,996,1,49
838,969,1,330
839,1029,1,351
857,949,0,334
871,1054,0,355
892,936,1,55
891,1029,1,338
908,882,0,245
932,929,0,100
991,1029,0,49
1023,1076,0,331
1072,1045,1,4
1101,970,1,283
1126,925,1,341
1131,883,0,257
1156,1001,1,48
1199,1009,0,214
1209,897,0,352
1208,940,1,44
1301,977,0,261
1331,937,0,125
1341,1019,0,259
1379,914,0,197
1380,1065,1,276
1381,1037,1,62
1385,1000,0,87
1431,913,1,274
1440,1011,0,48
1459,960,0,13
1484,977,1,50
1485,916,1,84
1490,947,0,319
1493,1003,0,17
1496,1052,0,174
1519,936,0,85
1539,882,0,326
1540,945,1,288
1546,989,0,245
1560,1073,0,164
1583,1033,0,332
1590,975,0,93
1614,931,0,309
1682,966,0,153
1695,882,0,64
1701,1008,0,15
1732,1067,0,278
1740,916,0,330
1748,876,0,0
1768,994,0,29
1787,1073,0,139
1798,1037,0,343
1805,893,1,332
1853,943,0,111
1855,894,1,46
1860,1060,0,33
1879,1020,0,356
1887,927,0,291
1907,983,0,188
1936,880,0,336
1947,1034,0,126
1949,934,0,194
1957,959,1,13
1988,903,0,191
2008,944,0,247
2043,881,0,321
2044,932,0,258
2059,979,0,346
2083,954,0,344
2099,900,0,334
2146,996,0,30
2158,891,0,12
2179,1027,0,240
2220,1033,0,41
2238,1001,0,358
2249,896,0,6
2278,949,0,349
2275,1053,0,233
2309,915,0,356
2318,1045,0,358
2345,968,0,13
2387,990,0,32
2459,997,0,5
2471,879,0,358
67,1215,0,333
99,1124,0,353
118,1150,0,197
123,1176,0,263
153,1111,1,52
175,1136,0,17
182,1260,0,339
180,1162,1,8
179,1219,0,67
184,1099,0,1
208,1236,1,344
215,1178,0,53
243,1221,0,176
236,1280,1,285
240,1104,0,50
233,1197,1,90
237,1253,1,86
258,1174,1,56
280,1213,0,285
312,1148,0,308
328,1221,0,332
339,1266,0,346
339,1121,0,284
354,1181,0,242
396,1106,0,170
391,1284,1,39
394,1161,0,265
418,1207,1,48
433,1251,0,92
469,1239,1,277
474,1086,1,319
492,1134,0,336
499,1172,0,355
494,1233,0,269
496,1099,0,331
549,1130,1,324
554,1182,0,249
575,1209,1,38
603,1233,0,84
630,1151,0,22
663,1249,0,354
670,1102,0,120
683,1205,0,124
707,1148,0,245
718,1098,0,200
724,1186,0,14
734,1149,1,62
752,1228,0,35
758,1256,1,4
774,1091,0,23
788,1150,1,50
812,1195,1,329
845,1117,0,125
869,1174,0,64
864,1227,1,54
890,1090,1,311
916,1228,1,68
923,1188,0,184
942,1121,1,324
968,1098,0,338
993,1170,0,181
994,1125,1,0
1017,1231,1,312
1040,1133,0,185
1057,1182,0,213
1073,1201,1,26
1084,1222,0,6
1098,1255,0,199
1101,1129,0,84
1137,1180,0,156
1175,1283,0,330
1184,1234,0,140
1227,1170,0,36
1231,1108,0,89
1274,1261,0,218
1273,1189,0,269
1306,1151,0,140
1314,1194,0,252
1351,1266,0,137
1373,1208,0,186
1382,1143,0,6
1391,1113,0,11
1389,1254,0,133
1394,1180,0,70
1415,1255,0,61
1438,1194,0,342
1449,1158,0,16
1510,1130,0,346
1534,1218,1,2
1594,1219,0,6
1601,1131,0,323
1616,1239,1,52
1659,1085,0,54
1671,1235,1,353
1679,1172,0,348
1673,1142,0,182
1727,1139,0,348
1727,1204,0,192
1736,1265,0,19
1779,1239,0,358
1793,1199,0,219
1796,1139,0,131
1819,1261,0,170
1848,1126,0,308
1855,1239,0,74
1873,1184,0,131
1897,1102,0,19
1911,1225,0,2
1932,1274,0,33
1971,1138,0,42
2024,1172,0,80
2040,1090,0,18
2050,1223,0,62
2071,1156,0,70
2093,1099,0,238
2095,1231,0,73
2107,1168,0,45
2130,1097,0,89
2148,1173,0,251
2151,1258,0,112
2171,1118,0,22
2177,1234,0,5
2200,1177,0,39
2202,1081,0,168
2207,1285,0,221
2225,1259,1,278
2258,1095,0,280
2257,1199,0,259
2282,1164,0,321
2293,1283,0,145
2320,1096,0,23
2320,1225,0,97
2366,1169,0,191
2395,1114,0,23
2407,1197,0,13
2421,1260,0,303
