2517,216,0,264
117,405,0,136
158,451,0,347
209,390,0,253
231,352,0,85
262,352,1,47
278,393,0,45
288,445,0,351
340,277,0,322
363,338,0,85
369,383,1,47
410,408,0,148
420,445,1,71
447,339,1,51
460,423,0,18
474,382,1,25
502,336,0,3
517,409,0,148
528,383,1,64
558,335,0,81
590,398,0,339
605,461,1,298
649,355,0,206
647,432,0,237
662,386,0,198
662,308,0,335
685,459,0,250
712,286,0,141
736,448,0,297
752,347,0,350
761,413,0,274
805,406,0,299
809,457,0,169
810,301,0,76
840,384,0,320
882,300,0,110
940,282,0,19
1180,454,0,33
1634,447,0,345
58,641,0,226
99,494,0,355
119,542,1,333
185,577,0,13
218,661,0,147
232,610,1,50
238,518,0,338
241,548,0,1
262,582,0,198
264,619,0,213
268,493,0,114
311,658,0,154
318,567,0,324
315,513,0,261
321,594,0,0
345,634,0,327
339,549,1,11
364,549,0,76
391,609,0,4
399,652,0,202
395,491,1,55
396,553,1,14
422,662,1,63
475,463,0,357
475,536,1,4
538,624,0,96
552,508,0,204
554,462,1,60
579,658,1,8
623,611,0,11
639,518,0,195
658,552,1,349
659,491,1,70
685,507,1,13
694,593,0,305
717,545,0,318
763,520,1,90
764,583,1,72
762,554,1,28
796,503,0,326
816,554,1,5
845,593,0,35
844,508,1,277
841,663,1,344
844,568,1,57
867,631,0,8
872,463,1,68
883,543,0,328
906,504,0,164
921,646,1,30
953,510,1,329
974,556,1,344
986,639,0,166
1003,551,0,283
1027,617,1,287
1054,663,1,337
1090,598,0,23
1157,638,0,2
1162,511,1,45
1231,548,0,353
1241,597,0,10
1250,474,0,346
1254,622,0,359
1262,510,0,309
1275,658,0,6
1321,620,0,335
1321,507,0,8
1372,637,0,45
1508,644,0,146
1533,543,0,163
1541,601,0,59
1575,600,1,62
1579,631,0,15
1593,535,0,333
1628,653,0,153
1627,628,1,357
1651,504,0,13
1659,604,0,351
1707,633,0,12
1705,587,1,80
1758,619,1,280
1796,661,0,247
1817,576,0,352
1835,535,0,160
1858,618,0,20
1915,540,0,1
93,1957,0,8
127,1921,0,145
204,2052,1,58
222,1964,0,186
223,1927,0,3
230,2030,0,208
257,1962,1,60
284,2008,1,296
297,1933,0,238
310,1962,1,45
332,2033,1,329
335,2063,1,270
336,1916,1,84
360,1965,0,136
377,2093,0,148
371,1926,0,19
386,1946,1,335
388,2006,1,74
418,2038,0,1
418,2081,0,11
419,1962,0,98
437,2008,1,28
447,1930,0,94
458,2016,0,0
463,2052,1,331
464,2083,1,24
490,1948,1,35
498,2034,0,113
539,2102,0,299
592,2088,0,207
591,1980,1,297
591,1949,1,326
596,1923,1,64
613,1974,0,95
631,2048,0,345
664,1963,0,83
700,2011,1,334
711,2077,0,59
718,1983,0,296
734,1941,0,354
724,1909,1,315
754,2105,0,172
795,2080,0,44
798,1909,0,62
813,1953,0,256
831,1999,1,330
846,1970,0,287
864,1905,0,0
888,1933,0,190
887,1991,0,27
884,2026,1,34
900,1959,0,12
909,2078,0,339
917,2025,0,225
936,1909,1,65
949,1985,0,343
968,1941,0,304
983,2027,0,220
1016,1908,0,85
1051,1958,0,182
1250,1927,0,356
1425,2069,0,70
1487,1920,0,347
113,2149,0,48
143,2176,0,23
169,2224,0,330
269,2186,0,335
340,2180,0,111
390,2145,0,44
452,2117,0,10
530,2133,1,346
1182,2206,0,250
1644,2208,0,144
214,2324,0,241
587,2358,0,91
1231,2496,0,227
102,1420,0,19
152,1436,0,198
169,1366,0,155
184,1462,0,13
213,1344,0,349
211,1308,0,276
233,1402,1,16
235,1290,0,270
234,1434,1,59
258,1478,0,89
274,1374,0,166
273,1301,0,234
284,1464,1,75
294,1415,0,318
313,1298,1,316
318,1471,0,43
340,1373,0,304
384,1476,0,154
391,1429,0,80
393,1344,1,17
420,1392,0,277
443,1354,0,310
439,1467,0,272
457,1291,0,87
470,1451,1,354
486,1410,0,337
483,1341,0,345
497,1296,0,67
518,1329,1,355
530,1355,0,193
547,1319,1,79
561,1298,0,151
562,1326,0,343
565,1382,0,252
590,1436,0,353
610,1473,0,11
616,1399,0,306
623,1335,0,28
636,1293,0,359
658,1437,0,206
667,1381,0,331
671,1381,0,338
695,1300,0,35
702,1350,0,342
722,1411,0,250
730,1454,1,41
732,1333,1,276
758,1378,1,329
766,1485,0,29
773,1333,0,331
781,1452,1,0
810,1288,1,51
881,1365,0,151
893,1311,0,95
912,1472,1,356
918,1318,1,288
939,1450,0,358
957,1337,0,303
1066,1369,0,34
1070,1475,0,263
1082,1399,0,25
1085,1430,0,10
1180,1297,0,334
1196,1364,0,81
1236,1464,0,3
1268,1344,0,353
1294,1436,0,90
1292,1325,1,44
1319,1377,0,238
1323,1473,0,355
1356,1288,0,175
1353,1421,1,345
1364,1401,0,170
1379,1472,0,295
1428,1322,0,70
1432,1374,0,182
1437,1447,0,297
1453,1327,1,330
1487,1431,0,311
1496,1311,0,288
1516,1296,0,328
1544,1336,0,151
1586,1460,1,32
1612,1343,0,1
1639,1462,0,263
1641,1372,1,279
1643,1430,1,341
1655,1306,0,218
1680,1347,0,78
1711,1445,0,234
1716,1331,0,235
1739,1366,0,68
1746,1459,0,207
1762,1297,0,151
1775,1386,0,158
1798,1365,0,147
1798,1422,0,295
1816,1475,0,343
1816,1287,0,277
1830,1374,0,15
1878,1366,0,189
1899,1424,0,264
1910,1321,0,2
1928,1289,0,187
1927,1478,0,236
1940,1381,0,108
1967,1431,0,6
1979,1458,0,341
1999,1340,0,26
2003,1403,0,320
2022,1365,0,196
2043,1455,0,229
2036,1394,1,52
2054,1394,0,355
2060,1294,0,335
2061,1339,0,310
2075,1409,0,53
2097,1439,0,68
2112,1325,0,9
2134,1361,0,267
2194,1360,0,354
2193,1438,0,334
2202,1303,0,58
2240,1423,0,338
2242,1298,0,224
2250,1476,0,20
2256,1384,0,204
2272,1350,0,8
2299,1316,0,11
2314,1401,0,210
2329,1286,0,172
2358,1444,0,0
2382,1310,0,12
2400,1390,0,319
2423,1343,0,358
74,1537,0,333
75,1567,1,287
89,1687,0,258
123,1598,0,347
175,1499,0,351
180,1540,0,89
211,1658,0,358
212,1605,0,91
233,1539,0,15
233,1493,1,296
255,1676,0,276
275,1574,0,248
287,1643,1,77
287,1615,1,270
315,1616,0,259
321,1544,0,158
312,1574,1,278
354,1643,0,236
355,1511,0,121
370,1574,0,237
377,1676,0,246
416,1526,0,330
426,1587,0,18
440,1648,0,342
434,1676,0,165
477,1513,0,168
492,1561,0,146
503,1617,0,63
506,1496,0,82
513,1669,0,33
546,1525,0,24
566,1600,0,353
570,1696,1,17
597,1501,1,327
654,1570,0,0
691,1607,0,14
692,1504,0,191
729,1664,0,347
731,1546,0,351
791,1639,0,339
832,1547,0,2
835,1514,1,62
859,1620,1,272
884,1696,1,334
886,1540,0,89
911,1501,1,28
912,1592,1,31
933,1612,0,33
930,1678,0,317
936,1548,1,344
961,1654,1,17
1007,1634,0,323
1012,1597,1,274
1019,1530,0,19
1017,1503,1,41
1040,1572,0,358
1037,1607,0,268
1040,1669,1,73
1085,1606,0,4
1094,1668,1,343
1098,1548,1,34
1104,1507,0,58
1111,1679,0,325
1135,1695,0,13
1138,1630,0,357
1181,1608,0,359
1198,1660,0,340
1210,1513,0,352
1278,1637,0,170
1321,1552,0,242
1327,1692,0,285
1359,1610,0,343
1354,1661,0,287
1361,1527,0,94
1409,1640,0,100
1412,1577,0,113
1422,1534,0,133
1444,1644,0,294
1449,1503,0,310
1455,1567,0,315
1475,1601,0,298
1490,1492,0,353
1487,1656,0,308
1514,1547,0,22
1546,1568,0,40
1557,1497,0,49
1557,1626,0,238
1596,1624,0,73
1653,1650,0,221
1676,1679,0,191
1699,1645,0,114
1733,1519,0,308
1733,1660,0,77
1762,1579,0,20
1766,1612,0,241
1776,1642,0,289
1787,1524,0,315
1805,1641,0,66
1822,1604,0,316
1825,1672,0,193
1894,1652,0,221
1912,1586,0,150
1921,1519,0,183
1951,1549,0,346
1983,1507,0,264
2007,1665,0,72
2036,1516,0,328
2059,1696,0,14
2060,1611,0,329
2069,1498,0,339
2148,1500,0,353
2211,1577,0,342
2266,1551,0,358
2276,1503,0,217
2333,1511,0,25
2379,1571,0,7
72,1805,0,2
141,1874,0,290
139,1813,0,96
162,1699,0,315
172,1764,0,262
176,1897,0,257
179,1824,1,1
198,1851,0,158
204,1700,0,132
207,1756,0,334
219,1891,0,183
233,1802,0,332
231,1766,1,346
248,1846,0,331
276,1762,0,280
283,1895,0,65
285,1828,1,324
322,1871,0,293
337,1750,0,358
336,1829,1,75
339,1731,1,355
357,1878,0,280
390,1798,1,291
396,1865,0,308
429,1796,0,153
435,1702,0,237
466,1874,1,354
474,1740,0,4
474,1827,0,49
529,1881,0,212
533,1705,0,223
541,1779,0,87
569,1755,1,32
593,1739,0,319
595,1894,0,33
593,1802,1,41
619,1828,0,205
630,1779,0,137
648,1713,1,278
683,1710,0,3
701,1764,0,169
699,1801,1,332
699,1886,0,90
712,1737,0,194
750,1748,0,296
773,1848,0,208
779,1816,1,2
804,1862,1,32
807,1774,1,317
825,1785,0,343
832,1726,1,351
853,1792,0,202
870,1750,0,168
906,1868,0,355
918,1769,0,117
937,1727,1,41
938,1845,1,315
963,1804,1,316
990,1742,0,185
990,1882,0,76
1027,1709,0,115
1051,1888,0,298
1093,1783,0,273
1111,1845,0,30
1158,1736,0,186
1150,1879,1,48
1181,1890,0,208
1204,1699,0,324
1219,1822,0,335
1262,1871,0,3
1303,1776,0,322
1309,1811,0,345
1352,1832,1,60
1371,1760,0,357
1374,1789,1,2
1395,1862,1,332
1396,1805,1,325
1420,1709,0,212
1439,1774,0,333
1451,1857,0,307
1490,1727,0,124
1530,1854,0,25
1539,1730,0,130
1559,1896,0,353
1577,1785,0,169
1601,1740,0,267
1687,1726,0,239
1770,1700,0,285
1797,1812,0,346
1907,1857,0,306
1915,1719,0,354
2014,1758,0,2
2091,1821,0,341
2140,1739,0,339
52,781,0,149
75,724,0,30
112,787,0,28
181,822,1,34
194,846,0,19
204,776,0,355
204,689,1,294
204,748,1,14
212,870,1,326
232,701,1,286
263,754,0,24
259,686,1,296
275,839,0,103
283,786,0,357
294,791,0,309
325,781,0,38
340,733,1,328
366,870,1,17
367,812,1,353
368,749,1,73
366,783,1,90
386,708,0,36
404,780,0,343
416,732,0,17
447,854,0,5
497,747,0,5
494,792,0,219
524,841,0,191
524,701,0,127
568,741,0,37
573,800,0,351
577,778,1,332
619,842,0,197
623,738,0,338
633,788,0,59
641,686,0,74
685,795,0,198
729,834,0,20
733,675,0,165
727,748,0,292
766,700,0,206
784,745,0,346
817,735,1,0
830,834,0,356
841,690,1,351
867,861,1,359
925,862,0,223
927,679,0,47
937,751,0,8
946,814,0,148
983,696,0,297
1009,836,0,210
1027,790,0,22
1027,710,1,273
1051,755,1,4
1066,844,0,307
1110,796,0,154
1104,818,1,0
1125,669,0,0
1144,740,0,317
1197,856,0,32
1205,691,0,336
1251,784,0,20
1305,864,0,20
1302,732,0,77
1324,688,0,9
1332,747,0,354
1327,819,0,264
1330,717,0,3
1373,815,0,267
1382,706,1,47
1420,748,0,96
1426,861,0,25
1502,837,0,2
1518,735,0,353
1531,693,0,358
1560,869,0,334
1566,842,1,327
1597,705,1,28
1617,872,1,299
1618,843,1,86
1645,806,0,24
1654,678,1,71
1680,729,0,349
1675,753,1,75
1678,693,1,89
1691,850,0,212
1737,869,0,51
1752,737,0,253
1785,869,0,86
1816,837,0,96
1829,758,1,327
1837,689,0,6
1835,725,0,7
1883,762,0,93
1907,684,0,355
1904,832,0,20
1919,728,0,160
1934,867,0,140
1931,791,1,346
1952,773,0,264
1976,842,0,245
2009,731,0,6
2028,673,0,16
2029,798,0,8
2037,761,0,4
2054,840,0,15
2164,809,0,5
2277,844,0,348
83,975,0,206
106,1038,0,224
127,880,0,206
150,968,0,5
149,999,0,0
151,1076,0,320
174,919,0,302
181,1030,0,67
177,974,1,298
206,895,0,343
207,1072,0,114
219,928,0,354
233,1005,1,35
241,946,0,341
259,991,1,275
266,1023,0,29
274,1067,0,8
302,908,0,293
309,970,0,340
314,1021,1,314
313,1052,1,334
349,912,0,66
385,1041,0,320
386,954,0,239
400,916,0,21
414,965,0,62
433,1034,0,311
436,984,0,180
473,927,0,203
491,965,0,218
518,893,0,342
522,1056,1,287
525,995,1,85
558,1049,0,155
559,878,0,297
577,935,1,10
599,1069,1,56
618,1000,0,19
630,874,0,239
677,938,0,21
681,967,1,348
699,1023,0,37
716,960,0,71
725,1079,0,57
735,1028,1,344
737,970,1,48
762,1043,1,32
767,942,0,67
781,1022,0,338
789,974,0,285
813,921,1,74
814,891,1,82
838,996,1,74
849,916,0,241
865,950,1,28
890,936,1,63
891,1029,1,3
902,957,0,212
917,922,1,42
931,977,0,27
962,1004,0,351
979,939,0,120
982,1057,0,60
1042,994,0,97
1047,1062,1,51
1072,1046,1,275
1101,969,1,317
1111,1074,0,59
1127,923,1,273
1142,883,0,136
1155,1002,1,353
1210,957,0,59
1219,893,0,354
1274,929,0,243
1311,953,1,0
1335,939,0,134
1334,1015,0,242
1374,1073,0,47
1374,1018,0,72
1400,957,0,145
1430,1011,0,38
1431,915,1,356
1459,960,0,13
1473,1079,0,27
1482,877,0,192
1484,977,1,64
1485,916,1,88
1491,947,0,329
1517,956,0,38
1530,998,0,65
1536,944,1,358
1557,904,0,340
1617,1026,0,332
1661,999,0,110
1700,1008,0,10
1710,939,0,48
1767,1064,0,180
1775,984,0,262
1802,1036,0,350
1809,895,1,313
1819,1064,0,0
1823,974,0,208
1840,915,0,101
1852,1026,0,313
1866,978,0,27
1877,879,0,137
1899,932,0,32
1909,986,0,210
1910,1055,0,305
1946,1014,0,72
1955,954,1,46
1967,1072,0,121
1976,925,0,128
1997,1029,0,98
2020,952,0,99
2048,1067,0,310
2050,991,0,65
2113,964,0,4
2122,1033,0,317
2168,881,0,9
2196,1049,0,355
2225,1003,0,359
2249,897,0,12
2280,957,0,351
2310,916,0,354
2324,1047,0,352
2330,979,0,36
2382,1001,0,20
2460,999,0,0
2471,879,0,355
91,1093,0,229
113,1159,0,248
154,1124,0,299
168,1200,0,17
193,1231,0,335
179,1162,1,354
180,1251,1,285
187,1101,1,76
227,1163,0,326
239,1136,0,329
234,1253,1,309
232,1192,1,2
243,1220,0,0
266,1118,0,326
273,1257,0,34
296,1166,0,354
312,1081,0,39
325,1115,0,231
335,1213,0,223
389,1148,0,273
391,1284,1,307
392,1193,1,335
400,1096,0,129
418,1207,1,64
443,1224,1,357
442,1255,1,333
471,1240,1,315
474,1086,1,324
487,1221,0,145
495,1186,0,318
496,1131,1,27
546,1200,0,68
548,1131,1,348
568,1270,0,174
575,1100,0,17
572,1206,1,358
575,1177,1,345
587,1223,0,24
593,1145,0,168
641,1261,0,348
638,1233,0,32
643,1205,0,101
663,1093,0,246
683,1220,0,113
724,1080,0,57
734,1148,1,18
751,1227,0,62
760,1133,1,61
778,1271,0,218
788,1150,1,29
803,1102,0,347
812,1196,1,317
843,1266,0,128
860,1189,0,45
888,1122,0,18
890,1090,1,11
916,1228,1,52
937,1182,0,6
943,1122,1,340
998,1172,0,193
996,1122,1,302
1017,1230,1,276
1043,1110,0,265
1064,1200,0,355
1098,1153,0,326
1099,1212,1,59
1112,1230,0,315
1161,1236,0,223
1218,1184,0,214
1217,1262,0,137
1235,1128,0,90
1239,1229,0,160
1260,1280,0,74
1286,1196,0,59
1301,1149,0,265
1316,1083,0,44
1321,1268,0,308
1363,1115,0,268
1367,1211,0,260
1412,1246,0,79
1418,1105,0,352
1438,1171,0,23
1451,1257,0,67
1466,1130,0,196
1470,1195,0,195
1486,1207,0,275
1516,1167,0,300
1527,1127,0,131
1533,1218,1,78
1542,1091,0,115
1551,1227,0,333
1585,1164,0,42
1587,1084,0,293
1596,1220,0,0
1620,1184,0,4
1617,1239,1,55
1635,1088,0,69
1665,1099,0,70
1671,1235,1,342
1701,1087,0,78
1706,1171,0,39
1707,1254,0,175
1761,1199,0,233
1787,1241,0,86
1791,1104,0,46
1792,1146,0,208
1814,1203,0,282
1857,1161,0,23
1856,1215,0,223
1864,1268,0,230
1901,1194,0,141
1912,1166,0,180
1916,1243,0,138
1922,1125,0,35
1951,1226,0,124
1980,1130,0,45
2003,1176,0,81
2018,1266,0,206
2026,1127,0,296
2063,1209,0,25
2068,1172,0,4
2094,1114,0,92
2098,1262,0,83
2131,1140,0,101
2154,1263,0,44
2159,1196,0,24
2165,1084,0,11
2186,1270,0,232
2195,1162,0,11
2224,1218,0,11
2253,1159,0,75
2274,1091,0,358
2325,1219,0,80
2336,1137,0,302
2352,1085,0,195
2382,1103,0,99
2399,1106,0,98
