2517,217,0,267
114,409,0,122
160,451,0,353
210,391,0,248
235,352,0,101
263,352,1,68
286,394,0,24
287,445,0,352
338,277,0,321
361,336,0,88
397,399,0,144
421,445,1,25
447,339,1,69
473,382,1,24
484,417,0,84
502,336,1,59
527,381,1,54
534,417,0,134
554,332,0,52
580,399,0,289
605,461,1,300
638,404,0,209
647,437,0,199
648,346,0,192
671,301,0,144
690,442,1,325
738,280,0,118
752,347,0,347
770,414,0,300
800,401,0,305
809,305,0,66
839,385,0,329
879,299,0,120
951,287,0,90
1180,454,0,33
1634,448,0,340
60,641,0,212
99,494,0,354
122,543,1,335
182,571,0,11
215,664,0,132
236,517,0,339
231,610,1,5
239,548,0,2
257,621,0,212
264,492,0,116
272,571,0,227
318,569,0,327
316,516,0,272
320,594,0,13
348,635,0,329
342,579,1,44
359,539,0,41
386,600,0,335
395,491,1,50
396,553,1,23
421,656,1,294
449,605,0,270
470,477,0,356
475,536,1,350
538,635,0,81
551,499,0,220
554,463,1,76
579,657,1,16
591,557,0,311
658,554,1,356
670,473,0,220
674,533,0,167
685,506,1,343
699,598,0,305
728,512,0,283
760,470,0,293
763,521,1,280
764,584,1,76
803,463,0,202
812,521,0,293
813,557,1,280
835,590,0,14
844,509,1,78
843,566,1,354
842,662,1,0
865,635,0,358
872,463,1,48
888,542,0,322
903,511,0,151
952,510,1,314
974,555,1,20
1011,635,0,155
1006,555,0,282
1027,615,1,327
1054,663,1,343
1089,593,0,338
1159,637,0,313
1190,527,1,286
1231,547,0,350
1250,474,0,345
1253,620,0,0
1263,512,0,314
1271,664,0,229
1315,616,0,320
1304,569,0,151
1321,507,0,7
1375,641,0,46
1514,624,0,38
1514,649,0,324
1538,663,0,150
1556,561,0,177
1554,590,0,160
1574,599,1,304
1580,626,0,6
1594,535,0,329
1628,629,1,44
1651,506,0,11
1658,600,0,357
1703,634,0,12
1705,587,1,275
1758,620,1,280
1783,651,0,268
1814,579,0,350
1837,625,0,350
1903,542,0,7
1907,541,0,6
1905,641,0,101
88,1961,0,359
130,1913,1,44
152,1963,0,80
220,1924,0,30
230,1970,0,190
234,2035,0,351
255,1933,1,38
284,2008,1,305
303,1969,0,142
315,1922,0,280
335,2014,0,78
334,2063,1,280
338,1916,1,289
361,1965,0,128
388,2007,1,277
384,1948,1,0
410,2041,0,352
416,2106,0,184
413,1959,0,119
417,2078,0,14
437,2007,0,212
460,1954,0,112
462,2051,1,333
463,2083,1,44
491,1948,1,348
501,2104,0,83
531,1917,0,13
542,2103,0,288
568,2056,0,39
594,1921,1,271
600,2087,0,250
613,2000,0,115
667,1947,0,301
667,2019,0,118
674,2097,0,23
699,1984,1,64
701,2011,1,320
726,1944,0,0
752,2104,0,182
748,1920,1,18
780,2024,0,342
785,1943,0,120
795,2079,0,28
829,1997,1,292
837,1931,0,263
863,1982,0,60
888,1992,0,34
895,1939,0,143
935,1981,0,352
936,2014,0,285
936,1909,1,293
967,1947,0,293
987,2012,0,234
1016,1959,0,135
1081,1944,0,184
1251,1928,0,356
1465,1936,0,36
115,2148,0,218
134,2182,0,19
167,2221,0,326
270,2186,0,340
338,2188,0,111
388,2143,0,50
432,2159,0,39
535,2135,1,345
1241,2176,0,215
1384,2157,0,34
1712,2282,0,138
216,2323,0,238
625,2369,0,156
102,1419,0,19
154,1438,0,193
182,1462,0,22
179,1308,0,191
196,1374,0,177
212,1343,0,348
210,1310,0,276
223,1483,0,236
230,1291,0,255
233,1402,1,327
233,1434,1,53
255,1290,0,80
265,1376,0,178
262,1489,0,86
288,1297,0,261
285,1463,1,339
293,1420,0,304
316,1467,0,52
315,1297,1,271
343,1359,0,247
382,1429,0,49
386,1326,0,283
389,1369,0,239
410,1477,0,134
414,1302,0,273
432,1397,0,336
449,1451,0,248
463,1365,0,104
496,1356,0,102
519,1328,1,296
548,1401,0,345
547,1317,1,80
564,1356,0,188
575,1294,0,188
587,1441,0,194
602,1471,0,170
626,1400,0,332
634,1338,0,334
630,1462,0,51
636,1296,0,25
667,1378,0,345
671,1379,0,347
695,1291,0,34
712,1350,0,325
722,1408,0,225
730,1454,1,304
732,1333,1,330
733,1301,1,45
758,1378,1,312
766,1328,0,329
767,1486,0,30
781,1452,1,0
809,1288,1,301
879,1366,0,155
892,1324,0,122
911,1472,1,344
916,1318,1,332
939,1451,0,359
1000,1392,0,191
1029,1420,0,356
1060,1370,0,53
1086,1469,0,216
1197,1354,0,22
1236,1467,0,13
1266,1321,0,102
1281,1382,0,223
1294,1428,0,271
1306,1300,0,141
1321,1464,0,5
1322,1335,0,297
1345,1362,0,258
1352,1416,1,340
1384,1391,0,194
1400,1356,0,211
1406,1331,0,135
1438,1447,0,269
1460,1416,0,154
1470,1317,0,46
1475,1373,0,209
1499,1441,0,301
1513,1296,0,335
1537,1338,0,158
1589,1378,0,57
1586,1461,1,67
1613,1443,0,332
1642,1372,1,312
1676,1425,0,58
1713,1443,0,251
1738,1367,0,47
1754,1396,0,228
1775,1320,0,185
1775,1287,0,357
1775,1442,0,204
1793,1395,0,298
1800,1474,0,348
1837,1388,0,81
1887,1415,0,291
1896,1348,0,194
1912,1488,0,3
1923,1306,0,347
1936,1455,0,358
1942,1380,0,84
1975,1340,0,93
1983,1457,0,353
2009,1398,0,250
2014,1296,0,295
2033,1466,0,301
2040,1350,0,313
2050,1312,0,290
2073,1408,0,309
2084,1361,0,5
2081,1477,0,296
2088,1334,0,107
2112,1355,0,187
2137,1301,0,11
2156,1429,0,325
2187,1367,0,24
2232,1427,0,349
2236,1478,0,19
2245,1301,0,214
2266,1361,0,29
2291,1312,0,14
2297,1475,0,266
2319,1398,0,164
2361,1360,0,200
2362,1444,0,3
2394,1309,0,28
2403,1400,0,306
2432,1346,0,354
73,1530,0,358
92,1680,0,261
132,1578,0,290
179,1537,0,83
211,1659,0,348
216,1613,0,104
230,1540,0,315
248,1676,0,262
261,1577,0,237
295,1617,0,268
300,1695,0,300
312,1569,1,125
318,1541,0,173
347,1592,0,49
344,1649,0,244
371,1685,0,263
380,1502,0,331
406,1615,0,6
420,1562,0,310
435,1644,0,10
432,1524,0,355
452,1667,0,189
473,1692,0,352
492,1507,0,54
503,1636,0,99
526,1571,0,119
552,1511,0,26
561,1619,0,25
576,1690,0,200
597,1498,1,291
633,1630,0,14
636,1565,0,5
677,1654,0,1
684,1528,0,338
714,1503,0,145
757,1559,1,290
790,1542,0,9
791,1635,0,357
809,1563,1,56
834,1515,1,71
859,1620,1,274
885,1696,1,60
889,1548,0,86
903,1671,0,340
929,1612,0,32
936,1548,1,350
950,1509,0,5
961,1653,1,23
995,1631,0,327
1013,1596,1,60
1011,1562,1,83
1022,1517,0,25
1040,1569,0,348
1078,1600,0,358
1094,1669,1,338
1098,1548,1,31
1104,1507,0,58
1123,1636,0,343
1168,1683,0,341
1177,1600,0,4
1214,1518,0,156
1224,1657,0,350
1237,1493,0,159
1286,1642,0,125
1304,1577,0,305
1346,1652,0,250
1353,1494,0,225
1361,1553,0,42
1388,1594,0,62
1402,1681,0,76
1407,1501,0,175
1426,1553,0,80
1438,1636,0,297
1467,1493,0,262
1474,1601,0,300
1496,1492,0,359
1511,1649,0,220
1512,1546,0,21
1542,1566,0,47
1546,1507,0,17
1574,1671,0,71
1588,1596,0,249
1619,1694,0,225
1661,1670,0,116
1706,1645,0,133
1707,1688,0,232
1729,1515,0,316
1739,1615,0,65
1749,1669,0,95
1768,1613,0,249
1773,1509,0,326
1778,1644,0,289
1781,1692,0,246
1803,1645,0,46
1817,1585,0,313
1839,1672,0,198
1906,1640,0,248
1940,1548,0,346
1951,1517,0,162
1972,1621,0,109
1988,1498,0,306
1992,1572,0,12
2011,1667,0,78
2059,1696,0,12
2060,1611,0,330
2119,1521,0,96
2167,1527,0,36
2211,1577,0,341
2267,1550,0,357
2332,1502,0,28
2380,1570,0,9
71,1806,0,1
112,1857,0,191
137,1806,0,144
138,1876,0,49
162,1699,0,315
161,1761,0,289
179,1826,1,79
184,1871,0,247
202,1699,0,133
213,1891,0,19
219,1841,0,123
231,1747,0,354
236,1803,0,333
276,1874,0,108
283,1766,1,309
283,1828,1,276
311,1843,0,276
336,1734,1,61
347,1754,0,52
357,1842,0,272
389,1798,1,81
405,1878,0,316
407,1705,0,285
432,1793,0,157
469,1850,0,20
466,1876,1,65
478,1743,0,27
543,1772,0,91
550,1856,0,134
570,1755,1,349
594,1740,0,316
593,1802,1,33
629,1780,0,123
635,1853,0,167
647,1712,1,289
683,1710,0,4
700,1802,1,16
701,1883,0,96
704,1752,0,267
743,1731,0,275
774,1848,0,205
779,1817,1,23
804,1860,1,56
807,1888,0,252
807,1774,1,319
832,1726,1,351
868,1892,0,136
899,1861,0,346
926,1796,0,106
937,1727,1,60
939,1845,1,86
963,1883,0,25
963,1804,1,328
989,1743,0,186
1047,1727,0,136
1050,1888,0,307
1095,1782,0,270
1109,1700,0,2
1111,1845,0,30
1150,1879,1,59
1171,1731,0,193
1179,1893,0,208
1202,1794,0,320
1267,1864,0,359
1305,1771,0,322
1308,1811,0,348
1352,1831,1,61
1372,1790,1,296
1379,1763,0,131
1395,1862,1,314
1396,1806,1,14
1437,1770,0,350
1442,1710,0,204
1453,1859,0,309
1519,1761,0,129
1522,1862,0,44
1557,1732,0,169
1559,1896,0,354
1618,1762,0,231
1722,1730,0,242
1817,1800,0,191
1909,1721,0,356
1912,1854,0,301
2014,1758,0,3
2091,1821,0,341
2140,1739,0,339
95,727,0,48
113,782,0,35
183,823,1,20
194,849,0,16
205,688,1,325
203,748,1,38
209,777,0,190
210,872,0,343
231,701,1,291
259,686,1,309
275,838,0,102
288,783,0,24
316,668,0,1
328,782,0,36
339,733,1,123
344,818,0,230
366,872,1,356
368,811,1,279
386,699,0,32
397,737,0,13
402,789,0,331
449,866,0,345
484,749,0,14
489,804,0,197
509,839,0,163
498,859,1,16
549,691,0,349
555,743,0,29
563,797,0,24
603,817,0,36
617,846,0,194
628,737,0,293
635,675,0,9
701,711,0,306
711,794,0,196
724,832,0,22
737,671,0,156
767,753,0,346
770,698,0,213
815,738,1,42
829,834,0,356
841,689,1,313
867,861,1,3
907,677,0,15
926,756,0,3
945,849,0,209
963,808,0,2
975,672,0,279
974,740,1,279
1008,833,0,206
1027,711,1,71
1041,785,0,21
1069,834,0,294
1079,738,0,23
1081,738,0,21
1108,796,0,161
1105,819,1,343
1125,673,0,338
1158,755,1,47
1174,841,0,347
1209,689,0,354
1268,782,0,20
1292,861,0,2
1323,689,0,9
1333,749,0,350
1328,816,0,276
1374,816,0,270
1381,708,1,51
1415,863,0,34
1434,697,0,357
1432,771,0,76
1489,735,1,328
1515,753,0,25
1539,860,0,346
1565,840,1,354
1597,705,1,8
1617,792,0,358
1617,872,1,304
1617,842,1,87
1636,677,0,115
1657,673,1,304
1674,741,0,347
1678,692,1,281
1736,834,0,180
1739,872,0,26
1765,727,0,211
1825,692,0,356
1819,844,0,100
1824,732,0,21
1830,758,1,73
1885,762,0,89
1911,722,0,134
1910,684,1,12
1930,791,1,79
1957,696,0,290
1975,840,0,233
2023,729,0,357
2030,674,0,14
2033,796,0,10
2037,761,0,5
2055,842,0,17
2165,806,0,1
2166,868,0,11
2277,844,0,348
92,976,0,343
96,1036,0,309
127,882,0,218
148,1001,0,9
146,964,0,54
148,1069,0,284
176,916,0,288
186,1024,0,56
196,894,0,329
227,937,0,322
228,1073,0,185
232,1005,1,24
268,1010,0,26
286,1033,1,15
291,959,0,322
305,1052,0,6
313,1021,1,347
314,877,0,252
339,888,1,10
349,959,0,84
389,1057,0,321
389,946,0,257
394,906,0,26
410,979,0,58
439,986,0,35
443,1039,0,316
479,935,0,190
481,979,0,221
503,890,0,16
524,993,1,297
521,1055,1,339
554,1020,0,157
550,920,1,7
558,878,0,297
577,935,1,26
599,1072,1,15
614,977,0,357
631,876,0,230
643,1009,0,345
683,1031,0,8
682,940,0,24
722,1078,0,35
721,976,0,113
763,955,0,65
782,1033,0,304
791,976,0,288
814,921,1,57
814,892,1,78
838,995,1,71
886,893,0,205
891,936,1,280
891,1029,1,14
917,969,0,12
960,1008,0,357
976,890,0,210
976,1054,0,69
1002,963,0,122
1030,1014,0,61
1033,894,0,214
1072,1046,1,89
1105,1075,0,64
1101,969,1,301
1127,923,1,293
1154,920,0,101
1155,1002,1,347
1182,892,1,65
1192,977,0,28
1213,889,0,1
1314,893,0,190
1308,952,1,325
1323,1013,0,220
1331,938,0,131
1373,993,0,287
1381,1039,1,277
1381,1066,1,333
1398,961,0,146
1422,1042,0,349
1431,915,1,9
1459,961,0,14
1478,1040,0,54
1484,977,1,66
1484,915,1,85
1491,947,0,329
1503,952,0,341
1521,1065,0,136
1525,899,0,171
1529,992,0,50
1536,944,1,23
1578,1060,0,276
1600,934,0,341
1627,1001,0,229
1648,1072,0,326
1684,1017,0,101
1708,941,0,41
1779,979,0,193
1780,1027,0,13
1778,908,0,108
1801,1066,0,0
1803,893,1,309
1826,918,0,80
1862,986,0,1
1859,1021,0,322
1856,892,1,342
1881,879,0,157
1882,948,0,178
1888,917,0,3
1923,981,0,203
1935,1026,0,73
1958,889,0,342
1958,954,1,5
1991,950,0,96
1992,1023,0,114
2042,1005,0,55
2048,938,0,198
2054,1068,0,347
2096,1034,0,3
2107,969,0,2
2199,1046,0,10
2222,1004,0,357
2247,896,0,358
2281,950,0,0
2310,915,0,357
2325,1044,0,1
2330,982,0,35
2380,1002,0,26
2458,995,0,352
2472,879,0,357
86,1103,0,233
134,1165,0,345
137,1121,0,284
165,1197,0,16
178,1158,1,63
178,1221,1,289
180,1251,1,275
185,1098,1,302
199,1138,0,322
206,1236,0,347
204,1174,0,325
226,1125,0,302
232,1189,1,42
236,1253,1,294
243,1217,0,16
260,1124,0,294
258,1175,1,278
297,1097,0,62
298,1171,0,327
321,1221,0,218
321,1119,0,240
390,1146,0,237
389,1283,1,3
392,1192,1,287
404,1098,0,154
417,1207,1,57
471,1239,1,60
474,1086,1,325
484,1171,0,297
497,1132,1,5
503,1269,0,103
528,1140,0,77
549,1253,0,328
552,1191,0,76
584,1099,0,133
586,1206,0,94
599,1150,0,165
615,1266,0,340
652,1248,0,344
655,1197,0,89
690,1208,0,91
734,1148,1,19
741,1235,0,40
773,1120,0,2
776,1088,0,344
780,1267,0,255
787,1150,1,6
812,1196,1,346
849,1277,0,95
861,1181,0,317
864,1227,1,38
875,1114,0,14
889,1088,1,359
907,1268,0,307
917,1228,1,311
939,1178,0,10
942,1121,1,6
998,1169,0,187
996,1122,1,331
1017,1230,1,80
1043,1089,0,272
1062,1199,0,165
1090,1150,0,317
1100,1234,0,351
1102,1267,0,353
1169,1205,0,245
1219,1254,0,159
1226,1185,0,228
1238,1106,0,97
1247,1230,0,171
1285,1198,0,34
1292,1127,0,49
1296,1245,0,321
1350,1235,0,141
1353,1283,0,353
1381,1110,0,277
1412,1246,0,76
1427,1166,0,13
1437,1092,0,18
1462,1260,0,143
1472,1107,0,217
1476,1203,0,237
1490,1133,0,227
1533,1174,0,308
1533,1218,1,86
1543,1118,0,117
1552,1227,0,326
1595,1220,0,350
1600,1150,0,37
1618,1239,1,52
1655,1201,0,6
1667,1164,0,19
1671,1236,1,344
1701,1241,0,249
1719,1085,0,87
1734,1241,0,80
1772,1235,0,101
1814,1196,0,53
1820,1132,0,142
1829,1241,0,256
1853,1085,0,268
1867,1195,0,258
1869,1244,0,61
1898,1082,0,44
1901,1124,0,31
1908,1254,0,238
1912,1171,0,191
1952,1283,0,342
1973,1081,0,131
1978,1210,0,353
1990,1153,0,301
1994,1244,0,197
2030,1110,0,282
2054,1171,0,115
2068,1245,0,38
2095,1127,0,46
2129,1235,0,13
2141,1148,0,48
2154,1182,0,38
2165,1253,0,22
2166,1098,0,13
2196,1151,0,21
2213,1187,0,248
2243,1215,0,29
2276,1104,0,2
2270,1179,0,106
2325,1222,0,92
2337,1124,0,285
2332,1198,0,224
2353,1092,0,137
2387,1267,0,208
2400,1105,0,72
873,1809,0,145
255,744,0,357
1491,834,0,23
